idx,ortho,phono,all,replace,delete_insert,pos_l50,pos_m50
1,a,x,7,4,3,6,1
10,abate,xbet,7,6,1,3,4
16,abbey,@bi,10,5,5,9,1
27,abed,xbEd,5,4,1,2,3
30,abet,xbEt,5,4,1,1,4
33,abide,xbYd,5,4,1,3,2
51,aboard,xbord,5,3,2,4,1
97,abut,xb^t,5,4,1,1,4
154,accuse,xkyuz,5,3,2,2,3
157,ace,es,22,12,10,14,8
165,ache,ek,24,12,12,15,9
200,act,@kt,9,4,5,7,2
207,actor,@ktX,5,2,3,4,1
217,ad,@d,25,10,15,15,10
226,adder,@dX,9,6,3,6,3
229,addition,xdIS|n,5,2,3,4,1
232,addle,@dL,8,5,3,5,3
319,adze,@dz,6,4,2,3,3
326,aerie,Eri,19,10,9,16,3
327,aero,Ero,14,10,4,10,4
336,aery,@ri,21,11,10,17,4
381,aft,@ft,10,4,6,9,1
382,after,@ftX,5,2,3,4,1
393,age,eJ,16,10,6,8,8
432,aid,ed,20,12,8,12,8
434,ail,el,32,16,16,24,8
437,aim,em,21,11,10,13,8
438,air,Er,30,13,17,19,11
443,aisle,Yl,23,11,12,19,4
469,alee,xli,9,7,2,6,3
487,alight,xlYt,16,14,2,7,9
488,alike,xlYk,5,4,1,1,4
492,aline,xlYn,8,6,2,3,5
493,alit,xlIt,8,7,1,3,5
501,all,cl,25,12,13,19,6
502,Allah,@lx,8,5,3,1,7
503,allay,xle,12,8,4,9,3
519,alley,@li,22,13,9,16,6
522,allied,xlYd,12,10,2,6,6
528,allot,xlat,10,9,1,5,5
529,allow,xlW,5,4,1,2,3
532,allude,xlud,6,3,3,3,3
535,ally,@lY,9,8,1,4,5
542,aloe,@lo,20,11,9,14,6
545,alone,xlon,7,5,2,5,2
550,aloud,xlWd,5,3,2,2,3
562,altar,cltX,5,1,4,4,1
582,am,@m,19,9,10,12,7
600,amber,@mbX,5,3,2,4,1
609,amble,@mbL,6,3,3,4,2
618,amend,xmEnd,8,5,3,7,1
633,amiss,xmIs,5,4,1,2,3
669,an,@n,22,11,11,14,8
698,anchor,@GkX,7,2,5,4,3
704,and,@nd,12,2,10,8,4
720,angle,@GgL,10,3,7,8,2
745,ankh,@Gk,14,2,12,12,2
780,ant,@nt,12,4,8,8,4
785,ante,@nti,5,1,4,2,3
840,any,Eni,9,4,5,5,4
851,ape,ep,17,10,7,9,8
852,apeak,xpik,5,4,1,2,3
865,apiece,xpis,5,4,1,1,4
890,appeal,xpil,6,5,1,2,4
893,appease,xpiz,5,4,1,1,4
908,apple,@pL,8,5,3,6,2
947,apse,@ps,7,3,4,5,2
948,apt,@pt,8,6,2,6,2
974,arbor,arbX,5,3,2,2,3
979,arc,ark,11,3,8,7,4
982,arch,arC,8,3,5,3,5
1007,ardor,ardX,5,4,1,2,3
1009,are,ar,19,6,13,14,5
1026,aright,xrYt,8,5,3,6,2
1027,arise,xrYz,7,4,3,4,3
1034,arm,arm,9,3,6,3,6
1055,arraign,xren,10,7,3,8,2
1058,arras,@rxs,5,4,1,2,3
1059,array,xre,12,9,3,10,2
1065,arrow,@ro,18,11,7,16,2
1072,art,art,13,4,9,8,5
1095,arty,arti,5,1,4,2,3
1096,arum,@rM,5,3,2,3,2
1098,as,@z,13,9,4,7,6
1101,ascend,xsEnd,6,5,1,5,1
1111,ash,@S,17,6,11,10,7
1116,ashy,@Si,5,3,2,4,1
1118,aside,xsYd,5,4,1,3,2
1121,ask,@sk,8,3,5,5,3
1126,asp,@sp,7,3,4,4,3
1140,ass,@s,21,10,11,11,10
1144,assay,@se,7,4,3,4,3
1156,assign,xsYn,5,4,1,3,2
1172,assure,xSUr,6,4,2,4,2
1203,at,@t,31,12,19,23,8
1206,ate,et,27,14,13,17,10
1221,atom,@tM,5,4,1,3,2
1228,atone,xton,5,4,1,3,2
1239,attain,xten,7,5,2,4,3
1244,attar,@tX,18,6,12,16,2
1286,aught,ct,23,10,13,15,8
1291,auk,ck,16,8,8,11,5
1294,aural,crL,7,3,4,6,1
1352,aver,xvR,5,2,3,1,4
1357,avert,xvRt,5,4,1,3,2
1373,avow,xvW,5,2,3,2,3
1375,await,xwet,6,4,2,4,2
1381,awe,c,20,4,16,15,5
1383,aweigh,xwe,6,3,3,4,2
1390,awn,cn,16,9,7,11,5
1393,awry,xrY,9,6,3,6,3
1394,axe,@ks,9,4,5,6,3
1400,ay,Y,25,4,21,21,4
1401,ayah,Yx,7,4,3,3,4
1406,b,bi,35,24,11,20,15
1408,babe,beb,13,10,3,2,11
1409,Babel,bebL,16,14,2,12,4
1412,baby,bebi,5,4,1,3,2
1418,back,b@k,32,28,4,20,12
1428,bad,b@d,30,27,3,19,11
1429,badge,b@J,13,12,1,2,11
1433,baffle,b@fL,6,5,1,1,5
1434,bag,b@g,28,26,2,17,11
1442,baht,bat,34,31,3,26,8
1443,bail,bel,33,30,3,24,9
1447,bairn,bErn,6,5,1,3,3
1448,bait,bet,33,29,4,23,10
1449,baize,bez,22,19,3,13,9
1450,bake,bek,29,26,3,20,9
1464,balk,bck,19,18,1,15,4
1465,ball,bcl,24,21,3,19,5
1473,ballot,b@l|t,6,5,1,5,1
1476,balm,bam,13,12,1,6,7
1482,ban,b@n,30,25,5,17,13
1486,band,b@nd,19,13,6,14,5
1497,bandy,b@ndi,6,4,2,4,2
1498,bane,ben,32,28,4,23,9
1499,bang,b@G,19,18,1,8,11
1505,bank,b@Gk,15,11,4,12,3
1508,banner,b@nX,10,8,2,4,6
1510,banns,b@nz,5,4,1,1,4
1524,bar,bar,24,17,7,12,12
1525,barb,barb,10,6,4,1,9
1534,barber,barbX,6,4,2,2,4
1539,bard,bard,19,17,2,11,8
1540,bare,bEr,26,21,5,18,8
1542,barge,barJ,9,8,1,3,6
1545,bark,bark,15,11,4,7,8
1549,barn,barn,11,10,1,5,6
1570,barrow,b@ro,10,9,1,7,3
1573,basal,besL,6,5,1,1,5
1576,base,bes,27,20,7,15,12
1578,bash,b@S,24,21,3,14,10
1584,basin,besN,8,7,1,5,3
1586,bask,b@sk,10,7,3,5,5
1588,bass,b@s,23,18,5,10,13
1590,basso,b@so,6,5,1,1,5
1593,bast,b@st,18,15,3,14,4
1595,baste,best,16,14,2,12,4
1598,bat,b@t,40,33,7,25,15
1601,bathe,beD,10,9,1,1,9
1612,batteau,b@to,7,6,1,1,6
1613,batten,b@tN,11,10,1,7,4
1614,batter,b@tX,19,15,4,12,7
1617,battle,b@tL,14,13,1,6,8
1621,bay,be,35,22,13,17,18
1624,bayou,bYu,8,6,2,3,5
1627,beach,biC,18,14,4,11,7
1630,bead,bid,26,21,5,17,9
1631,beadle,bidL,6,5,1,2,4
1632,beagle,bigL,6,5,1,4,2
1633,beak,bik,28,23,5,19,9
1634,beaked,bikt,5,3,2,1,4
1636,beam,bim,16,14,2,9,7
1637,bean,bin,25,23,2,17,8
1638,beanie,bini,6,5,1,5,1
1639,beard,bIrd,6,4,2,3,3
1642,beast,bist,13,11,2,11,2
1643,beat,bit,33,26,7,22,11
1644,beaten,bitN,6,4,2,4,2
1648,beau,bo,32,20,12,15,17
1655,beaux,boz,18,17,1,10,8
1664,bed,bEd,25,21,4,19,6
1676,beef,bif,15,13,2,8,7
1678,been,bIn,27,25,2,19,8
1679,beer,bIr,29,26,3,21,8
1681,beetle,bitL,6,5,1,2,4
1682,beeves,bivz,5,4,1,4,1
1690,beg,bEg,14,13,1,8,6
1708,belch,bElC,6,5,1,1,5
1717,bell,bEl,27,22,5,18,9
1724,bellow,bElo,12,10,2,8,4
1726,belly,bEli,11,10,1,5,6
1728,belt,bElt,17,15,2,10,7
1732,bench,bEnC,7,6,1,4,3
1733,bend,bEnd,18,15,3,15,3
1746,bent,bEnt,17,16,1,12,5
1756,berg,bRg,13,11,2,5,8
1759,berry,bEri,13,10,3,7,6
1761,berth,bRT,16,14,2,9,7
1762,beryl,bErL,10,8,2,3,7
1770,best,bEst,23,20,3,20,3
1774,bet,bEt,32,27,5,23,9
1778,better,bEtX,8,7,1,6,2
1803,bid,bId,25,21,4,15,10
1804,bidden,bIdN,7,6,1,5,2
1805,bide,bYd,23,19,4,17,6
1810,big,bIg,20,19,1,13,7
1813,bight,bYt,28,25,3,23,5
1816,bike,bYk,19,18,1,14,5
1819,bile,bYl,24,21,3,18,6
1820,bilge,bIlJ,8,7,1,1,7
1823,bilk,bIlk,11,9,2,4,7
1824,bill,bIl,35,28,7,22,13
1825,billet,bIl|t,5,4,1,4,1
1831,billow,bIlo,11,9,2,5,6
1832,billy,bIli,13,12,1,6,7
1836,bind,bYnd,12,10,2,11,1
1837,binge,bInJ,5,4,1,3,2
1854,birch,bRC,15,14,1,8,7
1855,bird,bRd,22,18,4,12,10
1856,birdie,bRdi,7,6,1,3,4
1864,bisque,bIsk,5,4,1,4,1
1866,bit,bIt,35,30,5,25,10
1867,bitch,bIC,18,17,1,11,7
1869,bitten,bItN,10,8,2,7,3
1870,bitter,bItX,10,7,3,5,5
1877,blab,bl@b,5,4,1,2,3
1878,black,bl@k,10,7,3,6,4
1886,blade,bled,9,8,1,3,6
1887,blain,blen,9,7,2,5,4
1888,blame,blem,7,6,1,3,4
1891,bland,bl@nd,8,6,2,7,1
1893,blank,bl@Gk,7,4,3,6,1
1895,blare,blEr,7,5,2,4,3
1903,blaze,blez,11,6,5,5,6
1906,bleach,bliC,7,5,2,3,4
1908,bleak,blik,10,7,3,5,5
1909,blear,blIr,7,4,3,4,3
1911,bleat,blit,14,12,2,7,7
1912,bled,blEd,12,9,3,6,6
1913,bleed,blid,9,8,1,3,6
1916,blend,blEnd,7,4,3,5,2
1917,bless,blEs,6,4,2,1,5
1918,blessed,blEst,5,2,3,4,1
1919,blew,blu,12,8,4,8,4
1920,blight,blYt,12,10,2,7,5
1924,blink,blIGk,6,4,2,5,1
1934,bloat,blot,11,8,3,3,8
1936,blob,blab,8,6,2,3,5
1937,bloc,blak,9,7,2,4,5
1942,blood,bl^d,7,6,1,2,5
1945,bloom,blum,11,7,4,8,3
1949,blot,blat,14,11,3,6,8
1950,blotch,blaC,5,4,1,1,4
1953,blow,blo,15,7,8,9,6
1955,blown,blon,8,5,3,4,4
1966,blues,bluz,6,3,3,3,3
1969,bluff,bl^f,5,3,2,3,2
1973,blur,blR,6,3,3,2,4
1975,blurt,blRt,8,7,1,2,6
1976,blush,bl^S,7,6,1,5,2
1979,boar,bor,29,25,4,19,10
1980,board,bord,16,12,4,11,5
1981,boast,bost,17,16,1,14,3
1982,boat,bot,32,27,5,22,10
1986,bob,bab,22,18,4,13,9
1988,bobble,babL,12,11,1,9,3
1989,bobby,babi,11,10,1,5,6
1995,bock,bak,28,25,3,20,8
1996,bode,bod,27,22,5,17,10
2007,boil,bOl,15,12,3,14,1
2009,bold,bold,18,14,4,11,7
2010,bole,bol,33,28,5,21,12
2015,bolo,bolo,9,7,2,5,4
2020,bolt,bolt,14,12,2,8,6
2032,bond,band,13,11,2,10,3
2038,bone,bon,31,26,5,21,10
2048,boo,bu,34,25,9,20,14
2049,booby,bubi,6,5,1,3,3
2051,book,bUk,18,17,1,16,2
2053,boom,bum,18,15,3,12,6
2056,boon,bun,22,21,1,16,6
2058,boost,bust,9,8,1,8,1
2059,boot,but,32,26,6,23,9
2060,booth,buT,12,11,1,6,6
2062,bootie,buti,7,3,4,3,4
2065,booty,buti,7,3,4,3,4
2066,booze,buz,18,13,5,11,7
2071,born,born,14,11,3,10,4
2073,borough,bRo,11,9,2,3,8
2074,borrow,baro,9,8,1,3,6
2083,botch,baC,13,11,2,6,7
2084,both,boT,13,11,2,5,8
2086,bottle,batL,8,7,1,5,3
2090,bough,bW,20,16,4,9,11
2091,bought,bct,25,23,2,21,4
2092,boulder,boldX,5,3,2,3,2
2095,bound,bWnd,14,13,1,13,1
2106,bout,bWt,23,20,3,20,3
2111,bowel,bWL,7,6,1,4,3
2112,bower,bWX,8,7,1,5,3
2114,bowler,bolX,11,9,2,5,6
2118,box,baks,5,3,2,4,1
2119,boy,bO,13,11,2,5,8
2122,brace,bres,13,10,3,5,8
2127,brad,br@d,13,11,2,1,12
2128,brae,bre,19,10,9,8,11
2129,brag,br@g,11,9,2,4,7
2133,braid,bred,18,15,3,5,13
2134,braille,brel,14,11,3,5,9
2135,brain,bren,19,16,3,8,11
2136,braise,brez,18,14,4,7,11
2137,brake,brek,13,10,3,3,10
2139,bran,br@n,13,9,4,2,11
2140,branch,br@nC,5,3,2,3,2
2141,brand,br@nd,8,3,5,4,4
2144,brash,br@S,11,9,2,5,6
2145,brass,br@s,10,8,2,4,6
2147,brat,br@t,11,8,3,2,9
2149,brave,brev,10,8,2,3,7
2153,brawl,brcl,11,10,1,5,6
2158,breach,briC,10,8,2,4,6
2159,bread,brEd,15,12,3,7,8
2167,bream,brIm,10,9,1,4,6
2172,breathe,briD,6,5,1,1,5
2174,breed,brid,16,14,2,5,11
2181,brew,bru,17,11,6,9,8
2184,brick,brIk,13,10,3,4,9
2186,bride,brYd,15,12,3,4,11
2188,bridge,brIJ,6,4,2,2,4
2189,brief,brif,8,6,2,3,5
2190,brig,brIg,10,8,2,4,6
2194,bright,brYt,14,11,3,6,8
2201,bring,brIG,8,5,3,3,5
2202,brink,brIGk,8,5,3,5,3
2203,brio,brio,7,6,1,1,6
2206,brisk,brIsk,7,4,3,4,3
2214,broach,broC,5,4,1,1,4
2215,broad,brcd,13,11,2,2,11
2223,brogue,brog,7,6,1,2,5
2226,broke,brok,9,8,1,2,7
2237,brood,brud,14,12,2,4,10
2238,brook,brUk,6,4,2,3,3
2239,broom,brum,10,7,3,4,6
2240,broth,brcT,8,7,1,3,5
2243,brougham,brom,7,6,1,2,5
2244,brought,brct,10,8,2,3,7
2246,brow,brW,7,4,3,1,6
2247,brown,brWn,10,8,2,3,7
2250,browse,brWz,8,6,2,3,5
2252,bruise,bruz,10,8,2,3,7
2253,bruit,brut,12,8,4,4,8
2256,brunt,br^nt,6,4,2,5,1
2257,brush,br^S,5,4,1,4,1
2265,buck,b^k,29,26,3,16,13
2267,buckle,b^kL,6,5,1,3,3
2272,bud,b^d,23,21,2,12,11
2275,buddy,b^di,6,5,1,4,2
2276,budge,b^J,15,14,1,4,11
2279,buff,b^f,20,18,2,9,11
2284,bug,b^g,26,25,1,15,11
2287,buggy,b^gi,5,4,1,3,2
2289,build,bIld,11,9,2,3,8
2290,built,bIlt,18,15,3,10,8
2296,bulk,b^lk,7,6,1,3,4
2298,bull,bUl,13,12,1,10,3
2299,bullet,bUl|t,5,3,2,4,1
2304,bully,bUli,8,7,1,6,2
2307,bum,b^m,24,23,1,13,11
2309,bump,b^mp,9,8,1,8,1
2312,bun,b^n,30,28,2,18,12
2313,bunch,b^nC,8,6,2,6,2
2316,bung,b^G,19,18,1,8,11
2321,bunk,b^Gk,14,10,4,9,5
2324,bunt,b^nt,12,8,4,8,4
2326,buoy,bui,11,6,5,1,10
2328,bur,bR,22,14,8,8,14
2347,burly,bRli,7,6,1,5,2
2349,burn,bRn,22,18,4,13,9
2350,burned,bRnd,9,7,2,6,3
2353,burnt,bRnt,5,4,1,2,3
2354,burp,bRp,8,7,1,1,7
2358,burst,bRst,15,14,1,12,3
2359,bus,b^s,20,17,3,8,12
2362,bush,bUS,6,5,1,3,3
2369,bust,b^st,17,15,2,13,4
2370,bustle,b^sL,9,8,1,5,4
2373,but,b^t,35,30,5,21,14
2376,butte,byut,5,3,2,4,1
2377,butter,b^tX,13,10,3,9,4
2382,button,b^tN,6,5,1,4,2
2385,buy,bY,29,23,6,17,12
2391,c,si,40,25,15,19,21
2392,cab,k@b,22,19,3,11,11
2397,cabbie,k@bi,12,9,3,5,7
2406,cache,k@S,25,19,6,12,13
2407,cachet,k@Se,5,4,1,1,4
2408,cackle,k@kL,12,11,1,6,6
2411,cad,k@d,30,26,4,18,12
2414,caddy,k@di,12,9,3,3,9
2428,cage,keJ,17,15,2,8,9
2435,cake,kek,26,23,3,17,9
2453,calf,k@f,19,17,2,8,11
2462,calk,kck,17,15,2,12,5
2463,call,kcl,26,23,3,21,5
2464,calla,k@lx,7,4,3,3,4
2470,callous,k@lxs,5,4,1,4,1
2471,callow,k@lo,9,8,1,8,1
2472,callus,k@lxs,5,4,1,4,1
2473,calm,kam,17,15,2,8,9
2483,calve,k@v,17,15,2,5,12
2489,cam,k@m,27,22,5,15,12
2491,camber,k@mbX,5,3,2,4,1
2494,came,kem,24,21,3,15,9
2495,camel,k@mL,8,7,1,1,7
2502,camp,k@mp,12,7,5,9,3
2510,can,k@n,35,27,8,21,14
2520,cancel,k@nsL,9,8,1,6,3
2522,cancer,k@nsX,6,4,2,2,4
2530,candle,k@ndL,11,9,2,6,5
2532,candor,k@ndX,10,8,2,4,6
2533,candy,k@ndi,10,6,4,3,7
2534,cane,ken,33,30,3,24,9
2538,canned,k@nd,16,10,6,8,8
2539,canner,k@nX,11,6,5,3,8
2549,canny,k@ni,14,10,4,2,12
2554,cant,k@nt,18,9,9,7,11
2560,canter,k@ntX,11,9,2,4,7
2563,cantle,k@ntL,9,6,3,2,7
2564,canto,k@nto,5,4,1,1,4
2571,cap,k@p,30,28,2,19,11
2579,cape,kep,26,21,5,15,11
2580,caper,kepX,9,8,1,6,3
2614,car,kar,24,18,6,12,12
2638,card,kard,15,13,2,10,5
2643,care,kEr,23,19,4,18,5
2644,careen,kXin,8,6,2,6,2
2660,carnal,karnL,5,3,2,2,3
2671,carom,k@rM,5,4,1,2,3
2676,carp,karp,8,5,3,2,6
2683,carrier,k@riX,5,4,1,3,2
2685,carry,k@ri,19,15,4,9,10
2686,cart,kart,14,10,4,8,6
2692,carton,kartN,5,3,2,4,1
2701,case,kes,22,19,3,12,10
2709,cask,k@sk,7,5,2,4,3
2716,cast,k@st,13,11,2,8,5
2723,castle,k@sL,15,12,3,7,8
2725,castor,k@stX,6,4,2,5,1
2732,cat,k@t,35,30,5,21,14
2750,catch,k@C,20,19,1,9,11
2756,cater,ketX,6,5,1,5,1
2772,cattle,k@tL,14,12,2,7,7
2773,catty,k@ti,14,13,1,6,8
2779,caught,kct,23,20,3,17,6
2786,cause,kcz,10,7,3,4,6
2797,cave,kev,22,19,3,12,10
2801,cavil,k@vL,9,8,1,2,7
2804,cavy,kevi,5,4,1,3,2
2805,caw,kc,23,16,7,11,12
2806,cay,ki,29,23,6,19,10
2808,cease,sis,18,16,2,6,12
2810,cedar,sidX,6,5,1,3,3
2811,cede,sid,27,22,5,15,12
2822,cell,sEl,26,19,7,19,7
2823,cellar,sElX,10,6,4,3,7
2831,celt,sElt,18,14,4,12,6
2843,censure,sEnCX,5,4,1,2,3
2845,cent,sEnt,22,16,6,13,9
2851,center,sEntX,9,5,4,5,4
2894,chafe,Cef,7,6,1,4,3
2896,chaff,C@f,9,8,1,6,3
2900,chain,Cen,19,18,1,16,3
2901,chair,CEr,20,18,2,17,3
2909,challis,S@li,13,10,3,8,5
2914,chamois,S@mi,5,4,1,2,3
2916,champ,C@mp,9,8,1,8,1
2919,chance,C@ns,9,7,2,4,5
2920,chancel,C@nsL,6,3,3,2,4
2929,channel,C@nL,6,5,1,1,5
2932,chant,C@nt,8,6,2,5,3
2938,chap,C@p,20,17,3,15,5
2940,chapel,C@pL,6,4,2,2,4
2946,chaps,C@ps,7,5,2,4,3
2948,char,Car,19,14,5,12,7
2957,chard,Card,13,12,1,9,4
2958,charge,CarJ,8,6,2,3,5
2966,charm,Carm,7,5,2,3,4
2968,chart,Cart,12,9,3,7,5
2969,charter,CartX,6,5,1,4,2
2972,chary,C@ri,12,11,1,10,2
2973,chase,Ces,17,13,4,12,5
2974,chaser,CesX,5,4,1,1,4
2977,chaste,Cest,9,8,1,6,3
2978,chasten,CesN,6,5,1,3,3
2982,chat,C@t,22,17,5,16,6
2985,chattel,C@tL,9,8,1,4,5
2986,chatter,C@tX,13,10,3,9,4
2988,chatty,C@ti,9,8,1,4,5
2996,cheat,Cit,17,16,1,13,4
2997,check,CEk,15,14,1,12,3
3005,cheek,Cik,21,19,2,16,5
3007,cheer,CIr,27,25,2,20,7
3009,cheery,CIri,8,6,2,7,1
3010,cheese,Ciz,13,12,1,9,4
3011,chef,SEf,8,6,2,4,4
3022,cherry,CEri,10,8,2,9,1
3026,chess,CEs,11,9,2,8,3
3027,chest,CEst,13,12,1,12,1
3033,chew,Cu,20,19,1,18,2
3037,chic,Sik,24,21,3,17,7
3039,chick,CIk,23,22,1,16,7
3044,chid,CId,16,14,2,9,7
3045,chidden,CIdN,5,4,1,4,1
3046,chide,CYd,12,11,1,9,3
3061,chill,CIl,22,21,1,16,6
3065,chimp,CImp,6,4,2,5,1
3067,chin,CIn,21,20,1,15,6
3071,chink,CIGk,12,10,2,11,1
3074,chip,CIp,24,22,2,16,8
3076,chipper,CIpX,6,5,1,4,2
3083,chit,CIt,22,21,1,16,6
3100,choke,Cok,17,16,1,15,2
3101,choler,kalX,13,8,5,4,9
3106,choose,Cuz,10,7,3,8,2
3108,chop,Cap,18,16,2,13,5
3110,chops,Caps,5,4,1,3,2
3112,choral,korL,12,7,5,4,8
3113,chord,kord,19,15,4,10,9
3114,chore,Cor,21,20,1,19,2
3120,chose,Coz,12,11,1,9,3
3133,chrome,krom,11,7,4,3,8
3147,chub,C^b,12,11,1,8,4
3149,chuck,C^k,20,17,3,14,6
3150,chuckle,C^kL,5,4,1,3,2
3153,chum,C^m,16,14,2,11,5
3154,chummy,C^mi,7,6,1,4,3
3155,chump,C^mp,12,11,1,10,2
3156,chunk,C^Gk,10,9,1,9,1
3158,churl,CRl,11,10,1,7,4
3159,churn,CRn,13,12,1,9,4
3160,chute,Sut,17,16,1,16,1
3166,cider,sYdX,8,5,3,5,3
3169,cinch,sInC,8,6,2,5,3
3210,cite,sYt,28,24,4,22,6
3216,city,sIti,7,6,1,5,2
3219,civil,sIvL,7,4,3,3,4
3224,clack,kl@k,23,20,3,9,14
3225,clad,kl@d,13,11,2,4,9
3226,claim,klem,8,4,4,5,3
3229,clam,kl@m,16,11,5,4,12
3232,clamor,kl@mX,8,6,2,1,7
3233,clamp,kl@mp,9,5,4,4,5
3234,clan,kl@n,12,11,1,3,9
3236,clang,kl@G,12,10,2,1,11
3238,clank,kl@Gk,9,6,3,6,3
3239,clap,kl@p,16,11,5,4,12
3249,clash,kl@S,14,12,2,6,8
3251,class,kl@s,12,10,2,3,9
3258,clatter,kl@tX,6,5,1,3,3
3264,claw,klc,9,5,4,3,6
3265,clay,kle,10,7,3,6,4
3266,clean,klin,11,8,3,6,5
3269,clear,klIr,9,8,1,5,4
3273,cleat,klit,11,10,1,6,5
3275,cleave,kliv,6,5,1,2,4
3284,clerk,klRk,8,7,1,2,6
3286,clew,klu,12,9,3,9,3
3288,click,klIk,19,14,5,8,11
3296,climb,klYm,5,4,1,3,2
3298,cling,klIG,14,8,6,7,7
3301,clink,klIGk,8,3,5,5,3
3303,clip,klIp,11,9,2,5,6
3305,clique,klik,13,12,1,4,9
3306,cloak,klok,13,12,1,2,11
3308,clock,klak,15,13,2,5,10
3309,clod,klad,9,8,1,3,6
3310,clog,klag,6,5,1,2,4
3313,clop,klap,12,10,2,6,6
3318,clot,klat,12,10,2,6,6
3320,clothe,kloD,6,5,1,1,5
3325,cloud,klWd,7,6,1,3,4
3326,clout,klWt,7,6,1,3,4
3327,clove,klov,8,6,2,1,7
3331,cloy,klO,6,5,1,3,3
3333,cluck,kl^k,11,10,1,2,9
3336,clung,kl^G,8,7,1,3,5
3337,cluster,kl^stX,5,3,2,4,1
3343,coal,kol,35,32,3,23,12
3348,coarse,kors,16,12,4,5,11
3350,coast,kost,12,11,1,9,3
3352,coat,kot,31,26,5,19,12
3354,coax,koks,6,5,1,1,5
3356,cob,kab,22,21,1,13,9
3358,cobble,kabL,8,7,1,5,3
3367,cock,kak,30,24,6,18,12
3375,cockle,kakL,6,5,1,1,5
3377,cocky,kaki,11,9,2,5,6
3381,cod,kad,27,22,5,17,10
3382,coda,kodx,5,4,1,1,4
3383,coddle,kadL,10,9,1,7,3
3384,code,kod,28,23,5,16,12
3388,codger,kaJX,6,5,1,2,4
3405,cog,kag,12,11,1,4,8
3420,coif,kOf,6,5,1,3,3
3423,coil,kOl,18,16,2,15,3
3424,coin,kOn,14,13,1,11,3
3429,coke,kok,29,22,7,16,13
3430,cola,kolx,9,7,2,3,6
3432,cold,kold,15,11,4,10,5
3434,colic,kalIk,6,5,1,5,1
3452,collie,kali,12,10,2,6,6
3471,color,k^lX,8,4,4,2,6
3479,colt,kolt,16,13,3,9,7
3484,coma,komx,6,5,1,1,5
3485,comb,kom,24,20,4,13,11
3495,come,k^m,22,20,2,16,6
3511,comma,kamx,8,3,5,4,4
3613,con,kan,22,21,1,14,8
3677,cone,kon,35,30,5,24,11
3679,coney,koni,7,4,3,4,3
3913,coo,ku,31,24,7,19,12
3914,cook,kUk,15,13,2,13,2
3916,cooky,kUki,5,3,2,3,2
3917,cool,kul,22,18,4,17,5
3919,coolie,kuli,5,4,1,3,2
3920,coon,kun,23,21,2,19,4
3921,coop,kup,20,15,5,14,6
3922,cooper,kupX,6,5,1,3,3
3926,coot,kut,24,21,3,19,5
3927,cootie,kuti,7,6,1,5,2
3928,cop,kap,30,24,6,18,12
3930,cope,kop,25,23,2,16,9
3934,copper,kapX,9,8,1,3,6
3939,copse,kaps,6,4,2,2,4
3943,copy,kapi,8,7,1,3,5
3947,coral,kcrL,9,7,2,7,2
3958,core,kor,36,26,10,20,16
3960,cork,kork,11,9,2,4,7
3962,corn,korn,20,14,6,11,9
4023,cost,kcst,5,3,2,4,1
4027,cot,kat,35,30,5,24,11
4032,cottar,katX,9,7,2,4,5
4033,cotton,katN,7,5,2,5,2
4036,couch,kWC,9,7,2,6,3
4039,cough,kcf,11,7,4,4,7
4042,count,kWnt,7,4,3,5,2
4072,court,kort,17,14,3,8,9
4081,cove,kov,18,17,1,9,9
4089,cow,kW,19,15,4,10,9
4092,cower,kWX,9,7,2,5,4
4094,cowl,kWl,18,15,3,15,3
4101,coy,kO,14,10,4,5,9
4105,crab,kr@b,10,8,2,3,7
4108,crack,kr@k,18,14,4,5,13
4116,crag,kr@g,8,7,1,3,5
4117,cram,kr@m,16,13,3,6,10
4118,cramp,kr@mp,6,3,3,5,1
4120,crane,kren,15,12,3,7,8
4122,crank,kr@Gk,8,5,3,6,2
4125,crape,krep,12,9,3,5,7
4128,crash,kr@S,13,11,2,6,7
4129,crass,kr@s,13,11,2,4,9
4130,crate,kret,16,13,3,9,7
4131,crater,kretX,5,2,3,4,1
4133,crave,krev,8,6,2,4,4
4137,crawl,krcl,9,7,2,6,3
4140,craze,krez,11,9,2,5,6
4142,creak,krik,15,14,1,5,10
4143,cream,krim,12,10,2,3,9
4160,creed,krid,11,9,2,3,8
4161,creel,kril,10,7,3,2,8
4162,creep,krip,11,8,3,2,9
4175,cress,krEs,9,8,1,4,5
4176,crest,krEst,9,6,3,6,3
4182,crew,kru,19,10,9,11,8
4185,crick,krIk,13,11,2,7,6
4187,crier,krYX,7,6,1,5,2
4188,crime,krYm,10,8,2,4,6
4193,crimp,krImp,5,4,1,4,1
4208,croak,krok,12,9,3,3,9
4210,crock,krak,11,9,2,4,7
4213,crone,kron,14,9,5,6,8
4215,crook,krUk,8,6,2,3,5
4217,croon,krun,11,8,3,3,8
4218,crop,krap,9,8,1,4,5
4223,cross,krcs,5,4,1,1,4
4229,crouch,krWC,7,6,1,2,5
4230,croup,krup,12,10,2,4,8
4233,crow,kro,14,10,4,9,5
4244,crude,krud,11,9,2,4,7
4246,cruel,krul,11,8,3,4,7
4248,cruise,kruz,8,6,2,1,7
4251,crumb,kr^m,11,9,2,5,6
4257,crush,kr^S,7,6,1,3,4
4260,crutch,kr^C,6,5,1,1,5
4263,cry,krY,10,7,3,6,4
4270,cub,k^b,18,17,1,12,6
4278,cud,k^d,18,16,2,11,7
4279,cuddle,k^dL,10,9,1,7,3
4281,cue,kyu,12,7,5,9,3
4285,cull,k^l,24,21,3,16,8
4290,cult,k^lt,7,4,3,4,3
4303,cup,k^p,18,15,3,10,8
4309,cur,kR,21,13,8,8,13
4313,curb,kRb,12,11,1,5,7
4314,curd,kRd,19,17,2,11,8
4315,curdle,kRdL,8,7,1,5,3
4323,curl,kRl,23,20,3,15,8
4329,curry,kRi,14,10,4,5,9
4330,curse,kRs,16,14,2,9,7
4333,curt,kRt,26,21,5,17,9
4335,curtain,kRtN,5,4,1,3,2
4338,curve,kRv,13,12,1,6,7
4351,cut,k^t,25,23,2,17,8
4354,cute,kyut,6,3,3,4,2
4359,cutter,k^tX,12,9,3,9,3
4383,cyst,sIst,10,7,3,6,4
4387,d,di,29,22,7,19,10
4388,dab,d@b,14,12,2,10,4
4389,dabble,d@bL,8,7,1,5,3
4390,dace,des,20,17,3,13,7
4395,dad,d@d,21,18,3,16,5
4396,daddy,d@di,7,5,2,4,3
4403,daily,deli,9,8,1,7,2
4406,dairy,dEri,11,9,2,10,1
4408,daisy,dezi,6,5,1,4,2
4409,dale,del,30,27,3,23,7
4410,dally,d@li,14,13,1,13,1
4412,dam,d@m,22,18,4,17,5
4416,dame,dem,23,21,2,17,6
4420,damp,d@mp,9,8,1,7,2
4430,dandy,d@ndi,6,5,1,3,3
4431,Dane,den,29,27,2,23,6
4438,dapple,d@pL,5,4,1,2,3
4439,dare,dEr,26,24,2,17,9
4441,dark,dark,10,8,2,7,3
4447,darn,darn,7,5,2,3,4
4449,dart,dart,10,8,2,7,3
4450,dash,d@S,15,14,1,12,3
4453,date,det,24,20,4,16,8
4459,daunt,dcnt,10,9,1,9,1
4465,dawn,dcn,19,16,3,16,3
4466,day,de,27,20,7,15,12
4468,daze,dez,19,17,2,12,7
4473,dead,dEd,24,22,2,15,9
4478,deaf,dEf,13,11,2,4,9
4480,deal,dil,29,24,5,22,7
4481,dealer,dilX,5,4,1,3,2
4483,dealt,dElt,17,12,5,10,7
4484,dean,din,24,23,1,19,5
4485,dear,dIr,29,27,2,21,8
4486,dearth,dRT,10,9,1,7,3
4487,death,dET,10,9,1,1,9
4489,deb,dEb,14,13,1,6,8
4500,debt,dEt,28,24,4,17,11
4528,deck,dEk,20,19,1,11,9
4564,deed,did,18,17,1,13,5
4565,deem,dim,18,16,2,13,5
4566,deep,dip,18,17,1,13,5
4592,deft,dEft,10,7,3,5,5
4611,dele,dili,10,8,2,8,2
4629,dell,dEl,29,25,4,19,10
4675,den,dEn,33,29,4,22,11
4687,dense,dEns,11,10,1,8,3
4689,dent,dEnt,19,16,3,12,7
4690,dental,dEntL,5,4,1,4,1
4808,deuce,dus,20,17,3,11,9
4821,devise,dxvYz,5,4,1,1,4
4831,dew,du,34,23,11,19,15
4836,dhow,dW,20,14,6,9,11
4846,dial,dYl,26,24,2,18,8
4860,diary,dYri,6,4,2,5,1
4865,dice,dYs,19,16,3,11,8
4868,dicky,dIki,6,5,1,1,5
4878,did,dId,21,20,1,13,8
4881,die,dY,31,21,10,17,14
4883,dies,dYz,16,15,1,8,8
4901,dike,dYk,19,18,1,11,8
4910,dill,dIl,31,29,2,23,8
4913,dim,dIm,21,20,1,12,9
4914,dime,dYm,20,19,1,12,8
4920,dimmer,dImX,8,7,1,2,6
4922,din,dIn,32,28,4,21,11
4924,dine,dYn,30,28,2,21,9
4925,diner,dYnX,7,6,1,5,2
4931,dinky,dIGki,5,2,3,3,2
4932,dinner,dInX,13,10,3,4,9
4934,dint,dInt,11,9,2,7,4
4937,dip,dIp,25,23,2,16,9
4944,dipper,dIpX,12,11,1,6,6
4947,dire,dYr,22,19,3,13,9
4950,dirge,dRJ,10,9,1,7,3
4953,dirk,dRk,16,15,1,13,3
5081,distich,dIstIk,5,3,2,4,1
5097,ditch,dIC,16,15,1,8,8
5107,dive,dYv,17,14,3,9,8
5131,dock,dak,22,21,1,16,6
5145,doe,do,29,18,11,14,15
5146,does,d^z,16,15,1,6,10
5149,doge,doJ,11,10,1,2,9
5159,dole,dol,33,29,4,22,11
5160,doll,dal,16,14,2,9,7
5161,dollar,dalX,7,6,1,4,3
5163,dolly,dali,13,12,1,11,2
5165,dolor,dolX,11,9,2,7,4
5167,dolt,dolt,10,8,2,7,3
5169,dome,dom,25,22,3,15,10
5180,don,dan,19,18,1,13,6
5184,done,d^n,30,29,1,20,10
5187,donor,donX,5,4,1,3,2
5189,doodle,dudL,7,5,2,4,3
5190,doom,dum,24,22,2,14,10
5192,door,doX,13,10,3,2,11
5193,dope,dop,20,18,2,11,9
5194,dorm,dorm,5,4,1,3,2
5201,dose,dos,12,11,1,3,9
5203,dot,dat,26,24,2,19,7
5205,dote,dot,25,22,3,15,10
5206,dottle,datL,5,4,1,3,2
5207,double,d^bL,7,5,2,5,2
5212,doubt,dWt,20,17,3,13,7
5213,douche,duS,11,10,1,2,9
5214,doughty,dWti,6,5,1,2,4
5215,dour,dWr,13,10,3,6,7
5216,dove,dov,16,14,2,7,9
5220,dowel,dWL,11,10,1,5,6
5221,dower,dWX,12,11,1,6,6
5222,down,dWn,20,17,3,13,7
5229,dowry,dWri,8,7,1,4,4
5230,dowse,dWz,12,10,2,6,6
5232,doze,doz,20,19,1,11,9
5234,drab,dr@b,6,5,1,3,3
5236,draft,dr@ft,7,3,4,5,2
5239,drag,dr@g,7,6,1,3,4
5243,drain,dren,13,10,3,7,6
5244,drake,drek,5,3,2,2,3
5245,dram,dr@m,10,7,3,6,4
5252,drape,drep,10,7,3,3,7
5256,draw,drc,6,3,3,1,5
5257,drawer,dror,6,5,1,1,5
5258,drawl,drcl,9,8,1,4,5
5259,drawn,drcn,8,6,2,3,5
5261,dray,dre,14,9,5,7,7
5262,dread,drEd,8,6,2,6,2
5263,dream,drim,7,3,4,3,4
5268,drear,drIr,7,4,3,3,4
5273,dress,drEs,9,6,3,5,4
5276,drew,dru,13,9,4,7,6
5280,drill,drIl,12,10,2,7,5
5282,drip,drIp,9,7,2,4,5
5283,drive,drYv,9,5,4,5,4
5290,drogue,drog,8,7,1,2,6
5291,droll,drol,11,8,3,3,8
5294,drone,dron,12,11,1,5,7
5295,drool,drul,8,6,2,3,5
5296,droop,drup,9,7,2,4,5
5302,drove,drov,11,8,3,5,6
5304,drown,drWn,9,8,1,4,5
5305,drowse,drWz,7,4,3,4,3
5307,drub,dr^b,8,6,2,4,4
5309,drug,dr^g,8,6,2,3,5
5311,drum,dr^m,10,8,2,5,5
5315,dry,drY,12,8,4,6,6
5317,dryer,drYX,7,5,2,4,3
5318,dual,duL,14,11,3,3,11
5320,dub,d^b,22,20,2,12,10
5327,duck,d^k,25,22,3,13,12
5332,dude,dud,20,18,2,10,10
5337,dug,d^g,22,21,1,13,9
5339,duke,duk,16,14,2,6,10
5342,dull,d^l,23,22,1,13,10
5344,dully,d^li,11,10,1,8,3
5347,dumb,d^m,29,26,3,18,11
5352,dummy,d^mi,9,7,2,4,5
5353,dump,d^mp,13,10,3,9,4
5358,dune,dun,27,26,1,18,9
5359,dung,d^G,17,16,1,7,10
5363,dunk,d^Gk,13,10,3,10,3
5366,dupe,dup,18,16,2,9,9
5378,dusk,d^sk,9,8,1,6,3
5381,dutch,d^C,15,14,1,5,10
5388,dwell,dwEl,6,2,4,4,2
5401,e,i,28,4,24,22,6
5402,each,iC,14,8,6,8,6
5403,eager,igX,7,6,1,5,2
5404,eagle,igL,8,5,3,6,2
5406,ear,Ir,31,12,19,22,9
5407,earl,Rl,19,12,7,14,5
5409,early,Rli,10,6,4,9,1
5411,earn,Rn,15,9,6,11,4
5416,earth,RT,12,5,7,7,5
5420,ease,iz,19,8,11,10,9
5421,easel,izL,6,3,3,4,2
5422,east,ist,8,2,6,7,1
5423,Easter,istX,6,4,2,4,2
5427,eat,it,24,11,13,17,7
5429,eaves,ivz,7,1,6,4,3
5430,ebb,Eb,11,8,3,3,8
5461,edge,EJ,15,10,5,7,8
5475,eel,il,28,13,15,22,6
5476,eery,Iri,14,8,6,12,2
5494,eider,YdX,6,4,2,4,2
5504,eke,ik,20,9,11,14,6
5508,elate,xlet,11,9,2,5,6
5543,elf,Elf,8,3,5,4,4
5550,elite,xlit,13,10,3,7,6
5553,elk,Elk,5,4,1,1,4
5554,ell,El,31,16,15,19,12
5557,elm,Elm,7,3,4,3,4
5562,else,Els,6,4,2,2,4
5615,emit,ImIt,6,4,2,3,3
5661,end,End,13,3,10,10,3
5825,error,ErX,5,3,2,2,3
5871,etch,EC,15,11,4,7,8
5918,eve,iv,15,6,9,7,8
5923,event,xvEnt,5,4,1,4,1
5936,evil,ivL,6,4,2,4,2
5944,ewe,yu,30,20,10,24,6
5945,ewer,yuX,6,4,2,1,5
6139,eyrie,Yri,13,9,4,11,2
6141,f,Ef,15,11,4,7,8
6143,fable,febL,11,10,1,9,2
6149,face,fes,21,18,3,12,9
6158,fact,f@kt,6,3,3,3,3
6165,fad,f@d,19,18,1,15,4
6166,fade,fed,22,19,3,12,10
6167,faery,fEri,14,11,3,10,4
6168,fag,f@g,18,17,1,14,4
6172,fail,fel,37,33,4,28,9
6173,faille,fYl,27,25,2,21,6
6175,fain,fen,31,29,2,21,10
6176,faint,fent,7,5,2,5,2
6177,fair,fEr,28,22,6,20,8
6178,fairy,f@ri,14,11,3,11,3
6179,faith,feT,11,10,1,2,9
6180,fake,fek,22,19,3,13,9
6184,fall,fcl,26,23,3,21,5
6190,fallow,f@lo,12,10,2,11,1
6198,falter,fcltX,7,5,2,6,1
6199,fame,fem,24,19,5,14,10
6209,fan,f@n,21,20,1,17,4
6220,far,far,18,14,4,14,4
6222,farce,fars,6,5,1,3,3
6226,farm,farm,6,4,2,4,2
6232,farrow,f@ro,10,8,2,8,2
6246,fast,f@st,15,13,2,10,5
6252,fat,f@t,28,22,6,20,8
6253,fatal,fetL,7,5,2,3,4
6257,fate,fet,29,24,5,18,11
6260,father,faDX,6,5,1,5,1
6263,fatten,f@tN,8,6,2,5,3
6264,fatty,f@ti,7,6,1,4,3
6269,fault,fclt,10,6,4,5,5
6270,faun,fcn,18,16,2,14,4
6274,fay,fe,30,19,11,15,15
6275,faze,fez,23,21,2,14,9
6277,fear,fIr,31,27,4,23,8
6281,feast,fist,10,8,2,8,2
6282,feat,fit,24,19,5,17,7
6285,feaze,fiz,18,15,3,13,5
6294,fed,fEd,20,18,2,14,6
6300,fee,fi,31,21,10,19,12
6303,feed,fid,19,16,3,12,7
6305,feel,fil,30,27,3,24,6
6309,fell,fEl,30,25,5,21,9
6312,felloe,fElo,14,12,2,9,5
6315,felly,fEli,12,10,2,7,5
6319,felt,fElt,13,12,1,9,4
6326,fen,fEn,29,25,4,21,8
6327,fence,fEns,10,8,2,7,3
6328,fend,fEnd,20,15,5,16,4
6331,fennel,fEnL,8,7,1,3,5
6335,fern,fRn,21,19,2,14,7
6340,ferrule,fErL,8,6,2,3,5
6347,fester,fEstX,6,4,2,5,1
6351,fetch,fEC,9,8,1,4,5
6355,fetter,fEtX,6,5,1,4,2
6356,fettle,fEtL,11,10,1,8,3
6358,feud,fyud,7,4,3,1,6
6363,few,fyu,12,6,6,7,5
6373,fickle,fIkL,8,7,1,4,4
6381,fie,fY,29,20,9,17,12
6382,fief,fif,12,11,1,7,5
6383,field,fild,9,6,3,6,3
6385,fiend,find,7,6,1,5,2
6386,fierce,fIrs,6,5,1,3,3
6387,fiery,fYri,6,3,3,5,1
6389,fife,fYf,11,10,1,5,6
6394,fight,fYt,24,21,3,18,6
6403,filet,fIle,8,6,2,1,7
6409,fill,fIl,40,31,9,26,14
6410,filler,fIlX,11,9,2,2,9
6413,filly,fIli,18,15,3,8,10
6415,fils,fIls,10,9,1,1,9
6417,filth,fIlT,9,8,1,1,8
6420,fin,fIn,30,26,4,20,10
6422,final,fYnL,6,4,2,3,3
6430,finch,fInC,10,7,3,6,4
6431,find,fYnd,12,11,1,10,2
6433,fine,fYn,28,25,3,20,8
6441,finis,fIni,8,7,1,5,3
6444,finny,fIni,8,7,1,5,3
6445,fir,fR,18,11,7,7,11
6446,fire,fYr,22,18,4,15,7
6449,firm,fRm,13,11,2,6,7
6454,firth,fRT,14,12,2,7,7
6456,fish,fIS,13,9,4,4,9
6462,fist,fIst,11,9,2,9,2
6465,fit,fIt,28,25,3,20,8
6466,five,fYv,12,11,1,6,6
6467,fix,fIks,10,8,2,6,4
6475,fizz,fIz,16,13,3,8,8
6476,fizzle,fIzL,6,4,2,3,3
6482,flag,fl@g,8,6,2,3,5
6490,flail,flel,5,3,2,2,3
6491,flair,flEr,10,8,2,4,6
6492,flak,fl@k,17,13,4,5,12
6493,flake,flek,11,8,3,3,8
6496,flame,flem,11,7,4,6,5
6502,flank,fl@Gk,8,6,2,6,2
6505,flap,fl@p,10,9,1,4,6
6507,flash,fl@S,10,9,1,4,6
6509,flat,fl@t,15,13,2,3,12
6518,flaw,flc,9,7,2,3,6
6519,flax,fl@ks,5,3,2,4,1
6520,flay,fle,16,10,6,7,9
6521,flea,fli,22,12,10,13,9
6522,fleck,flEk,11,9,2,1,10
6523,fled,flEd,10,8,2,5,5
6526,fleer,flIr,11,9,2,4,7
6527,fleet,flit,16,13,3,7,9
6530,flew,flu,14,10,4,6,8
6536,flick,flIk,14,12,2,3,11
6537,flicker,flIkX,5,3,2,2,3
6538,flier,flYX,6,4,2,2,4
6539,flight,flYt,16,13,3,7,9
6542,flinch,flInC,5,2,3,3,2
6543,fling,flIG,12,9,3,6,6
6544,flint,flInt,5,3,2,3,2
6546,flip,flIp,11,9,2,3,8
6551,flit,flIt,17,14,3,4,13
6553,flivver,flIvX,5,4,1,3,2
6554,float,flot,13,11,2,3,10
6555,flock,flak,12,10,2,4,8
6556,floe,flo,20,11,9,12,8
6559,floor,floX,6,4,2,1,5
6562,flop,flap,9,7,2,5,4
6573,flour,flWr,5,4,1,1,4
6575,flout,flWt,12,10,2,3,9
6577,flown,flon,7,4,3,4,3
6581,fluff,fl^f,5,4,1,2,3
6585,flume,flum,11,9,2,6,5
6586,flung,fl^G,8,6,2,3,5
6587,flunk,fl^Gk,6,3,3,4,2
6595,flush,fl^S,9,8,1,4,5
6597,flute,flut,12,10,2,2,10
6601,fly,flY,13,9,4,5,8
6605,foal,fol,30,28,2,24,6
6606,foam,fom,16,13,3,10,6
6611,foe,fo,26,17,9,15,11
6612,fog,fcg,10,9,1,7,3
6616,fold,fold,12,10,2,10,2
6620,folk,fok,16,13,3,10,6
6624,follow,falo,7,6,1,6,1
6625,folly,fali,11,10,1,10,1
6628,fond,fand,12,9,3,9,3
6633,food,fud,11,10,1,10,1
6635,fool,ful,18,17,1,17,1
6639,foot,fUt,10,9,1,9,1
6643,fop,fap,12,11,1,10,2
6644,for,for,33,23,10,20,13
6650,force,fors,16,14,2,7,9
6653,ford,ford,19,16,3,10,9
6690,forge,forJ,9,8,1,1,8
6695,fork,fork,13,10,3,3,10
6699,form,form,15,11,4,4,11
6718,fort,fort,16,13,3,6,10
6719,forth,forT,9,8,1,1,8
6736,fought,fct,20,17,3,16,4
6737,foul,fWl,17,14,3,16,1
6739,foully,fWli,6,4,2,5,1
6741,found,fWnd,14,13,1,12,2
6746,fount,fWnt,6,5,1,4,2
6749,fox,faks,8,5,3,6,2
6759,frail,frel,11,8,3,6,5
6761,frame,frem,7,5,2,2,5
6777,fraught,frct,11,8,3,3,8
6778,fray,fre,18,10,8,10,8
6780,freak,frik,7,5,2,4,3
6782,free,fri,17,11,6,11,6
6790,freeze,friz,7,5,2,2,5
6791,freight,fret,17,14,3,9,8
6802,friar,frYX,7,6,1,5,2
6807,friend,frEnd,5,3,2,4,1
6809,fright,frYt,13,9,4,7,6
6812,frill,frIl,9,7,2,7,2
6820,frizz,frIz,6,4,2,1,5
6822,fro,fro,17,12,5,12,5
6826,from,fr^m,5,4,1,4,1
6828,front,fr^nt,5,2,3,4,1
6836,froth,frcT,6,5,1,3,3
6841,froze,froz,7,4,3,2,5
6846,fruit,frut,7,6,1,3,4
6850,fry,frY,13,9,4,7,6
6855,fuel,fyul,9,6,3,4,5
6860,full,fUl,15,14,1,13,2
6861,fully,fUli,9,7,2,8,1
6866,fume,fyum,6,5,1,1,5
6870,fun,f^n,25,22,3,19,6
6873,fund,f^nd,8,7,1,5,3
6884,funnel,f^nL,9,8,1,5,4
6885,funny,f^ni,11,10,1,8,3
6889,furl,fRl,24,21,3,16,8
6891,furlough,fRlo,6,3,3,4,2
6898,furrow,fRo,13,10,3,4,9
6899,furry,fRi,16,12,4,7,9
6904,furze,fRz,13,12,1,6,7
6905,fuse,fyuz,7,5,2,2,5
6910,fuss,f^s,9,8,1,6,3
6919,g,Ji,24,21,3,18,6
6920,gab,g@b,17,14,3,8,9
6922,gabble,g@bL,9,7,2,5,4
6923,gabby,g@bi,7,5,2,4,3
6926,gad,g@d,25,23,2,18,7
6933,Gael,gel,34,29,5,24,10
6935,gaff,g@f,14,12,2,6,8
6936,gaffer,g@fX,5,4,1,2,3
6938,gage,geJ,15,13,2,7,8
6940,gaily,geli,8,6,2,5,3
6941,gain,gen,25,23,2,17,8
6943,gait,get,28,24,4,19,9
6944,gaiter,getX,5,4,1,4,1
6949,gall,gcl,24,23,1,18,6
6955,galley,g@li,13,10,3,11,2
6971,game,gem,20,17,3,11,9
6977,gammer,g@mX,6,4,2,4,2
6993,gaol,Jel,22,19,3,18,4
6994,gap,g@p,20,19,1,12,8
6995,gape,gep,18,14,4,10,8
7018,gas,g@s,19,15,4,11,8
7019,gash,g@S,19,18,1,12,7
7023,gasp,g@sp,6,2,4,4,2
7031,gauche,goS,7,6,1,2,5
7035,gaunt,gcnt,10,8,2,7,3
7037,gave,gev,18,16,2,10,8
7040,gawk,gck,14,12,2,7,7
7042,gay,ge,27,18,9,15,12
7043,gaze,gez,20,17,3,12,8
7048,gear,gIr,21,20,1,18,3
7055,gem,JEm,9,8,1,6,3
7063,gene,Jin,17,14,3,13,4
7085,genie,Jini,7,6,1,5,2
7092,gent,JEnt,17,14,3,12,5
7098,gentle,JEntL,7,5,2,4,3
7117,german,JRmxn,5,4,1,4,1
7134,get,gEt,21,19,2,18,3
7138,geyser,gYzX,5,4,1,4,1
7141,ghat,gct,23,21,2,16,7
7144,ghost,gost,10,9,1,9,1
7145,ghoul,gul,17,15,2,14,3
7156,gig,gIg,12,11,1,8,4
7158,giggle,gIgL,6,5,1,5,1
7160,gild,gIld,6,4,2,3,3
7161,gill,gIl,28,24,4,23,5
7162,gilt,gIlt,11,10,1,8,3
7167,gin,JIn,20,19,1,15,5
7171,gird,gRd,17,14,3,11,6
7173,girdle,gRdL,6,5,1,2,4
7174,girl,gRl,16,15,1,13,3
7176,girth,gRT,10,9,1,7,3
7186,glad,gl@d,9,5,4,4,5
7188,glade,gled,6,5,1,3,3
7196,gland,gl@nd,5,3,2,3,2
7200,glass,gl@s,7,4,3,4,3
7201,glaze,glez,6,4,2,4,2
7203,gleam,glim,6,4,2,1,5
7204,glean,glin,7,5,2,3,4
7205,glebe,glib,8,7,1,2,6
7206,glee,gli,15,7,8,10,5
7210,glide,glYd,5,4,1,3,2
7218,gloat,glot,8,6,2,4,4
7219,glob,glab,6,4,2,3,3
7221,globe,glob,8,5,3,1,7
7224,gloom,glum,9,7,2,6,3
7234,glow,glo,13,7,6,8,5
7237,gloze,gloz,6,4,2,2,4
7239,glue,glu,11,7,4,8,3
7240,glum,gl^m,7,6,1,3,4
7241,glut,gl^t,6,4,2,2,4
7248,gnash,n@S,15,14,1,10,5
7249,gnat,n@t,28,26,2,22,6
7250,gnaw,nc,19,16,3,11,8
7251,gneiss,nYs,14,12,2,10,4
7252,gnome,nom,18,15,3,10,8
7253,gnu,nu,31,24,7,19,12
7254,go,go,26,16,10,17,9
7255,goad,god,22,18,4,15,7
7256,goal,gol,28,25,3,21,7
7257,goalie,goli,11,9,2,7,4
7260,goat,got,26,20,6,19,7
7263,gob,gab,17,14,3,12,5
7265,gobble,gabL,9,7,2,7,2
7270,god,gad,19,17,2,15,4
7271,goggle,gagL,5,4,1,4,1
7274,gold,gold,15,12,3,11,4
7282,gone,gcn,17,14,3,9,8
7287,goo,gu,26,21,5,19,7
7288,good,gUd,12,10,2,10,2
7293,goof,guf,5,4,1,2,3
7294,goose,gus,12,11,1,9,3
7298,gore,gor,26,20,6,17,9
7299,gorge,gorJ,5,4,1,1,4
7304,gorse,gors,9,8,1,5,4
7305,gory,gori,10,8,2,4,6
7310,got,gat,26,24,2,22,4
7317,gourd,gord,16,14,2,10,6
7321,gout,gWt,17,16,1,15,2
7327,grab,gr@b,8,7,1,3,5
7328,grace,gres,16,14,2,4,12
7332,grade,gred,14,12,2,4,10
7338,graft,gr@ft,6,3,3,3,3
7339,grail,grel,16,13,3,5,11
7340,grain,gren,20,16,4,7,13
7343,gramme,gr@m,11,9,2,4,7
7345,grand,gr@nd,7,5,2,5,2
7358,grant,gr@nt,6,3,3,2,4
7363,grape,grep,16,13,3,4,12
7364,graph,gr@f,7,5,2,1,6
7370,grass,gr@s,13,10,3,5,8
7371,grate,gret,21,18,3,9,12
7379,grave,grev,16,12,4,4,12
7380,gravel,gr@vL,6,4,2,4,2
7388,gray,gre,18,8,10,7,11
7391,graze,grez,15,12,3,7,8
7393,grease,gris,14,12,2,2,12
7398,greed,grid,12,11,1,3,9
7399,Greek,grik,11,10,1,4,7
7408,grew,gru,15,9,6,8,7
7410,grid,grId,9,7,2,1,8
7413,grief,grif,11,10,1,2,9
7415,grieve,griv,12,10,2,2,10
7417,grill,grIl,15,13,2,7,8
7419,grim,grIm,12,11,1,4,8
7421,grime,grYm,7,6,1,3,4
7426,grip,grIp,12,11,1,3,9
7427,gripe,grYp,7,6,1,2,5
7432,grit,grIt,12,9,3,1,11
7435,groan,gron,15,13,2,5,10
7436,groat,grot,14,11,3,4,10
7443,groom,grum,10,8,2,3,7
7445,groove,gruv,8,7,1,1,7
7446,grope,grop,12,10,2,2,10
7452,grot,grat,10,6,4,4,6
7461,group,grup,11,10,1,3,8
7463,grove,grov,13,11,2,4,9
7465,grow,gro,18,10,8,9,9
7468,grub,gr^b,8,6,2,3,5
7472,gruel,grul,11,8,3,4,7
7474,gruff,gr^f,5,4,1,1,4
7483,guard,gard,14,12,2,11,3
7489,guess,gEs,11,9,2,9,2
7490,guest,gEst,15,13,2,13,2
7493,guide,gYd,18,16,2,15,3
7496,guile,gYl,21,19,2,18,3
7500,guise,gYz,10,8,2,6,4
7502,gulch,g^lC,5,4,1,1,4
7504,gull,g^l,21,17,4,13,8
7506,gully,g^li,13,11,2,6,7
7507,gulp,g^lp,5,4,1,1,4
7508,gum,g^m,16,15,1,12,4
7512,gun,g^n,20,18,2,14,6
7513,gunnel,g^nL,6,5,1,3,3
7515,gunny,g^ni,12,10,2,6,6
7522,gust,g^st,11,8,3,8,3
7525,gut,g^t,24,20,4,17,7
7526,gutter,g^tX,11,8,3,8,3
7528,gutty,g^ti,9,8,1,4,5
7529,guy,gY,23,19,4,17,6
7531,gym,JIm,14,13,1,8,6
7559,hack,h@k,30,27,3,17,13
7560,hackle,h@kL,8,7,1,5,3
7564,had,h@d,31,28,3,18,13
7570,haft,h@ft,7,4,3,5,2
7571,hag,h@g,25,24,1,13,12
7576,hail,hel,30,26,4,25,5
7577,hair,hEr,24,22,2,18,6
7581,hairy,h@ri,14,12,2,10,4
7582,hake,hek,21,19,2,17,4
7585,haler,halX,6,5,1,2,4
7586,half,h@f,18,17,1,6,12
7591,hall,hcl,23,20,3,19,4
7596,hallow,h@lo,12,11,1,11,1
7600,halo,helo,5,4,1,4,1
7602,halt,hclt,8,6,2,5,3
7603,halter,hcltX,5,3,2,4,1
7604,halve,h@v,17,16,1,5,12
7606,halves,h@vz,7,4,3,4,3
7607,ham,h@m,26,24,2,14,12
7611,hammer,h@mX,6,4,2,2,4
7616,hand,h@nd,13,9,4,9,4
7621,handle,h@ndL,7,6,1,4,3
7630,handy,h@ndi,6,5,1,4,2
7631,hang,h@G,23,19,4,9,14
7637,hank,h@Gk,17,13,4,12,5
7638,hanker,h@GkX,7,4,3,5,2
7640,hap,h@p,30,28,2,17,13
7651,hard,hard,18,16,2,10,8
7656,hardy,hardi,5,3,2,1,4
7658,hark,hark,14,12,2,7,7
7661,harm,harm,9,8,1,3,6
7668,harp,harp,10,8,2,2,8
7674,harrow,h@ro,10,9,1,7,3
7676,hart,hart,16,12,4,7,9
7679,has,h@z,20,18,2,8,12
7680,hash,h@S,22,21,1,11,11
7682,hasp,h@sp,5,3,2,3,2
7683,hassle,h@sL,10,9,1,7,3
7685,haste,hest,10,9,1,8,2
7687,hat,h@t,34,31,3,21,13
7691,hate,het,24,21,3,19,5
7693,hatter,h@tX,11,9,2,8,3
7704,haw,hc,21,17,4,11,10
7705,hawk,hck,18,14,4,13,5
7709,hay,he,26,22,4,15,11
7713,haze,hez,19,16,3,13,6
7715,hazy,hezi,6,5,1,4,2
7716,he,hi,33,24,9,18,15
7717,head,hEd,25,22,3,17,8
7724,heal,hil,29,26,3,23,6
7725,health,hElT,7,6,1,1,6
7726,heap,hip,22,21,1,16,6
7727,hear,hIr,30,28,2,20,10
7728,heard,hRd,20,18,2,12,8
7732,hearse,hRs,15,14,1,8,7
7733,hearten,hartN,5,4,1,3,2
7736,hearty,harti,6,4,2,2,4
7737,heat,hit,25,22,3,19,6
7738,heath,hiT,10,9,1,4,6
7742,heave,hiv,15,13,2,9,6
7755,hedge,hEJ,11,10,1,5,6
7758,heed,hid,21,20,1,15,6
7760,heft,hEft,7,6,1,5,2
7765,height,hYt,26,22,4,19,7
7771,held,hEld,11,9,2,4,7
7779,hell,hEl,31,24,7,19,12
7788,hello,hElo,15,14,1,9,6
7789,helm,hElm,10,6,4,3,7
7793,help,hElp,11,8,3,3,8
7795,helve,hElv,8,7,1,2,6
7797,hem,hEm,16,13,3,8,8
7810,hen,hEn,24,20,4,16,8
7811,hence,hEns,10,8,2,7,3
7816,hep,hEp,15,13,2,7,8
7819,her,hR,22,14,8,7,15
7823,herb,hRb,11,10,1,4,7
7859,hers,hRz,13,12,1,6,7
7866,hew,hyu,9,5,4,7,2
7868,hex,hEks,6,5,1,4,2
7883,hid,hId,25,23,2,15,10
7885,hidden,hIdN,6,5,1,5,1
7886,hide,hYd,21,19,2,15,6
7891,hie,hY,30,23,7,17,13
7900,hike,hYk,17,16,1,12,5
7902,hill,hIl,33,31,2,23,10
7904,hilt,hIlt,12,10,2,9,3
7905,him,hIm,20,19,1,11,9
7907,hind,hYnd,8,7,1,7,1
7915,hint,hInt,10,9,1,7,3
7917,hip,hIp,28,27,1,19,9
7921,hire,hYr,18,16,2,13,5
7923,his,hIz,17,15,2,8,9
7932,hit,hIt,33,29,4,22,11
7933,hitch,hIC,19,17,2,10,9
7935,hive,hYv,15,13,2,9,6
7936,hives,hYvz,6,5,1,5,1
7937,hoard,hord,14,13,1,9,5
7940,hoarse,hors,11,9,2,5,6
7941,hoary,hori,11,9,2,5,6
7943,hob,hab,18,16,2,12,6
7944,hobble,habL,6,5,1,4,2
7945,hobby,habi,7,6,1,3,4
7948,hock,hak,23,21,2,17,6
7949,hockey,haki,6,5,1,3,3
7950,hod,had,21,19,2,16,5
7952,hoe,ho,28,20,8,14,14
7953,hog,hcg,9,8,1,6,3
7957,hold,hold,13,11,2,10,3
7959,hole,hol,31,28,3,22,9
7968,holy,holi,8,6,2,4,4
7971,home,hom,20,18,2,13,7
7988,hone,hon,23,20,3,15,8
7990,honey,h^ni,9,8,1,5,4
8002,hooey,hui,8,6,2,2,6
8004,hook,hUk,16,15,1,13,3
8008,hoop,hup,17,15,2,12,5
8010,hoot,hut,23,22,1,18,5
8013,hop,hap,20,19,1,15,5
8014,hope,hop,21,19,2,14,7
8021,horn,horn,13,11,2,8,5
8042,hose,hoz,19,18,1,12,7
8056,hot,hat,28,26,2,23,5
8062,hour,Wr,11,7,4,8,3
8064,house,hWs,7,6,1,5,2
8073,hove,hov,15,14,1,8,7
8076,how,hW,18,16,2,9,9
8081,howl,hWl,15,13,2,13,2
8096,hulk,h^lk,5,4,1,2,3
8098,hull,h^l,24,23,1,14,10
8100,hum,h^m,25,24,1,15,10
8124,hump,h^mp,10,9,1,9,1
8126,Hun,h^n,25,22,3,13,12
8127,hunch,h^nC,9,7,2,5,4
8129,hung,h^G,18,17,1,8,10
8132,hunk,h^Gk,14,12,2,10,4
8133,hunker,h^GkX,5,4,1,3,2
8134,hunt,h^nt,10,8,2,6,4
8137,hurdle,hRdL,5,4,1,3,2
8138,hurl,hRl,22,19,3,15,7
8141,hurry,hRi,13,11,2,5,8
8142,hurt,hRt,23,21,2,15,8
8143,hurtle,hRtL,6,5,1,4,2
8146,husk,h^sk,8,7,1,4,4
8152,hut,h^t,27,26,1,17,10
8153,hutch,h^C,16,15,1,6,10
8217,ice,Ys,16,7,9,11,5
8230,id,Id,19,11,8,12,7
8251,idle,YdL,5,3,2,3,2
8256,if,If,13,10,3,5,8
8269,ilk,Ilk,6,2,4,5,1
8270,ill,Il,31,15,16,23,8
8481,in,In,26,12,14,17,9
8527,incest,InsEst,7,5,2,3,4
8529,inch,InC,8,1,7,6,2
8727,infect,InfEkt,5,3,2,3,2
8833,ink,IGk,14,2,12,12,2
8845,inner,InX,6,2,4,3,3
8880,insect,InsEkt,5,3,2,2,3
8892,insert,InsRt,5,4,1,1,4
8894,inset,InsEt,6,4,2,1,5
9041,intern,IntRn,5,1,4,1,4
9042,internal,IntRnL,5,2,3,2,3
9044,interne,IntRn,5,1,4,1,4
9116,inurn,InRn,5,3,2,3,2
9179,ire,Yr,21,8,13,15,6
9186,irk,Rk,16,8,8,12,4
9230,is,Iz,13,10,3,5,8
9252,it,It,27,13,14,19,8
9255,itch,IC,18,10,8,11,7
9266,j,Je,22,19,3,15,7
9267,jab,J@b,14,13,1,9,5
9271,jack,J@k,17,16,1,12,5
9272,jackal,J@kL,5,4,1,4,1
9276,jade,Jed,11,9,2,8,3
9284,jam,J@m,16,15,1,12,4
9290,jape,Jep,11,9,2,8,3
9291,jar,Jar,16,14,2,11,5
9297,jaunt,Jcnt,10,9,1,9,1
9300,jaw,Jc,15,14,1,11,4
9302,jazz,J@z,7,6,1,3,4
9305,jeer,JIr,23,22,1,18,5
9309,jell,JEl,17,15,2,13,4
9310,jelly,JEli,5,4,1,3,2
9314,jerk,JRk,11,10,1,10,1
9318,jess,JEs,12,10,2,8,4
9320,jest,JEst,18,16,2,15,3
9321,jet,JEt,20,17,3,14,6
9325,Jew,Ju,26,22,4,18,8
9326,jewel,JuL,6,5,1,2,4
9328,jib,JIb,13,12,1,7,6
9330,jig,JIg,17,15,2,10,7
9331,jigger,JIgX,6,5,1,3,3
9332,jiggle,JIgL,8,6,2,5,3
9337,jingle,JIGgL,9,7,2,8,1
9345,job,Jab,19,18,1,13,6
9355,jog,Jag,11,10,1,5,6
9356,joggle,JagL,5,4,1,3,2
9358,join,JOn,8,5,3,6,2
9359,joint,JOnt,5,4,1,3,2
9368,joss,Jas,8,7,1,2,6
9369,jostle,JasL,5,4,1,3,2
9382,joy,JO,9,8,1,4,5
9388,judge,J^J,6,5,1,4,2
9395,jug,J^g,16,15,1,13,3
9397,juggle,J^gL,5,2,3,2,3
9400,juice,Jus,13,11,2,8,5
9407,jumble,J^mbL,7,6,1,6,1
9413,June,Jun,16,15,1,12,4
9417,junk,J^Gk,9,8,1,8,1
9426,just,J^st,12,10,2,11,1
9430,jut,J^t,15,14,1,12,3
9431,jute,Jut,17,16,1,13,4
9435,k,ke,32,21,11,17,15
9439,kale,kel,36,32,4,27,9
9452,kayo,keo,10,9,1,1,9
9454,kedge,kEJ,11,10,1,7,4
9455,keel,kil,29,24,5,24,5
9456,keen,kin,25,21,4,22,3
9457,keep,kip,21,19,2,18,3
9462,ken,kEn,28,25,3,22,6
9468,ketch,kEC,12,10,2,8,4
9475,kick,kIk,28,23,5,18,10
9477,kid,kId,24,21,3,16,8
9480,kill,kIl,36,31,5,26,10
9487,kilt,kIlt,17,13,4,12,5
9490,kin,kIn,33,28,5,23,10
9491,kind,kYnd,7,6,1,6,1
9498,kine,kYn,23,22,1,21,2
9501,king,kIG,17,15,2,8,9
9502,kink,kIGk,15,11,4,12,3
9507,kip,kIp,31,27,4,22,9
9508,kipper,kIpX,9,7,2,8,1
9510,kirtle,kRtL,10,9,1,6,4
9513,kit,kIt,35,28,7,23,12
9517,kite,kYt,20,19,1,19,1
9519,kitten,kItN,7,6,1,5,2
9520,kitty,kIti,8,7,1,6,2
9522,knack,n@k,20,19,1,15,5
9524,knave,nev,15,12,3,9,6
9527,knead,nid,21,16,5,11,10
9528,knee,ni,31,23,8,19,12
9529,kneel,nil,27,23,4,20,7
9530,kneeled,nild,6,4,2,4,2
9531,knell,nEl,21,18,3,17,4
9532,knelt,nElt,11,9,2,8,3
9535,knife,nYf,8,7,1,4,4
9536,knight,nYt,24,22,2,19,5
9537,knit,nIt,28,27,1,22,6
9539,knob,nab,21,18,3,15,6
9541,knobby,nabi,6,5,1,3,3
9544,knoll,nol,27,25,2,19,8
9546,know,no,27,19,8,14,13
9549,known,non,26,22,4,18,8
9555,Koran,kX@n,5,4,1,2,3
9560,kraut,krWt,7,6,1,3,4
9567,lab,l@b,20,18,2,10,10
9568,label,lebL,11,9,2,8,3
9571,labor,lebX,7,6,1,5,2
9578,lac,l@k,38,29,9,24,14
9579,lace,les,29,25,4,18,11
9585,lackey,l@ki,10,7,3,4,6
9588,lacquer,l@kX,12,10,2,4,8
9594,lacy,lesi,5,4,1,2,3
9595,lad,l@d,34,27,7,21,13
9596,ladder,l@dX,10,7,3,4,6
9597,laddie,l@di,7,6,1,4,3
9601,lady,ledi,6,5,1,1,5
9603,lag,l@g,27,25,2,17,10
9608,laid,led,30,23,7,17,13
9609,lain,len,33,29,4,23,10
9610,lair,lEr,30,25,5,22,8
9611,laird,lErd,6,4,2,2,4
9613,lake,lek,32,28,4,22,10
9614,lamb,l@m,27,23,4,16,11
9618,lame,lem,28,23,5,18,10
9625,lamp,l@mp,11,8,3,9,2
9629,lance,l@ns,10,7,3,5,5
9632,land,l@nd,14,9,5,11,3
9648,lank,l@Gk,17,10,7,15,2
9654,lap,l@p,30,25,5,18,12
9660,lapse,l@ps,8,4,4,4,4
9664,larch,larC,6,5,1,3,3
9665,lard,lard,15,14,1,11,4
9667,large,larJ,7,6,1,3,4
9671,lark,lark,11,9,2,7,4
9679,lash,l@S,26,21,5,16,10
9680,lass,l@s,30,22,8,15,15
9683,last,l@st,14,12,2,12,2
9688,late,let,32,26,6,21,11
9693,lathe,leD,13,12,1,3,10
9694,lather,l@DX,8,7,1,4,4
9695,Latin,l@tN,8,6,2,7,1
9699,latter,l@tX,21,17,4,15,6
9702,laud,lcd,13,12,1,8,5
9706,launch,lcnC,5,4,1,4,1
9709,laurel,lcrL,5,4,1,4,1
9714,lave,lev,22,20,2,12,10
9717,law,lc,24,15,9,14,10
9718,lawn,lcn,19,16,3,13,6
9721,lawyer,lOX,7,6,1,4,3
9722,lax,l@ks,11,7,4,5,6
9725,lay,le,35,20,15,20,15
9726,layer,leX,16,14,2,5,11
9731,laze,lez,23,19,4,12,11
9732,lazy,lezi,7,6,1,4,3
9734,lea,li,43,22,21,24,19
9735,leach,liC,22,19,3,8,14
9736,lead,lEd,31,23,8,20,11
9737,leaden,lEdN,5,4,1,3,2
9738,leaf,lif,25,24,1,11,14
9742,league,lig,19,17,2,4,15
9743,leak,lik,36,31,5,22,14
9745,leal,lil,31,29,2,17,14
9746,lean,lin,33,30,3,19,14
9747,leap,lip,30,27,3,15,15
9751,learn,lRn,16,14,2,13,3
9754,lease,lis,27,24,3,12,15
9755,leash,liS,16,15,1,2,14
9756,least,list,12,9,3,9,3
9758,leave,liv,26,21,5,11,15
9759,leaven,lEvxn,7,5,2,6,1
9760,leaves,livz,8,5,3,6,2
9766,ledge,lEJ,18,13,5,10,8
9767,ledger,lEJX,6,5,1,1,5
9768,leer,lIr,34,28,6,25,9
9769,leery,lIri,10,7,3,7,3
9770,lees,liz,25,21,4,10,15
9773,left,lEft,11,8,3,7,4
9776,leg,lEg,15,14,1,7,8
9778,legal,ligL,6,3,3,4,2
9806,lek,lEk,23,22,1,16,7
9811,lend,lEnd,17,14,3,12,5
9819,lent,lEnt,17,15,2,11,6
9820,lentil,lEntL,6,5,1,5,1
9821,Leo,lio,17,13,4,2,15
9825,leper,lEpX,6,5,1,1,5
9831,less,lEs,24,19,5,14,10
9832,lessee,lEsi,5,4,1,1,4
9833,lessen,lEsN,6,5,1,2,4
9835,lest,lEst,23,20,3,17,6
9836,let,lEt,30,25,5,19,11
9841,letter,lEtX,13,12,1,8,5
9845,leu,lu,36,23,13,23,13
9848,lev,lEf,17,14,3,9,8
9849,leva,lEvx,5,4,1,1,4
9853,lever,lEvX,13,11,2,6,7
9858,lewd,lud,21,19,2,13,8
9864,liar,lYX,18,13,5,5,13
9885,lice,lYs,26,22,4,15,11
9891,licit,lIs|t,5,2,3,4,1
9892,lick,lIk,32,26,6,22,10
9894,lid,lId,23,21,2,16,7
9896,lie,lY,36,21,15,21,15
9897,lied,lit,40,29,11,23,17
9899,liege,liJ,17,16,1,3,14
9901,life,lYf,20,18,2,9,11
9905,lifer,lYfX,5,3,2,1,4
9907,lift,lIft,11,10,1,6,5
9910,light,lYt,35,26,9,22,13
9911,lighten,lYtN,6,5,1,3,3
9912,lighter,lYtX,14,12,2,8,6
9916,lights,lYts,5,3,2,1,4
9920,like,lYk,26,24,2,16,10
9927,lilt,lIlt,14,13,1,8,6
9929,limb,lIm,20,17,3,11,9
9934,lime,lYm,23,19,4,12,11
9943,limp,lImp,10,6,4,6,4
9949,line,lYn,32,28,4,20,12
9956,liner,lYnX,7,5,2,3,4
9959,ling,lIG,21,16,5,13,8
9966,lining,lYnIG,5,3,2,4,1
9967,link,lIGk,17,10,7,14,3
9970,linnet,lIn|t,5,4,1,3,2
9973,lint,lInt,16,11,5,8,8
9975,lion,lY|n,5,2,3,4,1
9979,lip,lIp,29,23,6,19,10
9980,lipped,lIpt,7,5,2,1,6
9989,liquor,lIkX,14,11,3,10,4
9991,lisle,lYl,24,22,2,14,10
9992,lisp,lIsp,5,4,1,1,4
9994,list,lIst,19,16,3,10,9
9995,listen,lIsN,5,4,1,3,2
9998,lit,lIt,37,26,11,23,14
10008,lithe,lYD,15,14,1,5,10
10020,litre,litX,11,10,1,8,3
10021,litter,lItX,13,10,3,8,5
10022,little,lItL,6,3,3,3,3
10028,live,lIv,15,13,2,7,8
10034,liver,lIvX,10,6,4,6,4
10045,lo,lo,35,18,17,20,15
10046,load,lod,27,24,3,16,11
10047,loaf,lof,16,14,2,6,10
10048,loam,lom,23,21,2,13,10
10049,loan,lon,34,28,6,23,11
10050,loath,loT,13,11,2,3,10
10051,loathe,loD,13,11,2,3,10
10056,lob,lab,20,17,3,14,6
10057,lobar,lobX,5,3,2,3,2
10059,lobe,lob,15,12,3,4,11
10068,loch,lak,31,25,6,23,8
10070,locker,lakX,9,8,1,5,4
10078,lodge,laJ,10,8,2,3,7
10080,lodger,laJX,6,5,1,3,3
10081,loft,lcft,7,4,3,5,2
10083,log,lcg,13,12,1,8,5
10096,loiter,lOtX,7,6,1,6,1
10099,long,lcG,13,11,2,8,5
10109,loom,lum,25,19,6,17,8
10110,loon,lun,25,23,2,16,9
10112,loop,lup,18,16,2,10,8
10113,loose,lus,23,20,3,14,9
10115,loot,lut,26,24,2,18,8
10116,lop,lap,22,18,4,17,5
10119,lord,lord,13,11,2,10,3
10120,lore,lor,33,29,4,21,12
10122,lorn,lorn,11,9,2,8,3
10124,lose,luz,17,14,3,9,8
10126,loss,lcs,19,15,4,13,6
10127,lost,lcst,9,7,2,6,3
10128,lot,lat,31,26,5,26,5
10132,loud,lWd,12,10,2,9,3
10134,lour,lWr,12,10,2,9,3
10135,louse,lWs,14,13,1,11,3
10137,lout,lWt,20,17,3,17,3
10140,love,l^v,11,10,1,5,6
10143,lower,loX,16,13,3,5,11
10146,lox,laks,8,5,3,6,2
10150,lubber,l^bX,5,3,2,4,1
10161,luck,l^k,26,23,3,19,7
10167,luff,l^f,20,18,2,14,6
10168,lug,l^g,22,20,2,16,6
10175,lumber,l^mbX,6,3,3,5,1
10189,lung,l^G,18,15,3,12,6
10193,lure,lUr,9,8,1,8,1
10195,lurk,lRk,20,18,2,18,2
10197,lush,l^S,16,12,4,10,6
10198,lust,l^st,13,11,2,11,2
10200,lustre,l^stX,6,2,4,4,2
10210,lynch,lInC,10,7,3,9,1
10211,lyre,lYr,25,23,2,15,10
10213,m,Em,15,11,4,7,8
10214,ma,ma,14,9,5,1,13
10220,mace,mes,29,25,4,18,11
10235,mad,m@d,28,23,5,17,11
10239,madden,m@dN,5,4,1,2,3
10240,madder,m@dX,8,6,2,3,5
10242,made,med,24,21,3,14,10
10288,mail,mel,35,31,4,24,11
10289,mailed,meld,6,4,2,3,3
10290,maim,mem,21,19,2,12,9
10291,main,men,31,27,4,21,10
10296,maize,mez,19,16,3,9,10
10304,make,mek,25,23,2,16,9
10335,mall,mcl,24,20,4,20,4
10340,mallow,m@lo,9,8,1,8,1
10346,malt,mclt,7,6,1,6,1
10355,man,m@n,26,21,5,15,11
10378,mange,menJ,5,2,3,2,3
10379,manger,menJX,5,3,2,2,3
10380,mangle,m@GgL,10,9,1,9,1
10402,manna,m@nx,6,4,2,1,5
10403,manned,m@nd,15,12,3,10,5
10405,manner,m@nX,10,9,1,4,6
10410,manse,m@ns,10,8,2,5,5
10429,many,mEni,7,5,2,3,4
10434,mar,mar,26,16,10,13,13
10440,march,marC,11,9,2,3,8
10442,mare,mEr,23,21,2,18,5
10444,marge,marJ,11,10,1,3,8
10453,marine,mXin,7,5,2,4,3
10459,mark,mark,20,14,6,7,13
10467,marl,marl,10,8,2,1,9
10482,marrow,m@ro,9,8,1,7,2
10483,marry,m@ri,11,10,1,10,1
10485,marsh,marS,10,8,2,1,9
10489,mart,mart,19,13,6,8,11
10490,marten,martN,5,4,1,3,2
10495,martyr,martX,7,6,1,5,2
10504,mash,m@S,20,18,2,13,7
10505,mask,m@sk,8,6,2,6,2
10507,mason,mesN,6,5,1,4,2
10511,mass,m@s,26,20,6,16,10
10518,mast,m@st,14,11,3,10,4
10519,master,m@stX,8,4,4,6,2
10532,mat,m@t,30,27,3,21,9
10536,mate,met,28,26,2,19,9
10558,matter,m@tX,16,13,3,13,3
10570,mauve,mov,13,12,1,6,7
10573,maw,mc,22,18,4,11,11
10579,may,me,32,23,9,15,17
10586,mayor,meX,12,10,2,2,10
10589,mazy,mezi,6,5,1,4,2
10591,me,mi,32,25,7,18,14
10592,mead,mid,20,19,1,14,6
10597,meal,mil,28,26,2,22,6
10600,mean,min,23,21,2,17,6
10603,meant,mEnt,18,15,3,12,6
10610,meat,mit,25,22,3,18,7
10642,meek,mik,21,19,2,15,6
10652,meld,mEld,10,9,1,7,3
10666,melt,mElt,15,13,2,11,4
10678,men,mEn,27,22,5,20,7
10682,mend,mEnd,18,14,4,14,4
10695,mental,mEntL,7,5,2,6,1
10701,meow,miW,7,5,2,1,6
10713,mere,mIr,31,27,4,23,8
10715,merge,mRJ,11,7,4,7,4
10716,merger,mRJX,7,6,1,3,4
10724,merry,mEri,11,9,2,9,2
10733,mess,mEs,18,17,1,14,4
10741,met,mEt,26,23,3,19,7
10745,metal,mEtL,11,9,2,9,2
10764,meter,mitX,11,8,3,8,3
10777,mew,myu,11,5,6,8,3
10778,mews,myuz,6,3,3,3,3
10783,mice,mYs,22,20,2,15,7
10794,mid,mId,26,20,6,15,11
10796,midden,mIdN,11,10,1,5,6
10797,middle,mIdL,12,11,1,7,5
10801,middy,mIdi,6,5,1,2,4
10802,midge,mIJ,10,9,1,3,7
10809,miff,mIf,10,9,1,3,7
10810,might,mYt,28,24,4,19,9
10818,mike,mYk,19,17,2,11,8
10819,mil,mIl,31,29,2,23,8
10820,milch,mIlk,5,3,2,3,2
10821,mild,mYld,8,7,1,6,2
10823,mile,mYl,28,24,4,20,8
10850,mime,mYm,14,13,1,7,7
10857,mince,mIns,8,7,1,4,4
10859,mind,mYnd,12,11,1,8,4
10860,mine,mYn,28,24,4,18,10
10862,miner,mYnX,9,8,1,4,5
10879,mink,mIGk,13,11,2,11,2
10885,mint,mInt,12,10,2,7,5
10892,minx,mIGks,5,3,2,4,1
10896,mire,mYr,21,19,2,14,7
10898,mirth,mRT,13,11,2,10,3
10953,miss,mIs,23,18,5,12,11
10954,missal,mIsL,5,4,1,2,3
10961,mist,mIst,16,11,5,10,6
10964,mister,mIstX,7,4,3,4,3
10970,misty,mIsti,5,2,3,1,4
10976,mitre,mYtX,11,10,1,7,4
10977,mitt,mIt,33,27,6,23,10
10978,mitten,mItN,8,6,2,5,3
10979,mix,mIks,7,5,2,5,2
10983,moan,mon,27,24,3,19,8
10984,moat,mot,31,23,8,20,11
10985,mob,mab,15,14,1,10,5
10986,mobile,mobL,5,4,1,2,3
10992,mock,mak,24,20,4,17,7
10993,modal,modL,9,8,1,5,4
10994,mode,mod,24,20,4,15,9
11025,molar,molX,11,9,2,5,6
11027,mold,mold,18,14,4,12,6
11029,molder,moldX,5,2,3,3,2
11031,mole,mol,33,28,5,22,11
11038,moll,mal,16,14,2,10,6
11043,molt,molt,15,12,3,8,7
11045,moly,moli,8,7,1,3,5
11074,monk,m^Gk,12,10,2,9,3
11113,moo,mu,32,26,6,19,13
11114,mood,mud,17,15,2,11,6
11116,moon,mun,21,19,2,16,5
11117,moor,mor,29,25,4,20,9
11120,moose,mus,19,18,1,14,5
11121,moot,mut,24,22,2,19,5
11122,mop,map,16,15,1,11,5
11123,mope,mop,17,15,2,10,7
11146,morn,morn,12,9,3,8,4
11161,morrow,maro,12,11,1,3,9
11163,mortal,mortL,7,4,3,4,3
11180,moss,mcs,15,14,1,12,3
11181,most,most,13,12,1,11,2
11182,mot,mo,30,21,9,15,15
11185,moth,mcT,8,7,1,5,3
11189,motile,motL,10,8,2,5,5
11196,motor,motX,9,7,2,6,3
11202,mount,mWnt,7,5,2,5,2
11208,mouse,mWs,14,12,2,11,3
11212,mouth,mWT,7,6,1,5,2
11215,move,muv,8,5,3,1,7
11218,mow,mW,20,17,3,10,10
11219,much,m^C,17,14,3,6,11
11222,muck,m^k,25,22,3,14,11
11224,mud,m^d,20,19,1,10,10
11225,muddle,m^dL,12,11,1,8,4
11230,muff,m^f,18,17,1,8,10
11232,muffle,m^fL,6,5,1,2,4
11235,mug,m^g,21,19,2,11,10
11244,mule,myul,6,4,2,3,3
11247,mull,m^l,24,23,1,14,10
11262,mum,m^m,23,21,2,12,11
11264,mummer,m^mX,6,5,1,2,4
11267,mummy,m^mi,8,7,1,4,4
11269,munch,m^nC,8,7,1,4,4
11277,murk,mRk,17,14,3,14,3
11281,muscle,m^sL,11,10,1,5,6
11292,musk,m^sk,11,9,2,6,5
11301,muss,m^s,25,21,4,13,12
11303,must,m^st,16,12,4,10,6
11306,muster,m^stX,7,4,3,4,3
11307,musty,m^sti,6,5,1,4,2
11314,mute,myut,6,4,2,3,3
11321,mutt,m^t,30,26,4,18,12
11322,mutter,m^tX,15,12,3,11,4
11327,my,mY,32,24,8,17,15
11331,mynah,mYnx,6,5,1,2,4
11335,myrrh,mR,18,15,3,7,11
11346,myth,mIT,15,14,1,8,7
11350,n,En,29,13,16,18,11
11356,nag,n@g,17,16,1,12,5
11359,nail,nel,26,23,3,22,4
11365,name,nem,16,14,2,12,4
11368,nap,n@p,20,19,1,15,5
11370,nape,nep,14,12,2,10,4
11381,nard,nard,12,11,1,9,3
11411,natty,n@ti,7,5,2,6,1
11418,naught,nct,20,18,2,18,2
11421,nautch,ncC,5,4,1,3,2
11425,naval,nevL,5,4,1,1,4
11431,navy,nevi,5,3,2,2,3
11432,nay,ne,25,21,4,15,10
11436,neap,nip,19,18,1,13,6
11437,near,nIr,25,23,2,19,6
11440,neat,nit,25,23,2,19,6
11441,neath,niT,10,9,1,4,6
11443,neb,nEb,10,9,1,7,3
11462,needle,nidL,6,5,1,3,3
11503,nerve,nRv,6,5,1,5,1
11505,nest,nEst,15,13,2,11,4
11508,net,nEt,26,23,3,20,6
11511,nettle,nEtL,8,7,1,6,2
11534,newel,nuL,9,7,2,2,7
11539,news,nuz,16,12,4,9,7
11541,newsy,nuzi,7,5,2,5,2
11542,newt,nut,26,24,2,19,7
11546,nib,nIb,15,14,1,8,7
11547,nibble,nIbL,8,6,2,4,4
11549,niche,nIC,16,14,2,10,6
11550,nick,nIk,23,20,3,14,9
11551,nickel,nIkL,10,9,1,5,5
11553,nicker,nIkX,12,9,3,7,5
11556,niece,nis,14,12,2,7,7
11561,nigh,nY,27,22,5,17,10
11566,nil,nIl,26,25,1,20,6
11571,nine,nYn,21,19,2,16,5
11578,nip,nIp,25,21,4,16,9
11579,nipper,nIpX,8,7,1,4,4
11580,nipple,nIpL,7,6,1,2,5
11581,nippy,nIpi,5,3,2,1,4
11584,niter,nYtX,5,4,1,4,1
11592,nix,nIks,8,6,2,5,3
11601,nod,nad,20,15,5,12,8
11602,noddle,nadL,10,9,1,6,4
11603,noddy,nadi,8,7,1,5,3
11604,node,nod,20,17,3,13,7
11654,noodle,nudL,7,5,2,5,2
11656,noon,nun,19,18,1,13,6
11658,noose,nus,15,14,1,9,6
11659,nor,nor,28,22,6,18,10
11661,norm,norm,8,5,3,3,5
11666,Norse,nors,8,7,1,5,3
11674,nose,noz,18,15,3,9,9
11679,nosy,nozi,7,6,1,6,1
11686,note,not,26,24,2,19,7
11700,noun,nWn,8,7,1,7,1
11712,now,nW,16,15,1,9,7
11720,nub,n^b,19,17,2,13,6
11722,nubble,n^bL,8,7,1,5,3
11726,nude,nud,15,13,2,8,7
11734,,n^l,17,16,1,12,5
11756,nut,n^t,25,23,2,18,7
11764,nutty,n^ti,6,5,1,4,2
11768,o,o,27,4,23,18,9
11769,oaf,of,13,11,2,4,9
11771,oak,ok,25,12,13,13,12
11773,oakum,okM,5,3,2,2,3
11774,oar,or,32,13,19,21,11
11777,oat,ot,25,14,11,16,9
11778,oath,oT,12,9,3,3,9
11786,obey,obe,6,5,1,3,3
11789,obi,obi,6,4,2,2,4
11810,oboe,obo,5,3,2,2,3
11853,ochre,okX,9,7,2,6,3
11865,odd,ad,15,5,10,13,2
11868,ode,od,24,12,12,13,11
11871,odor,odX,8,6,2,7,1
11875,off,cf,12,7,5,4,8
11877,offend,xfEnd,7,5,2,6,1
11880,offer,cfX,6,4,2,3,3
11894,oft,cft,7,3,4,3,4
11896,ogle,ogL,6,5,1,5,1
11898,ohm,om,20,11,9,11,9
11902,okay,oke,6,3,3,3,3
11904,old,old,11,1,10,10,1
11926,one,w^n,18,17,1,17,1
11941,ooze,uz,10,3,7,9,1
11942,oozy,uzi,6,1,5,5,1
11943,opal,opL,5,4,1,4,1
11946,ope,op,20,10,10,10,10
11989,oral,orL,8,5,3,5,3
11994,orate,oret,9,7,2,8,1
12011,order,ordX,5,2,3,4,1
12091,oust,Wst,5,2,3,4,1
12092,ouster,WstX,6,4,2,5,1
12093,out,Wt,18,8,10,15,3
12108,outer,WtX,5,3,2,4,1
12161,over,ovX,10,7,3,6,4
12218,owl,Wl,15,10,5,13,2
12221,own,on,27,13,14,18,9
12234,p,pi,34,22,12,18,16
12235,pa,pa,14,6,8,2,12
12237,pace,pes,30,22,8,18,12
12239,pacer,pesX,7,5,2,2,5
12246,pack,p@k,30,27,3,19,11
12248,packer,p@kX,8,7,1,4,4
12249,packet,p@k|t,5,4,1,4,1
12251,pact,p@kt,10,6,4,4,6
12252,pad,p@d,26,22,4,15,11
12254,paddle,p@dL,10,8,2,6,4
12256,paddy,p@di,7,6,1,3,4
12261,page,peJ,16,14,2,7,9
12266,paid,ped,22,18,4,13,9
12267,pail,pel,34,32,2,25,9
12268,pain,pen,32,29,3,22,10
12270,paint,pent,12,9,3,9,3
12271,pair,pEr,26,22,4,20,6
12275,pal,p@l,20,19,1,10,10
12295,pall,pcl,24,21,3,21,3
12303,pallor,p@lX,6,5,1,3,3
12304,palm,pam,14,9,5,4,10
12306,palmer,pamX,6,5,1,1,5
12322,pan,p@n,31,25,6,19,12
12337,panel,p@nL,7,6,1,2,5
12349,pant,p@nt,17,12,5,10,7
12358,pants,p@ns,11,8,3,7,4
12359,panty,p@nti,7,3,4,4,3
12366,paper,pepX,9,7,2,5,4
12376,par,par,27,18,9,14,13
12415,parch,parC,10,8,2,4,6
12417,pard,pard,19,16,3,10,9
12431,paring,p@rIG,6,5,1,5,1
12435,park,park,18,12,6,9,9
12440,parley,parli,6,4,2,1,5
12456,parrot,p@rxt,6,4,2,4,2
12457,parry,p@ri,10,9,1,8,2
12458,parse,pars,12,8,4,3,9
12465,part,part,17,12,5,9,8
12487,party,parti,5,2,3,2,3
12490,pass,p@s,24,19,5,11,13
12495,passel,p@sL,10,9,1,5,5
12508,past,p@st,17,13,4,9,8
12510,paste,pest,13,11,2,8,5
12518,pastor,p@stX,13,6,7,8,5
12524,pasty,p@sti,8,5,3,4,4
12525,pat,p@t,39,30,9,24,15
12527,pate,pet,34,27,7,23,11
12528,paten,p@tN,9,6,3,5,4
12563,patter,p@tX,20,14,6,14,6
12565,patty,p@ti,17,12,5,10,7
12567,paunch,pcnC,5,4,1,4,1
12569,pause,pcz,9,8,1,6,3
12570,pave,pev,18,17,1,9,9
12573,paw,pc,19,15,4,11,8
12574,pawn,pcn,21,15,6,17,4
12575,pay,pe,33,20,13,17,16
12578,payee,pei,11,9,2,1,10
12579,payer,peX,14,11,3,3,11
12582,peace,pis,19,17,2,10,9
12584,peach,piC,22,18,4,13,9
12586,peak,pik,31,25,6,20,11
12587,peaked,pikt,5,3,2,2,3
12588,peal,pil,33,30,3,24,9
12590,pearl,pRl,21,19,2,15,6
12592,pease,piz,21,17,4,12,9
12594,peat,pit,31,26,5,20,11
12600,peck,pEk,20,19,1,15,5
12620,peen,pin,31,26,5,19,12
12621,peep,pip,28,26,2,18,10
12623,peer,pIr,33,29,4,23,10
12624,peeve,piv,16,14,2,7,9
12636,pellet,pEl|t,5,3,2,4,1
12638,pelt,pElt,14,12,2,9,5
12641,pen,pEn,29,25,4,21,8
12642,penal,pinL,5,4,1,3,2
12647,pence,pEns,12,10,2,8,4
12666,pennant,pEn|nt,5,2,3,3,2
12667,penni,pEni,8,5,3,3,5
12674,pension,pEnC|n,6,4,2,4,2
12676,pent,pEnt,22,19,3,16,6
12691,people,pipL,5,4,1,3,2
12692,pep,pEp,15,14,1,9,6
12693,pepper,pEpX,5,3,2,3,2
12697,per,pR,19,12,7,8,11
12709,perch,pRC,16,15,1,10,6
12737,peril,pErL,7,5,2,2,5
12752,perjure,pRJX,5,3,2,2,3
12754,perk,pRk,22,20,2,16,6
12805,pert,pRt,23,21,2,17,6
12821,pest,pEst,19,16,3,14,5
12822,pester,pEstX,7,5,2,5,2
12829,pestle,pEstL,7,5,2,5,2
12830,pet,pEt,30,25,5,20,10
12831,petal,pEtL,12,9,3,6,6
12833,peter,pitX,8,6,2,7,1
12845,petty,pEti,9,8,1,6,3
12848,pew,pyu,9,5,4,7,2
12859,pharaoh,fEro,7,4,3,3,4
12894,phlox,flaks,6,3,3,5,1
12897,phone,fon,28,24,4,22,6
12907,phony,foni,8,6,2,5,3
12928,phrase,frez,13,10,3,6,7
12944,pi,pY,32,21,11,18,14
12955,pice,pYs,22,17,5,14,8
12956,pick,pIk,34,27,7,20,14
12963,pickle,pIkL,12,9,3,5,7
12967,picky,pIki,10,7,3,2,8
12977,pied,pYd,20,17,3,12,8
12982,pig,pIg,19,18,1,10,9
12989,pike,pYk,23,20,3,15,8
12993,pile,pYl,28,25,3,20,8
12994,piled,pYld,5,3,2,3,2
12998,pill,pIl,36,32,4,25,11
13000,pillar,pIlX,9,6,3,4,5
13004,pillow,pIlo,5,4,1,3,2
13008,pimp,pImp,8,4,4,6,2
13011,pin,pIn,31,28,3,21,10
13014,pinch,pInC,10,6,4,7,3
13016,pine,pYn,30,26,4,22,8
13019,ping,pIG,18,17,1,8,10
13022,pink,pIGk,16,10,6,12,4
13024,pinky,pIGki,5,2,3,2,3
13030,pint,pYnt,6,5,1,5,1
13035,pip,pIp,30,29,1,20,10
13036,pipe,pYp,18,17,1,11,7
13054,pit,pIt,33,30,3,23,10
13055,pitch,pIC,24,21,3,13,11
13060,pith,pIT,14,13,1,4,10
13069,pity,pIti,12,10,2,9,3
13077,place,ples,7,4,3,2,5
13088,plaid,pl@d,11,9,2,4,7
13089,plain,plen,10,6,4,4,6
13095,plait,plet,14,10,4,5,9
13096,plan,pl@n,8,6,2,2,6
13100,plank,pl@Gk,7,5,2,6,1
13102,plant,pl@nt,8,2,6,3,5
13106,plaque,pl@k,12,9,3,6,6
13107,plash,pl@S,10,8,2,5,5
13109,plaster,pl@stX,5,2,3,2,3
13112,plat,pl@t,15,10,5,3,12
13114,platen,pl@tN,8,3,5,3,5
13120,platter,pl@tX,10,4,6,4,6
13125,play,ple,16,9,7,7,9
13128,plea,pli,17,10,7,8,9
13129,plead,plid,8,7,1,1,7
13132,please,pliz,6,3,3,2,4
13135,pleat,plit,15,12,3,7,8
13136,plebe,plib,5,4,1,1,4
13142,pled,plEd,8,7,1,4,4
13156,plight,plYt,11,8,3,6,5
13158,plod,plad,8,7,1,3,5
13159,plop,plap,8,6,2,6,2
13160,plot,plat,12,10,2,6,6
13165,pluck,pl^k,10,6,4,3,7
13167,plug,pl^g,8,6,2,3,5
13168,plum,pl^m,10,7,3,3,7
13172,plume,plum,7,5,2,5,2
13174,plump,pl^mp,6,3,3,4,2
13179,plunk,pl^Gk,5,3,2,4,1
13185,plus,pl^s,6,5,1,1,5
13186,plush,pl^S,9,8,1,4,5
13193,ply,plY,12,8,4,6,6
13196,poach,poC,15,14,1,8,7
13197,pock,pak,28,25,3,19,9
13201,pod,pad,23,17,6,14,9
13213,point,pOnt,8,6,2,7,1
13216,poise,pOz,5,4,1,4,1
13219,poke,pok,27,22,5,18,9
13220,poker,pokX,8,6,2,4,4
13221,pokey,poki,5,4,1,1,4
13222,polar,polX,12,11,1,7,5
13227,pole,pol,33,29,4,24,9
13253,polo,polo,7,5,2,3,4
13279,pomp,pamp,7,5,2,3,4
13286,pond,pand,7,5,2,4,3
13287,ponder,pandX,5,4,1,4,1
13288,pone,pon,29,26,3,22,7
13296,pony,poni,6,5,1,3,3
13298,pool,pul,18,16,2,17,1
13300,poor,por,31,25,6,21,10
13301,pop,pap,29,23,6,19,10
13303,pope,pop,22,21,1,16,6
13310,poppy,papi,7,6,1,3,4
13318,porch,porC,7,5,2,2,5
13321,pored,pord,13,12,1,9,4
13322,pork,pork,9,7,2,4,5
13331,port,port,18,13,5,9,9
13334,portal,portL,5,4,1,3,2
13350,pose,poz,21,16,5,12,9
13353,posh,paS,11,9,2,3,8
13366,post,post,15,13,2,10,5
13368,postal,postL,5,4,1,3,2
13373,poster,postX,7,4,3,4,3
13395,posy,pozi,11,8,3,6,5
13396,pot,pat,34,29,5,25,9
13415,potter,patX,9,6,3,5,4
13418,poult,polt,13,12,1,7,6
13422,pounce,pWns,6,5,1,5,1
13426,pout,pWt,20,18,2,18,2
13429,power,pWX,9,8,1,6,3
13431,pox,paks,7,5,2,5,2
13444,praise,prez,11,7,4,7,4
13446,pram,pram,5,4,1,1,4
13450,prate,pret,12,9,3,10,2
13454,prawn,prcn,7,6,1,3,4
13455,pray,pre,15,10,5,9,6
13515,preen,prin,6,5,1,2,4
13592,press,prEs,6,5,1,4,2
13622,price,prYs,10,7,3,4,6
13624,prick,prIk,9,5,4,5,4
13627,pride,prYd,12,9,3,4,8
13629,prig,prIg,7,4,3,5,2
13630,prim,prIm,10,7,3,4,6
13636,prime,prYm,11,8,3,3,8
13643,primp,prImp,5,3,2,3,2
13649,prink,prIGk,7,4,3,6,1
13651,prior,prYX,9,8,1,4,5
13655,prise,prYz,10,7,3,3,7
13670,pro,pro,14,10,4,8,6
13677,probe,prob,5,3,2,2,3
13699,prod,prad,9,7,2,4,5
13765,prone,pron,12,9,3,6,6
13773,prop,prap,7,5,2,4,3
13806,prose,proz,9,5,4,3,6
13847,proud,prWd,7,6,1,2,5
13849,prove,pruv,5,4,1,2,3
13868,prow,prW,7,5,2,2,5
13875,prude,prud,10,9,1,4,6
13881,prune,prun,8,7,1,2,6
13883,pry,prY,17,9,8,8,9
13885,Psalter,scltX,6,4,2,5,1
13910,puck,p^k,27,23,4,17,10
13911,pucker,p^kX,8,7,1,5,3
13920,pug,p^g,20,19,1,13,7
13928,pule,pyul,6,3,3,4,2
13929,pull,pUl,16,15,1,12,4
13931,pulley,pUli,6,4,2,4,2
13944,pump,p^mp,14,12,2,11,3
13947,pun,p^n,29,26,3,20,9
13948,punch,p^nC,8,7,1,6,2
13961,punk,p^Gk,12,9,3,11,1
13963,punt,p^nt,12,10,2,9,3
13965,pup,p^p,21,17,4,11,10
13969,puppy,p^pi,6,5,1,2,4
13978,purge,pRJ,14,10,4,7,7
13994,purse,pRs,19,16,3,11,8
13995,purser,pRsX,6,5,1,3,3
14002,pus,p^s,19,16,3,11,8
14017,putt,p^t,29,25,4,18,11
14018,puttee,p^ti,9,8,1,5,4
14019,putter,p^tX,14,11,3,10,4
14020,putty,p^ti,9,8,1,5,4
14029,pyre,pYr,22,19,3,15,7
14033,pyx,pIks,11,9,2,5,6
14037,quad,kwad,8,5,3,4,4
14055,quail,kwel,7,5,2,3,4
14057,quake,kwek,9,6,3,3,6
14071,quart,kwort,9,3,6,4,5
14078,quash,kwaS,5,4,1,2,3
14084,queer,kwIr,10,9,1,2,8
14085,quell,kwEl,5,4,1,3,2
14088,query,kwIri,5,3,2,3,2
14094,quick,kwIk,14,11,3,4,10
14097,quid,kwId,9,7,2,2,7
14102,quill,kwIl,13,10,3,4,9
14107,quint,kInt,10,8,2,7,3
14111,quip,kwIp,10,8,2,4,6
14112,quire,kwYr,6,3,3,3,3
14113,quirk,kwRk,6,5,1,2,4
14114,quirt,kwRt,8,5,3,3,5
14116,quit,kwIt,17,12,5,5,12
14117,quite,kwYt,10,7,3,3,7
14124,quoit,kwet,11,8,3,4,7
14129,quote,kwot,8,5,3,1,7
14139,rabble,r@bL,11,10,1,6,5
14143,race,res,29,22,7,17,12
14149,rack,r@k,29,26,3,18,11
14153,racy,resi,5,2,3,2,3
14173,raft,r@ft,14,8,6,9,5
14175,rag,r@g,28,24,4,17,11
14177,rage,reJ,19,16,3,7,12
14182,raid,red,29,24,5,18,11
14183,rail,rel,36,30,6,25,11
14188,rain,ren,38,28,10,24,14
14190,rainy,reni,6,5,1,3,3
14191,raise,rez,30,22,8,17,13
14192,raisin,rezN,7,5,2,5,2
14194,rake,rek,30,26,4,19,11
14196,rally,r@li,9,8,1,8,1
14197,ram,r@m,31,24,7,19,12
14198,ramble,r@mbL,6,3,3,5,1
14201,ramie,r@mi,6,5,1,3,3
14204,ramp,r@mp,14,10,4,10,4
14210,ran,r@n,28,23,5,15,13
14211,ranch,r@nC,5,3,2,2,3
14215,rancor,r@GkX,6,4,2,4,2
14216,rand,r@nd,15,11,4,12,3
14219,rang,r@G,21,20,1,10,11
14220,range,renJ,8,3,5,4,4
14222,rank,r@Gk,20,10,10,16,4
14223,rankle,r@GkL,6,4,2,3,3
14226,rant,r@nt,13,9,4,7,6
14227,rap,r@p,31,26,5,18,13
14229,rape,rep,26,21,5,15,11
14238,rapt,r@pt,5,2,3,1,4
14240,rare,rEr,22,20,2,17,5
14248,rash,r@S,26,20,6,15,11
14250,rasp,r@sp,7,3,4,4,3
14252,rat,r@t,37,31,6,23,14
14254,rate,ret,39,29,10,28,11
14270,rattle,r@tL,9,7,2,5,4
14278,rave,rev,26,22,4,15,11
14279,ravel,r@vL,9,7,2,6,3
14286,raw,rc,19,14,5,12,7
14287,ray,re,38,19,19,22,16
14291,razz,r@z,17,16,1,7,10
14292,reach,riC,20,17,3,10,10
14296,read,rid,28,25,3,18,10
14300,ready,rEdi,6,4,2,4,2
14302,real,riL,16,12,4,4,12
14312,ream,rim,24,21,3,13,11
14313,reamer,rimX,5,3,2,3,2
14314,reap,rip,27,25,2,16,11
14315,rear,rIr,32,29,3,21,11
14321,rebel,rEbL,7,6,1,5,2
14337,receipt,rIsit,5,4,1,1,4
14401,rector,rEktX,7,6,1,4,3
14408,red,rEd,29,21,8,21,8
14410,redden,rEdN,6,5,1,3,3
14425,reef,rif,22,19,3,11,11
14427,reek,rik,30,25,5,20,10
14428,reel,ril,34,28,6,20,14
14429,reeve,riv,21,19,2,11,10
14466,regal,rigL,6,4,2,4,2
14566,renal,rinL,5,4,1,3,2
14569,rend,rEnd,19,13,6,14,5
14581,rent,rEnt,17,15,2,12,5
14582,rental,rEntL,7,6,1,6,1
14665,resign,rIzYn,5,4,1,3,2
14693,rest,rEst,20,17,3,18,2
14715,retch,rEC,13,11,2,7,6
14738,rev,rEv,10,9,1,4,6
14742,revel,rEvL,9,7,2,5,4
14780,rheum,rum,24,20,4,15,9
14792,rhyme,rYm,25,20,5,14,11
14796,rib,rIb,19,18,1,8,11
14801,rice,rYs,23,18,5,13,10
14802,rich,rIC,21,20,1,10,11
14804,rick,rIk,34,27,7,20,14
14807,rid,rId,29,25,4,16,13
14809,ridden,rIdN,10,8,2,5,5
14810,riddle,rIdL,8,6,2,4,4
14811,ride,rYd,30,24,6,18,12
14812,rider,rYdX,6,4,2,3,3
14813,ridge,rIJ,14,13,1,3,11
14819,rife,rYf,18,16,2,7,11
14821,rifle,rYfL,6,3,3,3,3
14822,rift,rIft,12,8,4,9,3
14823,rig,rIg,26,21,5,13,13
14825,right,rYt,35,28,7,23,12
14832,rigor,rIgX,7,5,2,4,3
14833,rile,rYl,26,24,2,16,10
14834,rill,rIl,38,30,8,26,12
14835,rim,rIm,26,22,4,15,11
14837,rind,rYnd,10,8,2,9,1
14838,ring,rIG,23,21,2,11,12
14841,rink,rIGk,19,11,8,15,4
14842,rinse,rIns,5,4,1,4,1
14844,rip,rIp,32,28,4,20,12
14846,ripe,rYp,20,17,3,10,10
14849,ripple,rIpL,7,4,3,4,3
14851,rise,rYz,21,17,4,10,11
14852,risen,rIzN,8,7,1,6,2
14853,riser,rYzX,8,7,1,5,3
14857,risk,rIsk,9,5,4,5,4
14862,rival,rYvL,5,3,2,3,2
14864,rive,rYv,24,19,5,13,11
14865,riven,rIvxn,6,3,3,5,1
14867,rivet,rIvxt,7,5,2,5,2
14871,roach,roC,18,16,2,6,12
14872,road,rod,29,26,3,17,12
14875,roam,rom,28,24,4,16,12
14876,roan,ron,35,28,7,23,12
14877,roar,ror,31,28,3,19,12
14878,roast,rost,12,11,1,11,1
14879,rob,rab,17,16,1,14,3
14881,robe,rob,18,15,3,6,12
14885,rock,rak,23,20,3,19,4
14888,rod,rad,21,18,3,18,3
14891,roe,ro,38,17,21,22,16
14895,rogue,rog,18,15,3,6,12
14899,role,rol,34,30,4,21,13
14900,roller,rolX,9,8,1,6,3
14908,rood,rud,24,19,5,16,8
14909,roof,ruf,13,11,2,5,8
14910,rook,rUk,17,14,3,15,2
14914,roost,rust,7,5,2,5,2
14915,root,rut,30,26,4,21,9
14917,rope,rop,27,23,4,15,12
14919,rose,roz,26,22,4,13,13
14927,rosy,rozi,7,4,3,5,2
14928,rot,rat,29,26,3,25,4
14934,rote,rot,35,29,6,21,14
14936,rotor,rotX,6,4,2,2,4
14937,rotten,ratN,5,4,1,3,2
14943,rough,r^f,20,17,3,11,9
14953,rouse,rWz,10,7,3,8,2
14955,rout,rWt,21,18,3,19,2
14957,rove,rov,26,20,6,13,13
14958,rover,rovX,6,3,3,3,3
14961,rowel,rWL,9,8,1,7,2
14963,rub,r^b,23,18,5,14,9
14966,rubble,r^bL,13,10,3,7,6
14975,rue,ru,37,22,15,25,12
14976,ruffed,r^ft,8,6,2,3,5
14978,ruffle,r^fL,10,8,2,5,5
14979,rug,r^g,22,20,2,15,7
14985,rule,rul,23,18,5,14,9
14987,rum,r^m,29,23,6,20,9
14989,rumble,r^mbL,12,8,4,9,3
14994,rummy,r^mi,10,9,1,6,4
14996,rump,r^mp,14,11,3,11,3
15000,run,r^n,26,23,3,16,10
15006,rune,run,25,21,4,16,9
15010,runnel,r^nL,10,9,1,4,6
15012,runny,r^ni,12,11,1,7,5
15014,runt,r^nt,15,10,5,9,6
15020,ruse,rus,19,16,3,10,9
15021,rush,r^S,15,12,3,8,7
15022,rusk,r^sk,8,7,1,6,2
15025,rust,r^st,19,14,5,13,6
15033,rut,r^t,28,25,3,18,10
15037,rye,rY,37,20,17,23,14
15038,s,Es,21,12,9,11,10
15040,sable,sebL,10,8,2,9,1
15043,sac,s@k,28,23,5,20,8
15057,sad,s@d,25,21,4,15,10
15058,sadden,s@dN,6,5,1,3,3
15059,saddle,s@dL,7,4,3,3,4
15065,safe,sef,11,10,1,3,8
15068,sag,s@g,22,18,4,15,7
15072,sage,seJ,19,15,4,11,8
15075,said,sEd,21,17,4,16,5
15076,sail,sel,34,27,7,25,9
15077,sailor,selX,8,7,1,4,4
15078,saint,sent,6,4,2,4,2
15079,sake,sek,28,23,5,20,8
15080,saki,saki,10,7,3,6,4
15091,sallow,s@lo,12,9,3,10,2
15092,sally,s@li,15,13,2,11,4
15095,salt,sclt,11,8,3,7,4
15108,same,sem,21,19,2,13,8
15118,sand,s@nd,13,9,4,10,3
15119,sandal,s@ndL,7,4,3,5,2
15124,sane,sen,33,27,6,24,9
15125,sang,s@G,19,17,2,11,8
15133,sank,s@Gk,17,11,6,15,2
15136,sap,s@p,27,24,3,19,8
15148,sash,s@S,20,16,4,12,8
15151,sat,s@t,32,28,4,24,8
15156,sate,set,36,26,10,25,11
15161,satin,s@tN,8,7,1,6,2
15173,satyr,setX,9,8,1,4,5
15174,sauce,scs,10,8,2,6,4
15184,save,sev,22,18,4,13,9
15186,savor,sevX,8,6,2,3,5
15187,saw,sc,23,18,5,11,12
15190,say,se,37,23,14,17,20
15195,scale,skel,10,8,2,4,6
15201,scamp,sk@mp,5,3,2,3,2
15203,scan,sk@n,7,5,2,2,5
15209,scar,skar,10,8,2,3,7
15214,scare,skEr,11,8,3,5,6
15224,scene,sin,29,27,2,18,11
15231,scheme,skim,6,3,3,2,4
15240,school,skul,8,7,1,3,5
15250,scion,sY|n,5,2,3,3,2
15255,scone,skon,9,6,3,3,6
15256,scoop,skup,9,7,2,6,3
15257,scope,skop,7,5,2,3,4
15259,score,skor,14,10,4,7,7
15260,scorn,skorn,6,3,3,3,3
15263,scot,skat,14,10,4,5,9
15268,scour,skWr,7,5,2,1,6
15269,scourge,skRJ,5,4,1,2,3
15270,scout,skWt,10,9,1,3,7
15271,scow,skW,7,2,5,2,5
15272,scowl,skWl,8,6,2,1,7
15280,scream,skrim,6,4,2,2,4
15289,scrip,skrIp,7,4,3,2,5
15301,scud,sk^d,6,5,1,3,3
15303,scull,sk^l,8,6,2,1,7
15308,scum,sk^m,9,6,3,5,4
15310,scurf,skRf,6,5,1,1,5
15312,scurry,skRi,7,3,4,2,5
15316,scythe,sYD,11,10,1,5,6
15317,seal,sil,31,28,3,20,11
15319,seam,sim,22,18,4,10,12
15324,sear,sIr,33,26,7,25,8
15325,search,sRC,11,9,2,6,5
15329,seat,sit,32,28,4,21,11
15350,sector,sEktX,9,6,3,8,1
15358,sedge,sEJ,13,11,2,9,4
15364,seek,sik,31,25,6,19,12
15366,seep,sip,31,26,5,19,12
15368,seethe,siD,16,15,1,5,11
15375,seize,siz,22,17,5,9,13
15382,self,sElf,7,5,2,4,3
15403,sen,sEn,28,23,5,20,8
15404,senate,sEn|t,5,3,2,3,2
15407,send,sEnd,18,13,5,13,5
15413,senna,sEnx,5,4,1,1,4
15415,sense,sEns,13,11,2,7,6
15462,serf,sRf,8,6,2,3,5
15463,serge,sRJ,15,11,4,10,5
15474,serve,sRv,14,10,4,7,7
15482,set,sEt,32,24,8,22,10
15484,settee,sEti,6,5,1,3,3
15485,setter,sEtX,15,9,6,9,6
15486,settle,sEtL,10,9,1,6,4
15492,sever,sEvX,8,5,3,5,3
15495,sew,so,29,21,8,14,15
15497,sewer,suX,9,6,3,1,8
15499,sewn,son,27,23,4,22,5
15500,sex,sEks,6,5,1,4,2
15507,shabby,S@bi,7,5,2,4,3
15508,shack,S@k,22,20,2,16,6
15509,shackle,S@kL,5,4,1,4,1
15510,shad,S@d,20,18,2,15,5
15511,shade,Sed,18,17,1,12,6
15516,shake,Sek,24,22,2,17,7
15519,shale,Sel,27,26,1,21,6
15520,shall,S@l,13,10,3,6,7
15522,shallow,S@lo,12,10,2,7,5
15523,sham,S@m,15,13,2,10,5
15525,shame,Sem,17,16,1,11,6
15529,shank,S@Gk,12,9,3,11,1
15530,shape,Sep,16,15,1,10,6
15531,shard,Sard,12,11,1,9,3
15532,share,SEr,22,20,2,18,4
15533,shark,Sark,10,8,2,7,3
15534,sharp,Sarp,5,4,1,2,3
15536,shatter,S@tX,10,9,1,9,1
15541,she,Si,31,21,10,19,12
15542,sheaf,Sif,14,13,1,7,7
15543,shear,SIr,26,24,2,21,5
15545,sheath,SiT,11,10,1,4,7
15546,sheathe,SiD,11,9,2,3,8
15548,sheave,SIv,10,9,1,5,5
15549,sheaves,Sivz,6,5,1,5,1
15550,shed,SEd,17,16,1,14,3
15551,sheen,Sin,21,20,1,14,7
15552,sheep,Sip,20,19,1,13,7
15554,sheet,Sit,23,21,2,16,7
15555,shelf,SElf,6,3,3,3,3
15556,shell,SEl,21,18,3,16,5
15560,shelve,SElv,5,3,2,2,3
15565,sherry,SEri,8,6,2,7,1
15566,shew,So,23,17,6,14,9
15570,shill,SIl,25,23,2,21,4
15573,shin,SIn,20,19,1,16,4
15574,shine,SYn,21,17,4,17,4
15575,shiner,SYnX,5,4,1,3,2
15583,shire,SYr,16,14,2,14,2
15584,shirk,SRk,16,14,2,14,2
15585,shirr,SR,13,11,2,7,6
15586,shirt,SRt,15,14,1,13,2
15588,shoal,Sol,24,23,1,19,5
15589,shoat,Sot,22,19,3,16,6
15590,shock,Sak,21,20,1,17,4
15591,shod,Sad,18,15,3,13,5
15592,shoddy,Sadi,5,4,1,4,1
15593,shoe,Su,25,22,3,19,6
15595,shone,Son,23,20,3,17,6
15597,shop,Sap,16,15,1,12,4
15598,shore,Sor,28,23,5,21,7
15599,shorn,Sorn,11,9,2,8,3
15600,short,Sort,10,7,3,6,4
15609,shout,SWt,15,14,1,14,1
15610,shove,S^v,7,6,1,3,4
15617,shred,SrEd,8,6,2,6,2
15618,shrew,Sru,9,6,3,7,2
15619,shrewd,Srud,7,5,2,4,3
15620,shriek,Srik,6,4,2,5,1
15623,shrill,SrIl,8,5,3,7,1
15626,shrine,SrYn,5,4,1,3,2
15628,shrive,SrYv,6,5,1,3,3
15633,shrove,Srov,5,4,1,4,1
15640,shun,S^n,19,18,1,15,4
15641,shunt,S^nt,6,4,2,4,2
15642,shut,S^t,21,18,3,15,6
15643,shutter,S^tX,10,8,2,7,3
15644,shuttle,S^tL,5,4,1,1,4
15645,shy,SY,23,20,3,17,6
15648,sibyl,sIbL,7,6,1,4,3
15649,sick,sIk,29,23,6,18,11
15651,sickle,sIkL,13,11,2,8,5
15652,side,sYd,23,17,6,15,8
15657,sidle,sYdL,7,5,2,3,4
15658,siege,siJ,15,14,1,4,11
15661,sieve,sIv,14,13,1,6,8
15662,sift,sIft,9,7,2,6,3
15663,sigh,sY,35,24,11,17,18
15664,sign,sYn,31,24,7,24,7
15684,silk,sIlk,10,7,3,4,6
15685,sill,sIl,35,26,9,24,11
15686,silly,sIli,12,11,1,7,5
15688,silt,sIlt,19,15,4,12,7
15697,simmer,sImX,5,3,2,3,2
15709,sin,sIn,31,25,6,21,10
15710,since,sIns,8,7,1,4,4
15714,sing,sIG,22,17,5,14,8
15715,singe,sInJ,7,5,2,4,3
15722,sink,sIGk,17,12,5,14,3
15726,sip,sIp,28,25,3,21,7
15728,sir,sR,23,15,8,7,16
15729,sire,sYr,20,17,3,14,6
15735,sit,sIt,36,28,8,25,11
15738,six,sIks,8,7,1,5,3
15741,size,sYz,12,10,2,6,6
15744,skate,sket,11,10,1,5,6
15745,skein,sken,10,8,2,5,5
15748,skew,skyu,5,2,3,3,2
15750,ski,ski,9,3,6,4,5
15751,skid,skId,10,8,2,2,8
15753,skill,skIl,15,13,2,5,10
15755,skim,skIm,12,10,2,3,9
15757,skin,skIn,13,11,2,4,9
15760,skip,skIp,15,10,5,5,10
15763,skirt,skRt,10,8,2,2,8
15764,skit,skIt,14,12,2,4,10
15767,skunk,sk^Gk,5,4,1,4,1
15768,sky,skY,6,5,1,3,3
15769,slab,sl@b,11,10,1,4,7
15770,slack,sl@k,19,17,2,9,10
15772,slag,sl@g,14,12,2,6,8
15773,slain,slen,11,8,3,7,4
15774,slake,slek,12,9,3,5,7
15776,slam,sl@m,13,12,1,3,10
15778,slang,sl@G,11,10,1,2,9
15780,slap,sl@p,17,15,2,5,12
15781,slash,sl@S,15,12,3,7,8
15782,slat,sl@t,18,16,2,4,14
15783,slate,slet,18,15,3,8,10
15787,slave,slev,9,6,3,3,6
15792,slaw,slc,10,7,3,3,7
15793,slay,sle,19,12,7,9,10
15795,sled,slEd,10,8,2,7,3
15796,sledge,slEJ,6,4,2,4,2
15797,sleek,slik,12,10,2,6,6
15798,sleep,slip,13,10,3,5,8
15799,sleet,slit,17,15,2,8,9
15800,sleeve,sliv,7,6,1,2,5
15801,sleight,slYt,18,15,3,8,10
15804,sleuth,sluT,5,3,2,1,4
15805,slew,slu,15,10,5,7,8
15806,slice,slYs,8,5,3,3,5
15807,slick,slIk,15,11,4,5,10
15808,slicker,slIkX,7,5,2,3,4
15809,slid,slId,9,8,1,2,7
15810,slide,slYd,10,8,2,4,6
15812,slim,slIm,11,10,1,3,8
15813,slime,slYm,9,7,2,2,7
15814,sling,slIG,16,12,4,8,8
15815,slink,slIGk,8,4,4,6,2
15816,slip,slIp,17,14,3,6,11
15818,slipper,slIpX,7,5,2,2,5
15821,slit,slIt,18,15,3,7,11
15823,sliver,slIvX,6,5,1,3,3
15825,sloe,slo,16,10,6,9,7
15827,sloop,slup,14,11,3,6,8
15828,slop,slap,15,12,3,7,8
15829,slope,slop,9,7,2,3,6
15831,slot,slat,17,15,2,9,8
15836,slug,sl^g,10,9,1,4,6
15838,sluice,slus,5,3,2,1,4
15839,slum,sl^m,14,12,2,5,9
15841,slump,sl^mp,5,3,2,4,1
15842,slung,sl^G,14,11,3,6,8
15843,slunk,sl^Gk,8,6,2,7,1
15844,slur,slR,9,8,1,3,6
15845,slush,sl^S,10,9,1,4,6
15847,sly,slY,17,11,6,7,10
15848,smack,sm@k,9,7,2,5,4
15849,small,smcl,5,4,1,2,3
15853,smear,smIr,8,6,2,7,1
15854,smell,smEl,7,4,3,3,4
15856,smelt,smElt,5,2,3,3,2
15858,smile,smYl,5,4,1,2,3
15860,smirk,smRk,5,4,1,1,4
15861,smite,smYt,8,5,3,5,3
15867,smock,smak,6,4,2,3,3
15869,smoke,smok,7,6,1,3,4
15872,smote,smot,6,5,1,3,3
15876,smug,sm^g,8,6,2,3,5
15878,smut,sm^t,7,6,1,2,5
15879,smutch,sm^C,6,4,2,2,4
15880,snack,sn@k,10,8,2,5,5
15882,snag,sn@g,9,7,2,5,4
15883,snail,snel,5,3,2,4,1
15884,snake,snek,6,5,1,3,3
15885,snap,sn@p,9,7,2,3,6
15890,sneak,snik,7,5,2,3,4
15892,sneer,snIr,11,9,2,6,5
15896,sniff,snIf,7,6,1,2,5
15899,snip,snIp,11,8,3,4,7
15902,snitch,snIC,7,6,1,3,4
15905,snoop,snup,9,8,1,5,4
15907,snore,snor,9,6,3,6,3
15911,snub,sn^b,6,4,2,3,3
15912,snuff,sn^f,6,5,1,2,4
15913,snuffle,sn^fL,5,4,1,3,2
15914,snug,sn^g,6,5,1,2,4
15916,soak,sok,23,18,5,18,5
15917,soap,sop,21,17,4,16,5
15919,soar,sor,32,22,10,24,8
15920,sob,sab,18,16,2,13,5
15924,soccer,sakX,6,5,1,3,3
15934,sock,sak,26,22,4,19,7
15936,sod,sad,20,17,3,13,7
15942,soft,scft,5,3,2,3,2
15946,soil,sOl,13,10,3,12,1
15949,sol,sol,29,23,6,20,9
15951,solar,solX,13,11,2,7,6
15953,sold,sold,15,12,3,10,5
15954,solder,sadX,7,6,1,4,3
15957,solely,soli,11,10,1,7,4
15972,solo,solo,9,7,2,5,4
15983,some,s^m,23,19,4,16,7
15988,son,s^n,26,24,2,20,6
15991,song,scG,11,10,1,8,3
15996,soon,sun,24,21,3,18,6
15998,sooth,suT,11,9,2,5,6
15999,soothe,suD,9,7,2,3,6
16001,sop,sap,23,20,3,18,5
16015,sort,sort,14,8,6,10,4
16017,sot,sat,32,28,4,27,5
16020,sough,sW,21,17,4,10,11
16021,sought,sct,24,19,5,18,6
16024,soup,sup,22,16,6,16,6
16025,sour,sWr,10,7,3,7,3
16026,source,sors,8,7,1,5,3
16027,souse,sWs,8,7,1,5,3
16028,south,sWT,5,4,1,2,3
16037,soy,sO,13,12,1,4,9
16038,spa,spa,6,3,3,1,5
16039,space,spes,6,4,2,2,4
16042,spade,sped,9,7,2,3,6
16044,span,sp@n,9,8,1,2,7
16050,spar,spar,12,8,4,3,9
16051,spare,spEr,13,12,1,5,8
16053,spark,spark,5,2,3,2,3
16060,spat,sp@t,12,8,4,3,9
16061,spate,spet,15,12,3,6,9
16063,spatter,sp@tX,5,2,3,4,1
16066,spawn,spcn,8,7,1,2,6
16067,spay,spe,14,7,7,5,9
16068,speak,spik,11,9,2,5,6
16069,spear,spIr,15,13,2,7,8
16080,speck,spEk,8,7,1,1,7
16091,sped,spEd,11,8,3,3,8
16093,speed,spid,8,7,1,3,5
16096,spell,spEl,9,8,1,3,6
16098,spend,spEnd,5,3,2,3,2
16110,spice,spYs,9,6,3,2,7
16114,spike,spYk,10,8,2,1,9
16115,spill,spIl,13,9,4,5,8
16118,spilt,spIlt,6,3,3,3,3
16119,spin,spIn,12,10,2,3,9
16124,spine,spYn,18,13,5,6,12
16128,spire,spYr,14,9,5,3,11
16137,spit,spIt,16,11,5,4,12
16138,spite,spYt,15,12,3,3,12
16156,spoil,spOl,6,3,3,1,5
16159,spoke,spok,9,7,2,4,5
16170,spool,spul,9,8,1,3,6
16171,spoon,spun,11,10,1,2,9
16174,spore,spor,13,10,3,6,7
16175,sport,sport,7,3,4,6,1
16177,spot,spat,13,10,3,5,8
16179,spout,spWt,11,9,2,4,7
16184,spray,spre,7,4,3,2,5
16186,spree,spri,5,3,2,3,2
16189,spring,sprIG,5,4,1,2,3
16193,sprite,sprYt,5,3,2,1,4
16198,spry,sprY,5,2,3,1,4
16201,spun,sp^n,11,8,3,3,8
16203,spur,spR,11,5,6,3,8
16204,spurge,spRJ,8,4,4,4,4
16206,spurn,spRn,12,11,1,2,10
16207,spurt,spRt,12,10,2,2,10
16210,spy,spY,15,6,9,5,10
16211,squab,skwab,6,4,2,1,5
16213,squad,skwad,5,4,1,1,4
16220,squash,skwaS,5,3,2,2,3
16221,squat,skwat,6,4,2,1,5
16236,squirt,skwRt,5,3,2,1,4
16237,stab,st@b,7,6,1,3,4
16245,stack,st@k,16,13,3,6,10
16248,stag,st@g,9,6,3,5,4
16249,stage,steJ,11,8,3,2,9
16256,staid,sted,13,12,1,2,11
16257,stain,sten,17,14,3,5,12
16258,stair,stEr,12,10,2,5,7
16259,stake,stek,17,14,3,4,13
16261,stale,stel,17,14,3,4,13
16262,stalk,stck,9,7,2,1,8
16264,stall,stcl,10,9,1,3,7
16282,stank,st@Gk,7,4,3,6,1
16286,star,star,12,7,5,3,9
16290,stark,stark,7,5,2,2,5
16292,start,start,7,4,3,2,5
16297,state,stet,16,12,4,6,10
16314,stave,stev,10,8,2,2,8
16316,stay,ste,17,7,10,4,13
16317,stead,stEd,11,9,2,3,8
16319,steal,stil,11,9,2,2,9
16321,steam,stim,8,5,3,3,5
16322,steed,stid,10,9,1,3,7
16324,steep,stip,10,8,2,3,7
16326,steer,stIr,15,12,3,7,8
16329,stein,stYn,10,7,3,4,6
16352,stern,stRn,10,5,5,4,6
16357,stew,stu,13,5,8,5,8
16359,stick,stIk,18,13,5,4,14
16362,stiff,stIf,10,9,1,3,7
16368,stile,stYl,10,8,2,2,8
16370,still,stIl,17,14,3,5,12
16372,stilt,stIlt,7,3,4,4,3
16379,sting,stIG,14,10,4,6,8
16381,stink,stIGk,6,3,3,4,2
16387,stir,stR,9,6,3,3,6
16390,stoat,stot,10,8,2,2,8
16391,stock,stak,12,9,3,2,10
16404,stoke,stok,19,13,6,4,15
16405,stole,stol,15,11,4,2,13
16412,stone,ston,14,11,3,4,10
16415,stool,stul,12,10,2,3,9
16416,stoop,stup,12,9,3,5,7
16417,stop,stap,11,8,3,5,6
16420,store,stor,18,12,6,6,12
16423,stork,stork,7,4,3,2,5
16425,story,stori,5,2,3,1,4
16427,stout,stWt,6,5,1,4,2
16429,stow,sto,14,6,8,3,11
16433,straight,stret,8,4,4,1,7
16437,strain,stren,9,4,5,3,6
16444,strap,str@p,6,4,2,3,3
16456,stray,stre,10,4,6,4,6
16458,stream,strim,6,5,1,1,5
16460,street,strit,6,5,1,1,5
16467,strew,stru,6,3,3,2,4
16475,stride,strYd,7,5,2,2,5
16480,string,strIG,7,4,3,1,6
16484,strip,strIp,6,5,1,2,4
16485,stripe,strYp,8,7,1,1,7
16494,stroll,strol,6,4,2,2,4
16504,struck,str^k,8,6,2,2,6
16509,strung,str^G,7,6,1,2,5
16512,stub,st^b,11,7,4,3,8
16517,stuck,st^k,16,11,5,3,13
16518,stud,st^d,12,11,1,2,10
16523,study,st^di,6,4,2,2,4
16524,stuff,st^f,10,8,2,2,8
16530,stun,st^n,13,10,3,3,10
16531,stung,st^G,12,8,4,5,7
16532,stunk,st^Gk,8,5,3,6,2
16544,sty,stY,11,7,4,4,7
16552,sub,s^b,17,15,2,11,6
16605,subtile,s^tL,5,4,1,3,2
16619,succor,s^kX,8,7,1,3,5
16623,such,s^C,12,11,1,6,6
16625,suck,s^k,25,20,5,15,10
16626,suckle,s^kL,10,9,1,6,4
16633,sue,su,34,26,8,20,14
16634,suede,swed,7,5,2,3,4
16636,suffer,s^fX,7,6,1,3,4
16652,suit,sut,27,24,3,19,8
16657,suite,swit,9,7,2,4,5
16659,suitor,sutX,7,5,2,4,3
16663,sulk,s^lk,7,5,2,4,3
16665,sully,s^li,8,7,1,7,1
16678,summer,s^mX,7,5,2,2,5
16680,summon,s^mxn,7,6,1,5,2
16684,sunder,s^ndX,6,4,2,5,1
16688,sung,s^G,20,16,4,13,7
16689,sunk,s^Gk,17,11,6,14,3
16693,sup,s^p,17,14,3,9,8
16719,supper,s^pX,7,4,3,2,5
16721,supple,s^pL,6,5,1,2,4
16742,sure,SUr,9,8,1,7,2
16750,surly,sRli,7,5,2,6,1
16760,surrey,sRi,13,9,4,6,7
16779,swab,swab,10,8,2,3,7
16781,swag,sw@g,8,5,3,5,3
16782,swage,sweJ,7,3,4,4,3
16785,swain,swen,12,9,3,6,6
16789,swan,swan,11,10,1,1,10
16792,swap,swap,14,12,2,3,11
16793,sward,sword,7,4,3,3,4
16794,swarm,sworm,6,4,2,2,4
16795,swart,swort,10,7,3,6,4
16797,swash,swaS,10,9,1,2,8
16799,swat,swat,16,13,3,7,9
16802,sway,swe,9,4,5,5,4
16803,swear,swEr,11,9,2,8,3
16804,sweat,swEt,9,5,4,3,6
16806,swede,swid,8,6,2,5,3
16808,sweep,swip,9,7,2,4,5
16813,swell,swEl,10,8,2,6,4
16819,swig,swIg,10,9,1,3,7
16820,swill,swIl,15,13,2,7,8
16823,swine,swYn,10,8,2,6,4
16824,swing,swIG,12,10,2,5,7
16825,swipe,swYp,6,5,1,2,4
16827,swish,swIS,9,8,1,2,7
16829,switch,swIC,11,10,1,5,6
16832,swoon,swun,6,5,1,2,4
16833,swoop,swup,10,9,1,6,4
16834,sword,sord,13,11,2,9,4
16836,swore,swor,11,5,6,6,5
16837,sworn,sworn,6,4,2,2,4
16838,swum,sw^m,6,5,1,3,3
16839,swung,sw^G,5,4,1,3,2
16851,sylph,sIlf,5,4,1,1,4
16898,t,ti,33,23,10,19,14
16899,tab,t@b,17,15,2,9,8
16900,tabby,t@bi,10,8,2,5,5
16902,table,tebL,9,7,2,8,1
16920,tack,t@k,37,27,10,23,14
16921,tackle,t@kL,12,10,2,5,7
16922,tacky,t@ki,13,11,2,4,9
16923,tact,t@kt,10,5,5,4,6
16931,tag,t@g,21,20,1,14,7
16932,tail,tel,30,26,4,26,4
16934,tailor,telX,6,5,1,3,3
16935,taint,tent,8,7,1,7,1
16936,take,tek,25,23,2,22,3
16942,talk,tck,23,20,3,18,5
16944,tall,tcl,27,22,5,22,5
16945,tallow,t@lo,10,8,2,8,2
16946,tally,t@li,13,12,1,7,6
16952,tam,t@m,24,21,3,16,8
16956,tame,tem,19,18,1,16,3
16957,tamp,t@mp,11,6,5,8,3
16958,tamper,t@mpX,5,4,1,3,2
16959,tan,t@n,25,23,2,17,8
16962,tang,t@G,18,16,2,10,8
16968,tangle,t@GgL,9,8,1,8,1
16970,tank,t@Gk,16,11,5,11,5
16972,tanker,t@GkX,7,4,3,5,2
16973,tanner,t@nX,6,5,1,4,2
16980,tap,t@p,26,23,3,17,9
16981,tape,tep,16,14,2,12,4
16982,taper,tepX,7,6,1,4,3
16987,taps,t@ps,7,4,3,5,2
16989,tar,tar,20,16,4,15,5
16992,tare,tEr,23,20,3,20,3
16995,tarn,tarn,6,5,1,4,2
16999,tarry,t@ri,14,12,2,10,4
17000,tart,tart,14,8,6,9,5
17001,tartan,tartN,5,4,1,3,2
17002,tartar,tartX,6,5,1,4,2
17004,task,t@sk,9,7,2,5,4
17006,taste,test,9,8,1,7,2
17008,tat,t@t,31,26,5,20,11
17009,tatter,t@tX,15,13,2,11,4
17012,tattle,t@tL,14,12,2,9,5
17014,taught,tct,22,19,3,16,6
17015,taunt,tcnt,12,11,1,10,2
17016,taupe,top,23,19,4,14,9
17019,taw,tc,22,16,6,11,11
17022,tax,t@ks,9,6,3,3,6
17031,teach,tiC,13,11,2,6,7
17032,teak,tik,28,25,3,21,7
17033,teal,til,30,27,3,23,7
17034,team,tim,19,17,2,12,7
17037,tease,tiz,16,12,4,7,9
17040,teat,tIt,31,25,6,21,10
17056,teeth,tiT,12,11,1,5,7
17057,teethe,tiD,11,10,1,4,7
17079,tell,tEl,21,20,1,19,2
17084,temper,tEmpX,5,4,1,1,4
17102,ten,tEn,27,22,5,21,6
17109,tend,tEnd,16,11,5,11,5
17111,tender,tEndX,7,5,2,4,3
17119,tenet,tEn|t,6,4,2,2,4
17122,tenon,tEn|n,7,4,3,2,5
17123,tenor,tEnX,9,6,3,1,8
17126,tense,tEns,12,9,3,6,6
17127,tensile,tEnsL,5,3,2,4,1
17128,tension,tEnC|n,6,4,2,4,2
17130,tent,tEnt,19,17,2,13,6
17152,tern,tRn,19,17,2,15,4
17163,terror,tErX,5,2,3,1,4
17167,test,tEst,18,14,4,14,4
17172,tester,tEstX,5,3,2,3,2
17179,testy,tEsti,5,3,2,2,3
17190,Thai,tY,34,22,12,18,16
17192,than,D@n,12,11,1,11,1
17196,that,D@t,14,13,1,13,1
17198,thaw,Tc,15,12,3,11,4
17199,the,Dx,7,6,1,2,5
17202,thee,Di,24,22,2,18,6
17204,their,DEr,17,15,2,14,3
17208,them,DEm,5,4,1,3,2
17211,then,DEn,17,16,1,15,2
17221,theory,TIri,7,5,2,6,1
17245,these,Diz,9,7,2,8,1
17248,thew,Tu,21,20,1,18,3
17251,thick,TIk,13,12,1,10,3
17256,thieve,Tiv,9,7,2,6,3
17258,thieves,Tivz,5,3,2,4,1
17259,thigh,TY,19,18,1,17,2
17261,thin,TIn,16,14,2,13,3
17262,thine,DYn,15,14,1,14,1
17263,thing,TIG,11,10,1,8,3
17264,think,TIGk,13,10,3,11,2
17274,thong,TcG,9,7,2,7,2
17284,those,Doz,9,8,1,8,1
17286,though,Do,20,18,2,14,6
17287,thought,Tct,11,9,2,9,2
17290,thrash,Tr@S,5,4,1,4,1
17291,thread,TrEd,6,5,1,5,1
17293,three,Tri,9,8,1,7,2
17299,threw,Tru,10,8,2,7,3
17302,thrill,TrIl,7,6,1,6,1
17303,thrive,TrYv,5,4,1,3,2
17306,throat,Trot,6,4,2,2,4
17308,throe,Tro,14,10,4,9,5
17310,throne,Tron,8,6,2,5,3
17315,throve,Trov,8,6,2,4,4
17316,thrum,Tr^m,6,4,2,5,1
17317,thrush,Tr^S,5,4,1,3,2
17322,thumb,T^m,15,13,2,12,3
17323,thump,T^mp,9,8,1,8,1
17331,thy,DY,23,21,2,17,6
17332,thyme,tYm,21,19,2,11,10
17339,tic,tIk,30,26,4,23,7
17342,tickle,tIkL,10,7,3,6,4
17343,tidal,tYdL,6,4,2,3,3
17345,tide,tYd,22,17,5,10,12
17347,tidy,tYdi,6,5,1,3,3
17348,tier,tIr,29,27,2,23,6
17349,tiff,tIf,11,9,2,5,6
17353,tight,tYt,30,25,5,18,12
17357,tile,tYl,29,26,3,20,9
17358,till,tIl,35,28,7,26,9
17360,tiller,tIlX,7,6,1,3,4
17361,tilt,tIlt,15,11,4,10,5
17376,tin,tIn,30,25,5,21,9
17380,tine,tYn,33,28,5,23,10
17382,tinge,tInJ,7,5,2,4,3
17383,tingle,tIGgL,8,7,1,7,1
17385,tinkle,tIGkL,7,5,2,3,4
17386,tinny,tIni,11,10,1,8,3
17390,tint,tInt,14,11,3,9,5
17393,tiny,tYni,7,6,1,5,2
17394,tip,tIp,25,23,2,18,7
17396,tipple,tIpL,8,5,3,5,3
17401,tire,tYr,26,22,4,16,10
17405,titan,tYtN,5,4,1,2,3
17409,tithe,tYD,13,12,1,4,9
17412,title,tYtL,10,8,2,5,5
17415,titter,tItX,9,7,2,6,3
17417,tittle,tItL,10,9,1,6,4
17420,to,tu,31,22,9,18,13
17421,toad,tod,20,16,4,10,10
17423,toast,tost,11,10,1,9,2
17429,toddle,tadL,8,7,1,6,2
17430,toddy,tadi,9,8,1,7,2
17431,toe,to,31,19,12,16,15
17434,tog,tag,8,7,1,4,4
17439,toil,tOl,15,13,2,14,1
17445,told,told,11,8,3,9,2
17450,toll,tol,33,29,4,24,9
17453,tomb,tum,22,19,3,13,9
17457,tome,tom,22,20,2,14,8
17461,ton,t^n,28,25,3,20,8
17462,tonal,tonL,5,3,2,3,2
17464,tone,ton,33,27,6,23,10
17465,tong,tcG,12,11,1,7,5
17467,tongue,t^G,16,15,1,10,6
17476,too,tu,31,22,9,18,13
17478,tool,tul,23,20,3,15,8
17479,toot,tut,27,23,4,17,10
17480,tooth,tuT,14,10,4,5,9
17484,top,tap,21,17,4,16,5
17494,tops,taps,5,4,1,3,2
17496,toque,tok,29,25,4,20,9
17497,tor,tor,36,27,9,22,14
17499,torch,torC,8,6,2,1,7
17502,torn,torn,16,14,2,9,7
17509,torque,tork,11,8,3,4,7
17515,tort,tort,15,13,2,7,8
17520,Tory,tori,13,10,3,6,7
17521,toss,tcs,10,9,1,5,5
17522,tot,tat,26,24,2,22,4
17523,total,totL,8,7,1,5,3
17527,tote,tot,30,23,7,18,12
17529,touch,t^C,12,11,1,5,7
17533,tough,t^f,17,15,2,10,7
17541,tout,tWt,20,17,3,17,3
17543,towel,tWL,9,7,2,5,4
17556,toy,tO,12,10,2,4,8
17557,trace,tres,13,11,2,4,9
17560,track,tr@k,10,7,3,3,7
17561,tract,tr@kt,5,1,4,3,2
17567,trade,tred,13,9,4,4,9
17577,trail,trel,13,10,3,5,8
17578,train,tren,15,12,3,9,6
17579,trait,tret,19,15,4,9,10
17583,tram,tr@m,11,7,4,5,6
17585,tramp,tr@mp,8,3,5,4,4
17640,trap,tr@p,13,8,5,4,9
17648,trash,tr@S,7,6,1,4,3
17656,trawl,trcl,10,9,1,5,5
17657,tray,tre,19,11,8,9,10
17660,tread,trEd,12,9,3,5,7
17666,treat,trit,10,7,3,3,7
17669,treble,trEbL,6,4,2,3,3
17671,tree,tri,16,11,5,8,8
17673,trek,trEk,6,5,1,1,5
17682,trend,trEnd,5,2,3,3,2
17686,tress,trEs,11,9,2,4,7
17693,tribal,trYbL,5,3,2,2,3
17694,tribe,trYb,9,7,2,1,8
17701,trice,trYs,15,13,2,4,11
17705,trick,trIk,13,10,3,5,8
17706,trickle,trIkL,7,5,2,5,2
17712,tried,trYd,16,11,5,5,11
17716,trig,trIg,9,7,2,4,5
17719,trill,trIl,15,13,2,8,7
17722,trim,trIm,9,8,1,4,5
17724,trine,trYn,13,10,3,4,9
17729,trip,trIp,14,10,4,5,9
17731,tripe,trYp,15,11,4,4,11
17732,triple,trIpL,5,2,3,3,2
17740,trite,trYt,17,13,4,6,11
17755,trod,trad,7,5,2,2,5
17757,troll,trol,9,5,4,4,5
17761,troop,trup,10,9,1,3,7
17763,trope,trop,9,6,3,3,6
17767,trot,trat,8,6,2,3,5
17768,troth,trcT,6,5,1,3,3
17770,trouble,tr^bL,5,4,1,3,2
17775,trout,trWt,8,6,2,3,5
17776,trow,tro,17,12,5,8,9
17780,truce,trus,9,6,3,1,8
17781,truck,tr^k,9,5,4,2,7
17782,truckle,tr^kL,5,4,1,2,3
17786,TRUE,tru,18,11,7,8,10
17798,trust,tr^st,6,3,3,4,2
17801,truth,truT,5,3,2,1,4
17802,try,trY,19,10,9,6,13
17804,tub,t^b,17,16,1,11,6
17806,tube,tub,12,8,4,2,10
17807,tuber,tubX,5,4,1,1,4
17815,tuck,t^k,28,24,4,20,8
17824,tumble,t^mbL,8,5,3,7,1
17835,tune,tun,27,23,4,18,9
17840,tunnel,t^nL,7,6,1,4,3
17841,tunny,t^ni,12,11,1,9,3
17842,tuque,tuk,19,17,2,11,8
17853,Turk,tRk,23,21,2,18,5
17867,tusk,t^sk,9,6,3,5,4
17872,tutor,tutX,8,7,1,5,3
17877,twain,twen,6,5,1,4,2
17888,twig,twIg,8,7,1,4,4
17890,twill,twIl,10,8,2,5,5
17891,twin,twIn,9,6,3,2,7
17892,twine,twYn,8,6,2,5,3
17897,twit,twIt,11,7,4,4,7
17898,twitch,twIC,7,6,1,3,4
17903,tyke,tYk,25,24,1,16,9
17906,type,tYp,18,16,2,9,9
17928,umbel,^mbL,8,2,6,7,1
17929,umber,^mbX,6,3,3,5,1
18160,up,^p,7,3,4,5,2
18179,upper,^pX,5,3,2,4,1
18208,urban,Rb|n,5,3,2,4,1
18220,urge,RJ,11,6,5,7,4
18230,us,^s,10,5,5,9,1
18234,use,yuz,13,9,4,9,4
18259,v,vi,22,19,3,19,3
18278,vail,vel,24,22,2,21,3
18279,vain,ven,19,18,1,15,4
18298,valley,v@li,11,10,1,9,2
18313,van,v@n,12,11,1,11,1
18351,vary,vEri,10,7,3,8,2
18353,vase,ves,16,15,1,13,3
18356,vast,v@st,13,10,3,10,3
18358,vat,v@t,17,15,2,15,2
18363,vaunt,vcnt,10,9,1,9,1
18364,veal,vil,20,17,3,18,2
18368,veer,vIr,20,17,3,17,3
18369,veery,vIri,9,6,3,6,3
18390,venal,vinL,6,4,2,4,2
18394,vend,vEnd,14,11,3,10,4
18396,vender,vEndX,6,5,1,3,3
18410,vent,vEnt,16,14,2,12,4
18423,verb,vRb,6,5,1,2,4
18436,verge,vRJ,9,7,2,5,4
18456,verse,vRs,15,12,3,10,5
18457,versed,vRst,10,8,2,8,2
18481,vessel,vEsL,6,5,1,4,2
18482,vest,vEst,19,16,3,14,5
18483,vestal,vEstL,5,3,2,2,3
18484,vestee,vEsti,5,3,2,2,3
18492,vet,vEt,16,14,2,13,3
18493,vetch,vEC,6,5,1,5,1
18500,via,vYx,7,5,2,1,6
18505,vial,vYL,10,6,4,1,9
18513,vicar,vIkX,7,6,1,5,2
18517,vice,vYs,16,14,2,10,6
18540,vie,vY,25,18,7,17,8
18541,vier,vYX,9,6,3,1,8
18552,vile,vYl,22,19,3,15,7
18553,vilely,vYli,5,4,1,3,2
18570,vine,vYn,21,19,2,14,7
18576,vinyl,vYnL,7,5,2,3,4
18596,virile,vIrL,5,4,1,1,4
18625,visor,vYzX,6,5,1,4,2
18633,vital,vYtL,6,4,2,2,4
18671,voice,vOs,7,6,1,4,3
18672,voiced,vOst,8,7,1,7,1
18674,voile,vOl,12,11,1,10,2
18680,vole,vol,21,20,1,18,3
18684,volt,volt,9,7,2,7,2
18706,vote,vot,15,13,2,12,3
18708,vouch,vWC,6,4,2,4,2
18710,vow,vW,14,11,3,10,4
18711,vowel,vWL,7,6,1,5,2
18734,wad,wad,22,17,5,17,5
18736,waddle,wadL,12,9,3,6,6
18737,wade,wed,24,21,3,16,8
18739,wadi,wadi,6,5,1,4,2
18743,wag,w@g,14,12,2,13,1
18744,wage,weJ,17,13,4,8,9
18753,waif,wef,13,11,2,4,9
18754,wail,wel,32,28,4,24,8
18755,wain,wen,29,26,3,21,8
18758,waist,west,8,7,1,7,1
18762,wait,wet,27,22,5,18,9
18764,waive,wev,21,18,3,11,10
18765,waiver,wevX,7,5,2,3,4
18766,wake,wek,26,22,4,18,8
18768,walk,wck,15,14,1,12,3
18769,wall,wcl,23,19,4,18,5
18783,wan,wan,14,12,2,11,3
18784,wand,wand,9,6,3,6,3
18785,wander,wandX,6,5,1,5,1
18787,wangle,w@GgL,8,6,2,7,1
18788,want,wcnt,9,8,1,8,1
18791,war,wor,29,20,9,19,10
18795,ward,word,21,15,6,11,10
18799,ware,wEr,25,21,4,19,6
18805,warm,worm,11,8,3,4,7
18809,warn,worn,15,13,2,9,6
18810,warp,worp,7,6,1,1,6
18817,wart,wort,15,11,4,9,6
18820,wary,w@ri,11,10,1,9,2
18822,wash,wcS,7,4,3,2,5
18846,watt,wat,25,21,4,21,4
18847,wattle,watL,8,7,1,3,5
18851,way,we,30,20,10,17,13
18854,we,wi,30,22,8,18,12
18855,weak,wik,22,19,3,16,6
18857,weal,wil,28,24,4,21,7
18858,weald,wild,10,8,2,8,2
18859,wealth,wElT,6,5,1,1,5
18860,wean,win,25,21,4,17,8
18865,weary,wIri,11,8,3,8,3
18875,weave,wiv,16,13,3,9,7
18876,web,wEb,10,8,2,3,7
18878,wed,wEd,25,22,3,16,9
18880,wedge,wEJ,12,11,1,6,6
18883,weed,wid,24,20,4,17,7
18884,weeny,wini,5,4,1,3,2
18885,weep,wip,18,16,2,12,6
18887,weft,wEft,10,9,1,5,5
18889,welch,wElC,7,6,1,1,6
18891,weld,wEld,16,13,3,8,8
18894,well,wEl,31,22,9,20,11
18896,welt,wElt,21,17,4,10,11
18899,wen,wEn,29,24,5,20,9
18900,wench,wEnC,8,6,2,4,4
18901,wend,wEnd,18,15,3,12,6
18902,went,wEnt,19,17,2,11,8
18903,wept,wEpt,7,5,2,2,5
18906,west,wEst,19,17,2,14,5
18908,wet,wEt,29,22,7,18,11
18911,whale,hwel,7,4,3,3,4
18913,wharf,worf,7,5,2,1,6
18916,what,hwat,7,5,2,3,4
18920,wheal,hwil,7,5,2,2,5
18921,wheat,hwit,9,8,1,3,6
18928,when,hwEn,6,3,3,2,4
18932,where,hwEr,7,4,3,4,3
18944,whet,hwEt,8,7,1,2,6
18946,which,hwIC,11,9,2,4,7
18952,Whig,hwIg,10,9,1,3,7
18953,while,hwYl,8,5,3,2,6
18956,whim,hwIm,9,8,1,2,7
18962,whine,hwYn,7,5,2,3,4
18964,whip,hwIp,10,9,1,2,8
18971,whirl,hwRl,8,5,3,4,4
18976,whish,hwIS,9,8,1,2,7
18983,whit,hwIt,17,13,4,4,13
18984,white,hwYt,11,7,4,3,8
18999,whizz,hwIz,10,9,1,2,8
19000,who,hu,31,25,6,19,12
19005,whom,hum,17,16,1,12,5
19010,whore,hor,30,24,6,19,11
19012,whose,huz,16,14,2,11,5
19015,why,hwY,6,1,5,1,5
19016,wick,wIk,26,23,3,16,10
19018,wicker,wIkX,8,6,2,6,2
19021,wide,wYd,26,23,3,15,11
19028,wife,wYf,15,14,1,6,9
19030,wig,wIg,20,16,4,11,9
19032,wiggle,wIgL,5,4,1,4,1
19033,wight,wYt,26,23,3,17,9
19036,wild,wYld,10,8,2,7,3
19041,wile,wYl,29,24,5,18,11
19044,will,wIl,34,28,6,24,10
19048,willow,wIlo,8,6,2,3,5
19051,wilt,wIlt,14,10,4,10,4
19055,win,wIn,31,25,6,19,12
19056,wince,wIns,9,7,2,5,4
19057,winch,wInC,11,8,3,6,5
19058,wind,wInd,11,8,3,3,8
19073,wine,wYn,30,26,4,21,9
19075,wing,wIG,18,15,3,8,10
19078,wink,wIGk,14,10,4,10,4
19080,winnow,wIno,8,6,2,1,7
19085,wipe,wYp,14,12,2,5,9
19086,wire,wYr,22,19,3,13,9
19090,wise,wYz,15,13,2,5,10
19092,wish,wIS,13,11,2,5,8
19096,wit,wIt,31,25,6,21,10
19097,witch,wIC,20,15,5,11,9
19100,with,wIT,13,12,1,4,9
19103,wither,wIDX,9,7,2,6,3
19115,witty,wIti,7,6,1,4,3
19116,wive,wYv,19,17,2,9,10
19117,wives,wYvz,5,3,2,3,2
19120,woad,wod,22,18,4,16,6
19121,woe,wo,23,18,5,14,9
19124,woke,wok,18,16,2,14,4
19126,wold,wold,15,13,2,13,2
19134,womb,wum,9,8,1,8,1
19141,woo,wu,24,23,1,18,6
19142,wood,wUd,15,13,2,11,4
19153,woof,wUf,6,5,1,3,3
19154,wool,wUl,13,11,2,9,4
19157,wooly,wUli,6,5,1,4,2
19159,word,wRd,19,18,1,12,7
19161,work,wRk,20,18,2,14,6
19168,world,wRld,5,4,1,4,1
19175,worry,wRi,12,10,2,4,8
19176,worse,wRs,14,12,2,6,8
19179,worst,wRst,10,7,3,7,3
19181,wort,wRt,20,18,2,13,7
19182,worth,wRT,13,12,1,7,6
19186,wove,wov,12,11,1,8,4
19188,wraith,reT,15,14,1,4,11
19189,wrangle,r@GgL,8,7,1,7,1
19191,wrasse,r@s,23,18,5,12,11
19194,wreathe,riD,15,14,1,5,10
19195,wreck,rEk,18,17,1,13,5
19196,wren,rEn,26,22,4,18,8
19197,wrench,rEnC,10,5,5,6,4
19198,wrestle,rEsL,8,7,1,5,3
19201,wriggle,rIgL,8,7,1,4,4
19202,wrinkle,rIGkL,5,3,2,4,1
19203,wrist,rIst,16,11,5,11,5
19206,writ,rIt,37,32,5,23,14
19207,writer,rYtX,7,6,1,4,3
19208,writhe,rYD,14,13,1,4,10
19210,written,rItN,8,6,2,5,3
19211,wrong,rcG,13,10,3,10,3
19214,wroth,rcT,10,6,4,7,3
19215,wrought,rct,23,19,4,20,3
19216,x,Eks,8,4,4,6,2
19230,y,wY,32,21,11,18,14
19235,yak,y@k,14,13,1,11,3
19236,yam,y@m,12,10,2,9,3
19238,yank,y@Gk,12,9,3,10,2
19244,yarn,yarn,5,4,1,3,2
19246,yawl,ycl,16,15,1,14,2
19247,yawn,ycn,12,11,1,10,2
19250,ye,yi,21,19,2,18,3
19252,yean,yin,15,14,1,14,1
19258,yell,yEl,19,16,3,14,5
19259,yellow,yElo,7,6,1,5,2
19261,yen,yEn,20,19,1,17,3
19263,yes,yEs,9,8,1,6,3
19272,yoke,yok,12,10,2,10,2
19274,yon,yan,10,9,1,8,2
19276,yore,yor,19,17,2,17,2
19282,youth,yuT,7,6,1,3,4
19289,yule,yul,16,12,4,12,4
19292,z,zi,22,18,4,20,2
19294,zeal,zil,15,13,2,14,1
19301,Zen,zEn,15,14,1,14,1
19309,zinc,zIGk,11,9,2,10,1
19310,zing,zIG,9,8,1,7,2
19313,zip,zIp,14,13,1,12,2
19314,zipper,zIpX,6,5,1,4,2
19324,zone,zon,17,13,4,15,2
19326,zoo,zu,20,19,1,18,2
19332,zoom,zum,8,7,1,7,1