node,all,replace,delins
1,285,138,147
2,285,138,147
3,285,138,147
9,24,16,8
14,188,145,43
18,3,2,1
19,17,8,9
20,21,7,14
21,21,7,14
22,21,7,14
23,19,10,9
24,19,10,9
25,4,2,2
26,25,8,17
27,25,8,17
29,4,2,2
30,25,8,17
31,16,6,10
32,7,4,3
33,8,3,5
34,8,3,5
35,8,3,5
36,8,3,5
37,25,8,17
38,25,17,8
39,15,8,7
40,5,1,4
41,16,6,10
42,16,6,10
43,16,6,10
44,16,6,10
45,16,6,10
46,16,6,10
47,16,6,10
48,16,6,10
49,2,0,2
50,2,0,2
51,1,1,0
91,1,1,0
92,22,14,8
102,75,39,36
103,75,39,36
105,5,3,2
106,2,0,2
107,56,36,20
108,75,39,36
109,75,39,36
110,2,0,2
111,2,0,2
112,41,28,13
113,41,28,13
114,41,28,13
115,35,25,10
116,35,25,10
117,35,25,10
118,49,12,37
119,3,1,2
120,3,1,2
121,49,12,37
122,49,12,37
123,11,6,5
124,11,6,5
125,51,38,13
126,5,3,2
127,7,4,3
128,15,6,9
129,56,36,20
130,56,36,20
131,56,36,20
132,5,2,3
133,5,2,3
134,38,28,10
135,12,7,5
136,15,5,10
137,15,5,10
138,15,5,10
139,15,5,10
140,12,7,5
141,44,23,21
142,13,9,4
143,2,0,2
144,13,8,5
145,13,8,5
146,40,16,24
147,40,16,24
148,40,16,24
149,40,16,24
150,40,16,24
151,40,16,24
152,40,16,24
153,14,3,11
154,40,16,24
155,40,16,24
156,40,16,24
161,17,6,11
162,17,6,11
163,25,8,17
164,25,8,17
165,83,74,9
166,83,74,9
167,16,6,10
168,18,15,3
171,10,9,1
172,7,6,1
173,7,6,1
174,7,6,1
175,7,6,1
176,10,9,1
177,11,1,10
178,7,6,1
182,7,6,1
183,7,6,1
184,7,6,1
191,4,2,2
193,1,0,1
194,11,11,0
195,11,11,0
196,83,74,9
197,7,5,2
198,7,5,2
199,5,2,3
200,5,2,3
201,7,5,2
204,18,11,7
205,18,11,7
206,20,16,4
207,38,13,25
208,19,6,13
209,19,6,13
210,19,6,13
211,19,6,13
212,19,6,13
213,19,6,13
214,19,6,13
234,46,17,29
235,12,2,10
236,12,2,10
240,21,13,8
241,21,13,8
242,2,2,0
243,2,2,0
244,21,13,8
245,7,5,2
246,12,8,4
247,6,4,2
248,21,13,8
249,21,13,8
250,11,9,2
251,11,9,2
252,11,9,2
253,11,9,2
254,11,9,2
255,11,9,2
256,15,3,12
257,2,1,1
258,6,5,1
259,2,1,1
260,11,9,2
261,11,9,2
262,6,5,1
263,6,5,1
264,6,5,1
265,7,6,1
266,16,2,14
267,1,0,1
268,7,4,3
269,11,9,2
270,1,0,1
283,12,9,3
284,9,6,3
285,9,6,3
286,9,6,3
287,9,6,3
289,6,3,3
290,12,7,5
291,12,7,5
292,4,1,3
293,4,1,3
294,12,7,5
295,2,1,1
296,13,1,12
297,13,1,12
298,19,8,11
299,19,8,11
300,24,20,4
301,2,1,1
302,13,8,5
305,10,10,0
306,10,10,0
307,17,17,0
308,10,10,0
309,10,10,0
310,10,10,0
311,10,10,0
312,10,10,0
313,10,10,0
314,10,10,0
315,10,10,0
316,10,10,0
317,10,10,0
318,10,10,0
319,38,13,25
320,25,18,7
323,5,1,4
324,5,1,4
325,26,16,10
326,26,16,10
327,26,16,10
328,26,16,10
329,21,16,5
330,38,13,25
331,38,13,25
332,47,17,30
333,9,8,1
334,8,7,1
335,8,7,1
336,8,7,1
337,8,7,1
338,3,2,1
339,3,1,2
340,8,7,1
341,8,7,1
342,38,13,25
343,47,17,30
344,12,2,10
345,3,2,1
346,20,16,4
347,38,13,25
348,3,2,1
349,6,1,5
350,47,17,30
351,47,17,30
352,47,17,30
353,47,17,30
354,47,17,30
355,47,17,30
356,47,17,30
365,13,9,4
366,13,9,4
367,13,9,4
368,12,11,1
369,4,4,0
370,33,19,14
371,33,19,14
372,33,19,14
373,33,19,14
374,27,5,22
375,20,10,10
376,27,5,22
377,20,10,10
378,23,19,4
379,1,0,1
380,1,0,1
381,1,1,0
382,41,25,16
383,22,22,0
384,28,23,5
385,28,23,5
386,28,23,5
387,28,23,5
388,21,6,15
389,8,6,2
390,8,6,2
391,8,6,2
392,8,6,2
393,8,6,2
394,8,6,2
395,21,6,15
396,8,6,2
397,8,6,2
398,28,23,5
399,28,23,5
400,11,9,2
401,11,9,2
402,6,4,2
403,6,4,2
404,6,4,2
405,17,3,14
407,17,3,14
408,8,5,3
409,2,1,1
410,1,1,0
411,28,23,5
412,3,0,3
413,14,11,3
414,11,4,7
415,8,8,0
416,9,8,1
417,9,8,1
418,9,8,1
419,9,8,1
420,2,0,2
421,8,8,0
422,1,1,0
423,1,1,0
424,1,1,0
425,1,1,0
426,9,9,0
427,6,4,2
428,8,8,0
441,13,10,3
462,30,17,13
465,2,0,2
466,2,0,2
471,2,0,2
472,30,17,13
473,24,16,8
474,21,13,8
475,21,13,8
476,21,13,8
477,21,13,8
478,21,15,6
479,21,15,6
480,22,0,22
481,22,0,22
482,22,8,14
483,5,3,2
484,7,3,4
485,4,2,2
486,4,2,2
487,22,0,22
488,22,8,14
489,11,1,10
490,3,1,2
491,21,16,5
492,1,0,1
493,5,0,5
494,22,8,14
495,22,8,14
496,22,8,14
497,22,8,14
498,22,8,14
499,22,8,14
500,22,8,14
502,4,2,2
503,12,9,3
504,12,9,3
505,12,9,3
506,12,9,3
507,12,9,3
508,12,9,3
543,3,3,0
544,3,3,0
545,14,14,0
546,15,15,0
547,15,15,0
548,15,15,0
549,15,15,0
550,15,15,0
551,24,24,0
555,24,24,0
556,14,14,0
557,24,24,0
558,24,24,0
559,24,24,0
560,24,24,0
561,24,24,0
562,24,24,0
563,24,24,0
567,7,6,1
572,11,7,4
573,11,7,4
574,19,9,10
575,19,9,10
576,15,9,6
577,13,6,7
578,13,6,7
579,13,6,7
580,13,6,7
581,16,10,6
582,21,7,14
583,21,7,14
584,21,7,14
585,12,6,6
589,21,7,14
590,21,7,14
591,21,7,14
592,19,9,10
593,19,9,10
594,4,0,4
595,12,6,6
596,12,6,6
600,12,6,6
601,5,1,4
602,5,1,4
605,2,1,1
606,12,11,1
660,9,5,4
661,9,5,4
662,9,5,4
663,10,7,3
664,10,7,3
665,10,7,3
666,10,7,3
731,36,25,11
732,23,20,3
733,25,21,4
734,25,21,4
735,25,21,4
736,25,21,4
737,23,20,3
738,26,6,20
739,26,6,20
740,31,27,4
741,7,7,0
742,9,9,0
743,9,9,0
744,9,9,0
745,7,6,1
746,3,2,1
747,26,6,20
748,3,3,0
749,31,27,4
750,14,4,10
756,21,18,3
757,7,3,4
758,31,27,4
759,31,27,4
760,31,27,4
761,31,27,4
762,31,27,4
763,31,27,4
764,31,27,4
765,31,27,4
766,33,18,15
770,40,28,12
771,40,28,12
772,2,0,2
773,2,0,2
776,2,0,2
784,16,13,3
785,16,13,3
786,16,13,3
787,9,3,6
788,16,13,3
789,16,13,3
790,2,2,0
792,16,13,3
793,28,22,6
794,29,23,6
795,29,23,6
796,29,23,6
797,25,19,6
798,33,18,15
799,33,18,15
800,33,18,15
801,48,42,6
802,9,9,0
803,14,14,0
804,14,14,0
805,14,14,0
806,9,9,0
807,8,8,0
808,9,9,0
809,33,18,15
810,33,18,15
811,48,42,6
812,4,2,2
813,20,13,7
814,48,42,6
815,48,42,6
816,48,42,6
817,48,42,6
818,2,2,0
819,2,2,0
822,4,1,3
823,4,1,3
825,4,1,3
840,2,0,2
841,2,0,2
842,2,0,2
843,20,14,6
844,20,14,6
845,5,4,1
848,21,18,3
849,23,19,4
850,23,19,4
851,23,19,4
852,23,19,4
853,21,17,4
854,21,17,4
855,3,0,3
856,3,0,3
857,21,17,4
858,30,8,22
859,1,1,0
860,1,1,0
861,30,8,22
862,29,18,11
863,1,0,1
864,29,18,11
866,21,18,3
867,5,1,4
868,29,18,11
869,29,18,11
870,29,18,11
871,29,18,11
872,29,18,11
873,29,18,11
874,29,18,11
875,29,18,11
876,1,0,1
877,1,0,1
878,1,0,1
897,17,12,5
899,17,12,5
978,5,4,1
979,12,0,12
985,1,0,1
986,5,4,1
987,1,0,1
988,1,0,1
989,1,0,1
990,1,0,1
991,1,0,1
992,1,0,1
993,1,0,1
994,1,0,1
995,1,0,1
996,13,10,3
997,14,9,5
998,14,9,5
999,13,10,3
1002,16,0,16
1003,16,0,16
1004,13,5,8
1005,2,2,0
1006,3,2,1
1007,2,2,0
1008,13,5,8
1009,6,0,6
1010,12,10,2
1011,13,5,8
1012,13,5,8
1013,13,5,8
1014,13,5,8
1029,9,9,0
1030,9,9,0
1031,22,15,7
1032,1,0,1
1033,1,0,1
1034,31,20,11
1035,21,15,6
1036,29,17,12
1037,3,3,0
1038,29,17,12
1039,43,34,9
1040,6,3,3
1041,43,34,9
1042,43,34,9
1043,43,34,9
1044,43,34,9
1045,43,34,9
1046,43,34,9
1047,43,34,9
1060,9,3,6
1063,9,3,6
1080,24,19,5
1081,25,17,8
1082,25,17,8
1083,25,17,8
1084,25,17,8
1085,23,19,4
1086,23,19,4
1091,26,0,26
1094,26,0,26
1095,18,10,8
1106,26,0,26
1107,18,10,8
1108,18,10,8
1109,25,19,6
1110,25,19,6
1111,2,0,2
1112,24,19,5
1113,5,0,5
1114,18,10,8
1115,18,10,8
1116,18,10,8
1117,18,10,8
1118,18,10,8
1119,18,10,8
1120,18,10,8
1121,18,10,8
1122,5,0,5
1123,5,0,5
1124,5,0,5
1125,5,0,5
1126,5,0,5
1127,5,0,5
1128,5,0,5
1129,22,2,20
1130,9,7,2
1131,10,8,2
1132,10,8,2
1133,10,8,2
1134,10,8,2
1135,9,7,2
1136,22,2,20
1137,11,9,2
1138,10,8,2
1139,10,8,2
1140,5,0,5
1141,5,0,5
1142,9,7,2
1143,9,7,2
1144,9,7,2
1145,7,5,2
1146,23,2,21
1149,23,2,21
1150,9,6,3
1151,2,1,1
1152,2,1,1
1153,10,7,3
1154,5,0,5
1155,5,0,5
1156,39,25,14
1157,23,18,5
1158,26,20,6
1159,26,20,6
1160,4,1,3
1161,26,20,6
1162,26,20,6
1163,24,20,4
1164,23,18,5
1165,4,1,3
1166,37,5,32
1168,37,5,32
1169,46,25,21
1170,8,8,0
1171,10,9,1
1172,10,9,1
1173,10,9,1
1174,10,9,1
1175,8,8,0
1176,9,8,1
1177,2,1,1
1178,9,9,0
1179,9,9,0
1180,37,5,32
1181,1,1,0
1182,46,25,21
1183,13,2,11
1184,5,4,1
1185,24,19,5
1186,29,20,9
1187,39,25,14
1188,23,18,5
1189,6,2,4
1190,46,25,21
1191,46,25,21
1192,46,25,21
1193,46,25,21
1194,46,25,21
1195,46,25,21
1196,12,1,11
1199,12,1,11
1200,46,25,21
1201,46,25,21
1202,39,25,14
1203,39,25,14
1204,39,25,14
1205,20,10,10
1206,20,10,10
1207,39,25,14
1208,14,11,3
1209,1,0,1
1210,11,9,2
1211,11,9,2
1212,11,9,2
1213,12,10,2
1214,12,10,2
1215,16,2,14
1216,16,2,14
1217,10,7,3
1220,10,7,3
1221,5,0,5
1222,13,11,2
1223,10,7,3
1224,10,7,3
1225,10,7,3
1226,22,15,7
1227,20,18,2
1228,20,18,2
1229,15,15,0
1230,32,17,15
1231,2,2,0
1232,2,2,0
1233,32,17,15
1234,42,29,13
1236,14,12,2
1237,5,0,5
1238,42,29,13
1239,42,29,13
1240,42,29,13
1241,42,29,13
1242,42,29,13
1243,19,14,5
1244,31,24,7
1245,31,24,7
1246,31,24,7
1247,23,15,8
1248,23,15,8
1249,26,6,20
1250,3,3,0
1251,3,3,0
1252,26,6,20
1253,36,20,16
1254,3,1,2
1255,6,2,4
1256,3,1,2
1257,26,6,20
1258,2,0,2
1259,2,0,2
1260,1,0,1
1261,36,20,16
1262,36,20,16
1263,36,20,16
1264,36,20,16
1265,36,20,16
1266,36,20,16
1267,17,16,1
1268,23,21,2
1269,23,21,2
1270,23,21,2
1271,23,21,2
1272,18,17,1
1273,28,8,20
1274,25,16,9
1275,1,0,1
1278,18,16,2
1279,4,0,4
1280,25,16,9
1281,25,16,9
1282,25,16,9
1283,25,16,9
1284,25,16,9
1285,25,16,9
1286,25,16,9
1287,11,9,2
1288,12,7,5
1289,12,7,5
1290,12,7,5
1291,12,9,3
1292,14,0,14
1295,14,0,14
1296,13,5,8
1300,3,0,3
1301,13,5,8
1302,13,5,8
1303,13,5,8
1304,13,5,8
1305,44,32,12
1306,44,32,12
1307,44,32,12
1308,33,23,10
1310,61,23,38
1311,61,23,38
1312,61,23,38
1313,58,43,15
1314,6,1,5
1315,4,3,1
1316,27,19,8
1317,29,21,8
1318,44,32,12
1319,44,32,12
1320,44,32,12
1321,44,32,12
1322,27,19,8
1323,61,23,38
1324,61,23,38
1325,44,16,28
1326,44,16,28
1327,44,16,28
1328,10,2,8
1329,44,16,28
1330,8,1,7
1331,44,16,28
1332,44,16,28
1333,11,0,11
1336,2,0,2
1337,2,0,2
1338,2,0,2
1339,2,0,2
1340,2,0,2
1341,2,0,2
1342,16,14,2
1343,13,11,2
1344,13,11,2
1345,13,11,2
1346,13,11,2
1347,1,0,1
1348,1,0,1
1349,18,14,4
1350,17,0,17
1351,17,0,17
1352,8,6,2
1354,8,6,2
1355,8,6,2
1356,8,6,2
1357,8,6,2
1358,8,6,2
1359,8,6,2
1360,8,6,2
1361,8,6,2
1362,24,16,8
1363,9,2,7
1364,28,16,12
1365,28,16,12
1366,28,16,12
1367,23,19,4
1368,4,0,4
1369,4,0,4
1370,28,19,9
1371,28,19,9
1372,28,19,9
1373,28,19,9
1374,21,20,1
1375,21,20,1
1376,11,5,6
1377,11,5,6
1380,11,5,6
1381,28,18,10
1390,11,5,6
1391,11,5,6
1392,3,1,2
1393,3,1,2
1396,28,18,10
1397,12,2,10
1398,4,3,1
1399,21,19,2
1400,23,19,4
1401,9,4,5
1402,28,18,10
1403,28,18,10
1404,28,18,10
1405,28,18,10
1406,28,18,10
1407,28,18,10
1408,28,18,10
1409,28,18,10
1410,28,16,12
1411,6,2,4
1412,17,3,14
1413,7,2,5
1414,7,2,5
1415,10,3,7
1416,10,1,9
1418,10,1,9
1419,6,3,3
1420,28,16,12
1421,28,16,12
1422,12,0,12
1423,12,0,12
1424,12,0,12
1425,12,0,12
1426,12,0,12
1427,12,0,12
1428,12,2,10
1429,12,2,10
1430,12,0,12
1431,12,0,12
1432,7,2,5
1433,7,2,5
1434,7,2,5
1435,8,4,4
1436,17,2,15
1438,17,2,15
1439,6,4,2
1440,12,0,12
1441,17,3,14
1442,3,2,1
1443,5,2,3
1444,5,0,5
1445,3,2,1
1446,41,10,31
1447,41,10,31
1448,41,10,31
1449,41,10,31
1450,41,10,31
1451,41,10,31
1452,41,10,31
1453,14,0,14
1454,41,10,31
1455,41,10,31
1456,41,10,31
1457,11,11,0
1458,11,10,1
1459,11,10,1
1460,11,11,0
1463,9,4,5
1465,9,4,5
1466,9,4,5
1467,9,4,5
1468,9,4,5
1469,9,4,5
1470,9,4,5
1471,9,4,5
1472,3,3,0
1473,41,10,31
1474,56,33,23
1475,21,4,17
1476,19,11,8
1477,19,11,8
1478,19,11,8
1479,19,11,8
1480,19,11,8
1481,3,0,3
1482,3,0,3
1483,19,11,8
1484,21,4,17
1485,21,4,17
1486,8,6,2
1487,8,5,3
1488,8,5,3
1489,8,5,3
1490,8,6,2
1491,8,7,1
1492,1,0,1
1493,7,6,1
1494,7,6,1
1495,21,4,17
1496,19,13,6
1497,20,8,12
1498,20,8,12
1499,20,8,12
1500,8,0,8
1501,8,0,8
1502,20,8,12
1503,20,8,12
1504,22,16,6
1505,20,8,12
1506,21,4,17
1507,21,16,5
1508,28,23,5
1509,28,23,5
1510,28,23,5
1511,20,17,3
1512,33,12,21
1513,33,12,21
1514,70,60,10
1515,4,4,0
1516,11,11,0
1517,70,60,10
1519,21,16,5
1520,12,8,4
1521,70,60,10
1522,70,60,10
1523,70,60,10
1524,70,60,10
1525,70,60,10
1526,70,60,10
1527,13,11,2
1528,13,8,5
1529,13,8,5
1530,13,8,5
1531,13,8,5
1532,14,11,3
1537,14,0,14
1538,14,0,14
1539,12,6,6
1541,12,6,6
1542,4,0,4
1543,12,6,6
1544,12,6,6
1545,12,6,6
1546,12,6,6
1547,56,33,23
1548,29,25,4
1549,33,29,4
1550,33,29,4
1551,33,29,4
1552,33,29,4
1553,29,26,3
1564,38,14,24
1565,38,14,24
1566,36,32,4
1567,10,10,0
1568,12,12,0
1569,12,12,0
1570,12,12,0
1571,9,8,1
1572,4,3,1
1573,3,1,2
1574,8,7,1
1575,8,7,1
1576,38,14,24
1577,36,32,4
1578,17,3,14
1579,6,5,1
1580,27,23,4
1581,29,25,4
1582,7,3,4
1583,36,32,4
1584,36,32,4
1585,36,32,4
1586,36,32,4
1587,36,32,4
1588,36,32,4
1589,36,32,4
1590,36,32,4
1591,36,32,4
1592,36,32,4
1593,36,32,4
1594,36,32,4
1595,5,4,1
1596,5,4,1
1597,5,4,1
1598,28,13,15
1599,11,10,1
1600,9,9,0
1601,9,9,0
1602,9,9,0
1603,9,9,0
1604,15,15,0
1605,12,12,0
1612,12,12,0
1613,9,9,0
1614,1,0,1
1615,12,12,0
1649,18,11,7
1650,2,0,2
1651,4,0,4
1652,4,0,4
1662,14,14,0
1663,38,24,14
1664,18,15,3
1665,17,13,4
1666,17,13,4
1667,17,13,4
1668,17,13,4
1669,18,15,3
1670,18,0,18
1673,18,0,18
1674,10,7,3
1678,18,0,18
1679,10,7,3
1680,4,0,4
1681,10,7,3
1682,10,7,3
1683,10,7,3
1684,10,7,3
1685,10,7,3
1686,10,7,3
1687,10,7,3
1688,10,7,3
1689,79,44,35
1690,79,44,35
1691,151,75,76
1692,14,10,4
1693,13,8,5
1694,13,8,5
1695,13,8,5
1696,13,10,3
1697,13,0,13
1699,13,0,13
1700,14,6,8
1702,13,10,3
1703,2,0,2
1704,4,0,4
1705,14,6,8
1706,14,6,8
1707,14,6,8
1708,14,6,8
1709,151,75,76
1710,20,15,5
1712,26,19,7
1713,26,19,7
1714,26,19,7
1715,26,19,7
1716,19,17,2
1717,3,1,2
1718,39,20,19
1719,1,1,0
1720,1,1,0
1723,39,20,19
1724,9,2,7
1725,3,2,1
1726,19,16,3
1727,4,2,2
1728,20,15,5
1729,8,3,5
1730,39,20,19
1731,39,20,19
1732,39,20,19
1733,39,20,19
1734,19,18,1
1735,24,20,4
1736,24,20,4
1737,24,20,4
1738,24,20,4
1739,18,18,0
1740,16,15,1
1741,16,15,1
1742,12,2,10
1743,3,2,1
1744,19,18,1
1745,3,1,2
1746,19,18,1
1747,5,1,4
1748,16,15,1
1749,16,15,1
1750,16,15,1
1751,16,15,1
1752,16,15,1
1753,16,15,1
1754,16,15,1
1755,16,15,1
1756,35,35,0
1759,6,6,0
1760,6,3,3
1761,6,3,3
1762,6,3,3
1763,6,3,3
1764,11,2,9
1766,4,2,2
1767,15,6,9
1768,15,6,9
1769,31,17,14
1770,31,17,14
1771,11,10,1
1772,16,13,3
1773,16,13,3
1774,16,13,3
1775,16,13,3
1776,11,10,1
1777,12,10,2
1778,3,2,1
1779,4,2,2
1780,13,11,2
1781,13,11,2
1782,31,17,14
1783,8,6,2
1786,8,6,2
1787,8,8,0
1788,8,8,0
1789,8,8,0
1790,8,8,0
1791,7,7,0
1792,7,7,0
1793,7,7,0
1794,8,6,2
1798,27,16,11
1799,27,16,11
1800,27,16,11
1801,27,16,11
1814,51,24,27
1815,51,24,27
1816,6,6,0
1817,6,6,0
1818,23,22,1
1819,14,11,3
1821,14,11,3
1822,4,2,2
1823,4,2,2
1824,25,7,18
1825,25,7,18
1827,3,3,0
1828,5,4,1
1829,9,0,9
1830,2,1,1
1831,2,1,1
1832,2,1,1
1833,2,1,1
1844,13,13,0
1845,13,13,0
1846,12,4,8
1849,12,4,8
1850,1,1,0
1852,12,4,8
1853,4,0,4
1854,11,8,3
1855,10,7,3
1856,8,4,4
1857,8,4,4
1858,8,4,4
1859,8,4,4
1860,10,7,3
1861,10,7,3
1862,42,26,16
1863,91,53,38
1864,91,53,38
1865,91,53,38
1866,32,25,7
1867,32,25,7
1868,32,25,7
1869,32,25,7
1872,91,53,38
1873,91,53,38
1874,91,53,38
1875,31,24,7
1876,33,26,7
1877,33,26,7
1878,33,26,7
1879,33,26,7
1880,27,23,4
1881,54,21,33
1882,3,3,0
1883,54,21,33
1884,56,46,10
1885,9,7,2
1886,12,8,4
1887,12,8,4
1888,12,8,4
1889,6,5,1
1890,54,21,33
1891,56,46,10
1892,4,2,2
1893,31,24,7
1894,56,46,10
1895,56,46,10
1896,56,46,10
1897,56,46,10
1898,56,46,10
1899,56,46,10
1900,56,46,10
1901,56,46,10
1902,13,13,0
1903,13,13,0
1904,20,18,2
1905,20,18,2
1906,20,18,2
1907,14,14,0
1908,1,1,0
1909,1,1,0
1910,1,0,1
1911,8,7,1
1912,8,6,2
1913,81,53,28
1914,81,53,28
1915,38,23,15
1916,94,43,51
1917,94,43,51
1931,1,1,0
1936,2,1,1
1942,86,59,27
1943,12,3,9
1944,59,36,23
1945,59,36,23
1946,6,0,6
1947,6,0,6
1948,9,6,3
1949,9,6,3
1950,9,6,3
1951,9,6,3
1952,10,9,1
1953,1,0,1
1954,10,8,2
1977,10,8,2
1978,6,3,3
1979,21,16,5
1980,20,14,6
1981,20,14,6
1982,20,14,6
1983,20,15,5
1984,20,15,5
1988,24,5,19
1989,24,5,19
1991,24,5,19
1992,12,7,5
1997,24,5,19
1998,24,5,19
1999,12,7,5
2007,21,16,5
2008,3,0,3
2009,12,7,5
2010,12,7,5
2011,12,7,5
2012,12,7,5
2013,12,7,5
2014,12,7,5
2015,12,7,5
2016,12,7,5
2036,15,2,13
2045,92,65,27
2046,92,65,27
2047,92,65,27
2048,92,65,27
2049,92,65,27
2050,92,65,27
2051,92,65,27
2053,3,0,3
2054,1,0,1
2058,15,10,5
2066,55,39,16
2067,5,3,2
2068,5,3,2
2110,5,1,4
2115,9,5,4
2134,9,5,4
2137,4,3,1
2138,43,30,13
2141,32,28,4
2142,32,28,4
2143,15,15,0
2144,22,19,3
2145,22,19,3
2146,22,19,3
2147,18,14,4
2148,7,2,5
2149,7,2,5
2150,18,14,4
2151,18,14,4
2152,10,5,5
2153,10,5,5
2154,18,14,4
2155,18,14,4
2156,60,51,9
2157,60,51,9
2158,60,51,9
2167,5,1,4
2168,5,1,4
2169,5,1,4
2173,2,2,0
2175,12,7,5
2176,7,2,5
2181,7,2,5
2239,12,9,3
2240,12,9,3
2241,11,4,7
2242,11,4,7
2243,11,4,7
2244,9,6,3
2245,9,0,9
2246,9,0,9
2247,9,0,9
2248,11,6,5
2249,3,2,1
2250,4,3,1
2251,12,6,6
2252,8,7,1
2253,9,5,4
2254,9,5,4
2255,9,5,4
2256,9,5,4
2257,8,7,1
2258,18,6,12
2259,11,9,2
2261,10,8,2
2262,10,8,2
2303,18,12,6
2307,14,9,5
2308,14,9,5
2309,14,9,5
2310,14,9,5
2311,16,12,4
2326,22,4,18
2327,22,4,18
2328,22,4,18
2329,12,7,5
2336,22,4,18
2337,12,7,5
2338,7,1,6
2339,4,3,1
2340,17,12,5
2341,1,0,1
2342,4,0,4
2343,12,7,5
2344,12,7,5
2345,12,7,5
2346,12,7,5
2347,19,3,16
2348,19,3,16
2349,19,3,16
2350,9,4,5
2351,9,4,5
2352,9,4,5
2353,9,4,5
2359,4,1,3
2360,4,1,3
2361,19,3,16
2362,3,0,3
2374,19,3,16
2375,39,23,16
2376,7,7,0
2387,30,22,8
2388,4,2,2
2389,4,2,2
2390,19,18,1
2391,1,0,1
2392,5,5,0
2393,20,16,4
2394,24,20,4
2395,24,20,4
2396,24,20,4
2397,24,20,4
2398,20,18,2
2399,18,10,8
2400,18,10,8
2401,52,37,15
2402,8,4,4
2403,52,37,15
2404,3,2,1
2405,52,37,15
2406,52,37,15
2407,52,37,15
2408,52,37,15
2451,21,20,1
2455,26,22,4
2456,26,22,4
2457,26,22,4
2458,26,22,4
2459,24,22,2
2460,24,22,2
2461,7,4,3
2462,24,22,2
2469,28,21,7
2470,28,21,7
2471,39,27,12
2472,8,7,1
2473,6,6,0
2474,6,6,0
2475,6,6,0
2476,6,6,0
2477,8,7,1
2478,9,8,1
2479,2,1,1
2480,3,1,2
2481,9,7,2
2482,9,7,2
2483,28,21,7
2484,39,27,12
2485,7,1,6
2486,3,2,1
2487,3,2,1
2488,3,2,1
2489,10,0,10
2490,3,2,1
2491,15,14,1
2493,39,27,12
2494,39,27,12
2495,39,27,12
2496,39,27,12
2497,39,23,16
2498,20,18,2
2499,26,23,3
2500,26,23,3
2501,26,23,3
2502,26,23,3
2503,21,19,2
2504,22,5,17
2505,22,5,17
2506,26,24,2
2507,26,24,2
2508,5,1,4
2509,26,24,2
2510,26,24,2
2511,26,24,2
2512,26,24,2
2513,26,24,2
2514,26,24,2
2515,26,24,2
2520,9,0,9
2521,9,0,9
2522,9,0,9
2523,9,0,9
2524,13,2,11
2525,3,1,2
2526,6,3,3
2527,13,2,11
2528,9,0,9
2529,9,0,9
2530,9,5,4
2531,9,5,4
2532,6,3,3
2533,6,3,3
2534,6,3,3
2535,3,0,3
2536,16,2,14
2539,16,2,14
2542,7,5,2
2543,9,0,9
2544,9,0,9
2545,3,3,0
2547,17,8,9
2549,18,8,10
2550,18,8,10
2551,18,8,10
2552,18,8,10
2553,16,9,7
2554,3,1,2
2555,15,2,13
2556,15,2,13
2557,15,2,13
2558,15,6,9
2559,9,7,2
2560,10,7,3
2561,10,7,3
2562,10,7,3
2563,10,7,3
2564,9,7,2
2565,8,8,0
2566,9,7,2
2567,9,7,2
2568,15,2,13
2569,15,2,13
2570,21,14,7
2571,2,1,1
2572,4,2,2
2573,15,8,7
2574,3,1,2
2575,17,8,9
2576,5,0,5
2577,15,6,9
2578,15,6,9
2579,15,6,9
2580,15,6,9
2581,34,17,17
2584,13,5,8
2585,6,0,6
2587,6,0,6
2588,13,5,8
2591,18,17,1
2592,18,17,1
2593,18,17,1
2598,18,7,11
2599,35,34,1
2600,4,0,4
2601,9,7,2
2602,9,7,2
2603,9,7,2
2604,9,7,2
2616,35,34,1
2617,35,34,1
2618,35,34,1
2619,4,4,0
2620,3,0,3
2624,7,1,6
2625,7,1,6
2626,7,1,6
2627,7,1,6
2628,2,2,0
2629,2,2,0
2632,4,2,2
2633,4,2,2
2640,2,0,2
2641,2,1,1
2642,2,1,1
2655,1,1,0
2658,14,8,6
2659,4,3,1
2660,14,8,6
2664,5,0,5
2665,5,0,5
2666,5,0,5
2667,5,0,5
2680,7,0,7
2681,7,0,7
2682,7,0,7
2683,7,0,7
2684,7,0,7
2685,7,0,7
2686,1,0,1
2687,1,0,1
2688,7,0,7
2689,7,0,7
2690,7,2,5
2691,7,2,5
2692,7,2,5
2695,16,0,16
2697,16,0,16
2698,7,4,3
2699,6,4,2
2700,7,0,7
2701,15,9,6
2702,20,10,10
2703,20,10,10
2704,20,10,10
2705,20,10,10
2706,21,15,6
2707,47,32,15
2708,47,32,15
2709,3,3,0
2710,3,3,0
2711,47,32,15
2712,37,26,11
2713,3,2,1
2714,47,32,15
2715,47,32,15
2716,2,1,1
2721,17,8,9
2722,6,2,4
2723,53,40,13
2724,53,40,13
2725,53,40,13
2726,53,40,13
2727,53,40,13
2728,53,40,13
2729,53,40,13
2730,53,40,13
2731,53,40,13
2732,53,40,13
2733,53,40,13
2734,53,40,13
2735,7,5,2
2736,13,9,4
2737,13,9,4
2738,8,6,2
2739,22,13,9
2740,3,3,0
2741,3,3,0
2742,22,13,9
2743,26,23,3
2744,7,5,2
2745,7,5,2
2746,3,1,2
2747,4,2,2
2748,26,23,3
2749,26,23,3
2750,26,23,3
2751,26,23,3
2752,18,16,2
2753,23,19,4
2754,23,19,4
2755,23,19,4
2756,23,19,4
2757,20,18,2
2758,32,15,17
2759,3,2,1
2760,32,15,17
2761,48,46,2
2762,48,46,2
2763,16,14,2
2764,7,2,5
2765,48,46,2
2766,48,46,2
2767,48,46,2
2768,48,46,2
2769,21,19,2
2770,21,19,2
2771,24,21,3
2772,3,2,1
2773,28,9,19
2774,28,9,19
2775,15,9,6
2777,15,9,6
2778,15,9,6
2779,15,9,6
2780,15,9,6
2781,15,9,6
2782,15,9,6
2783,15,9,6
2784,15,9,6
2785,15,9,6
2786,15,9,6
2787,15,9,6
2788,15,9,6
2789,15,9,6
2790,25,7,18
2791,21,16,5
2792,20,16,4
2793,20,16,4
2794,20,16,4
2795,20,16,4
2796,21,18,3
2797,4,2,2
2800,25,7,18
2801,25,7,18
2802,22,18,4
2809,22,18,4
2810,11,1,10
2813,6,5,1
2827,6,5,1
2828,4,3,1
2833,21,17,4
2838,3,1,2
2839,21,16,5
2840,4,0,4
2841,22,18,4
2842,22,18,4
2843,22,18,4
2844,22,18,4
2845,22,18,4
2846,22,18,4
2847,22,18,4
2848,22,18,4
2849,8,0,8
2850,8,0,8
2851,8,2,6
2852,2,0,2
2853,8,0,8
2854,4,1,3
2855,4,1,3
2856,4,2,2
2857,9,1,8
2859,9,1,8
2860,8,0,8
2861,22,13,9
2862,5,2,3
2863,5,2,3
2864,26,15,11
2865,26,15,11
2866,26,15,11
2867,21,14,7
2868,21,14,7
2869,30,11,19
2870,30,11,19
2871,30,11,19
2872,35,24,11
2873,5,3,2
2874,6,2,4
2875,6,2,4
2876,30,11,19
2877,30,11,19
2878,4,1,3
2879,4,1,3
2880,3,3,0
2881,3,3,0
2882,35,24,11
2883,2,0,2
2886,21,14,7
2887,22,13,9
2888,7,4,3
2889,35,24,11
2890,35,24,11
2891,35,24,11
2892,35,24,11
2894,18,18,0
2895,18,18,0
2896,18,18,0
2897,38,25,13
2898,77,53,24
2899,14,14,0
2900,14,14,0
2901,14,14,0
2904,11,4,7
2905,11,4,7
2906,11,4,7
2907,11,4,7
2908,11,4,7
2909,11,4,7
2910,11,4,7
2911,11,4,7
2912,11,4,7
2913,11,4,7
2914,11,4,7
2915,11,4,7
2916,77,53,24
2917,77,53,24
2918,77,53,24
2919,77,53,24
2920,77,53,24
2921,25,11,14
2922,15,12,3
2923,5,2,3
2924,17,13,4
2925,17,13,4
2926,15,12,3
2927,25,9,16
2929,25,9,16
2930,39,28,11
2931,2,2,0
2932,3,3,0
2935,13,11,2
2936,39,28,11
2937,39,28,11
2938,39,28,11
2939,39,28,11
2940,39,28,11
2941,5,5,0
2942,16,13,3
2943,15,11,4
2944,15,11,4
2945,15,11,4
2946,15,11,4
2947,19,14,5
2955,22,6,16
2956,22,6,16
2957,14,10,4
2958,3,3,0
2959,3,3,0
2960,4,4,0
2961,5,4,1
2962,1,0,1
2963,5,5,0
2964,22,6,16
2965,14,10,4
2966,11,5,6
2967,2,1,1
2968,17,13,4
2969,16,13,3
2970,4,0,4
2971,14,10,4
2972,14,10,4
2973,14,10,4
2974,14,10,4
2975,10,0,10
2976,14,8,6
2977,10,8,2
2978,19,11,8
2979,19,11,8
2980,10,7,3
2981,10,7,3
2982,21,7,14
2985,21,7,14
2986,15,12,3
2987,10,8,2
2988,3,1,2
2989,15,12,3
2990,1,1,0
2991,1,1,0
3011,12,9,3
3012,19,10,9
3013,19,10,9
3014,14,9,5
3015,20,3,17
3016,12,6,6
3017,20,3,17
3018,14,9,5
3019,14,9,5
3020,8,3,5
3021,14,9,5
3022,14,9,5
3023,13,10,3
3024,6,3,3
3025,20,3,17
3026,2,0,2
3027,13,10,3
3028,20,20,0
3029,28,21,7
3030,28,21,7
3031,28,21,7
3032,28,21,7
3033,21,19,2
3034,21,19,2
3035,3,0,3
3036,3,0,3
3037,21,19,2
3038,18,9,9
3039,3,2,1
3040,18,9,9
3041,33,30,3
3042,3,3,0
3043,3,3,0
3044,3,3,0
3045,4,3,1
3046,18,9,9
3047,33,30,3
3048,23,12,11
3049,22,22,0
3050,20,20,0
3051,5,1,4
3052,33,30,3
3053,33,30,3
3054,33,30,3
3055,33,30,3
3056,33,30,3
3057,33,30,3
3058,33,30,3
3059,33,30,3
3062,11,2,9
3065,17,5,12
3066,9,1,8
3067,9,1,8
3068,9,1,8
3069,9,1,8
3070,9,1,8
3071,9,1,8
3072,9,1,8
3073,9,1,8
3074,9,1,8
3075,17,1,16
3076,7,2,5
3077,9,1,8
3078,9,1,8
3079,9,1,8
3080,6,2,4
3081,6,2,4
3082,5,2,3
3083,19,1,18
3084,1,0,1
3085,9,1,8
3086,46,22,24
3087,3,1,2
3089,3,1,2
3090,8,4,4
3091,8,4,4
3106,16,7,9
3107,17,14,3
3108,15,11,4
3109,15,11,4
3110,15,11,4
3111,15,11,4
3112,17,14,3
3113,18,1,17
3116,18,1,17
3117,22,18,4
3127,18,1,17
3128,22,18,4
3129,9,1,8
3130,2,1,1
3131,20,14,6
3132,16,7,9
3133,4,0,4
3134,22,18,4
3135,22,18,4
3136,22,18,4
3137,22,18,4
3138,22,18,4
3139,22,18,4
3140,13,6,7
3142,32,17,15
3145,32,17,15
3146,32,17,15
3147,13,11,2
3148,13,11,2
3149,13,11,2
3150,14,2,12
3151,1,1,0
3152,14,2,12
3153,6,4,2
3156,13,11,2
3157,6,4,2
3158,6,4,2
3159,6,4,2
3160,6,4,2
3161,6,4,2
3162,6,4,2
3163,6,4,2
3164,20,15,5
3165,28,19,9
3166,49,47,2
3167,28,19,9
3168,49,47,2
3169,49,47,2
3170,10,8,2
3171,22,20,2
3172,4,2,2
3173,4,2,2
3174,22,20,2
3177,44,37,7
3178,25,9,16
3179,10,8,2
3180,3,1,2
3181,13,10,3
3182,10,9,1
3183,18,3,15
3184,16,8,8
3187,16,8,8
3188,25,9,16
3189,10,8,2
3190,16,8,8
3191,16,8,8
3192,16,8,8
3193,16,8,8
3194,2,2,0
3195,2,2,0
3200,2,2,0
3201,2,2,0
3204,25,11,14
3205,4,1,3
3206,1,0,1
3208,3,1,2
3222,14,12,2
3238,58,29,29
3239,35,16,19
3240,35,16,19
3241,1,1,0
3242,1,1,0
3243,35,16,19
3244,27,22,5
3245,5,5,0
3246,5,5,0
3247,5,5,0
3248,4,4,0
3249,4,4,0
3250,5,5,0
3251,35,16,19
3252,1,1,0
3253,27,22,5
3254,5,2,3
3255,27,22,5
3256,27,22,5
3257,27,22,5
3258,27,22,5
3259,26,20,6
3260,1,0,1
3261,2,2,0
3262,2,2,0
3263,19,15,4
3264,19,15,4
3266,58,29,29
3267,35,16,19
3268,27,19,8
3269,27,19,8
3270,27,19,8
3271,24,13,11
3272,24,13,11
3273,19,14,5
3274,20,14,6
3275,20,14,6
3276,20,14,6
3277,21,14,7
3278,21,14,7
3279,7,4,3
3280,7,4,3
3281,21,14,7
3282,126,73,53
3283,22,11,11
3284,22,11,11
3287,20,17,3
3288,22,11,11
3289,20,17,3
3290,20,17,3
3291,20,17,3
3292,20,17,3
3320,60,38,22
3321,28,19,9
3322,60,38,22
3323,13,10,3
3324,17,14,3
3325,17,14,3
3326,14,11,3
3327,126,73,53
3329,5,1,4
3365,19,13,6
3366,19,11,8
3367,19,11,8
3368,19,11,8
3369,19,13,6
3370,1,0,1
3371,1,0,1
3373,27,5,22
3374,27,5,22
3375,27,5,22
3376,27,13,14
3377,1,1,0
3378,5,2,3
3380,27,13,14
3381,9,0,9
3382,17,13,4
3383,4,0,4
3384,27,13,14
3385,27,13,14
3386,27,13,14
3387,27,13,14
3388,27,13,14
3389,58,29,29
3390,72,37,35
3391,72,37,35
3392,23,15,8
3393,23,15,8
3398,33,15,18
3399,17,13,4
3400,25,19,6
3401,25,19,6
3402,25,19,6
3403,25,19,6
3404,17,13,4
3405,33,15,18
3406,42,37,5
3407,5,3,2
3408,19,12,7
3409,19,12,7
3410,72,37,35
3411,25,16,9
3412,25,16,9
3413,25,16,9
3414,18,10,8
3415,18,10,8
3416,3,0,3
3417,3,0,3
3418,34,16,18
3421,34,16,18
3422,34,16,18
3423,33,28,5
3424,5,3,2
3425,6,4,2
3426,17,11,6
3427,72,37,35
3429,37,32,5
3430,45,40,5
3431,45,40,5
3432,45,40,5
3433,45,40,5
3434,35,28,7
3435,35,28,7
3436,4,2,2
3443,54,21,33
3444,54,21,33
3445,53,47,6
3446,9,8,1
3447,13,13,0
3448,13,13,0
3449,7,7,0
3450,54,21,33
3451,53,47,6
3452,21,7,14
3453,6,5,1
3454,33,27,6
3455,37,32,5
3456,8,2,6
3457,53,47,6
3458,53,47,6
3459,53,47,6
3460,53,47,6
3461,53,47,6
3462,53,47,6
3463,53,47,6
3464,53,47,6
3465,53,47,6
3466,53,47,6
3467,53,47,6
3468,53,47,6
3470,42,33,9
3471,10,9,1
3472,19,19,0
3473,19,19,0
3478,14,14,0
3479,14,14,0
3487,10,3,7
3488,10,3,7
3489,10,3,7
3490,8,4,4
3491,8,4,4
3492,8,4,4
3493,9,5,4
3494,9,5,4
3495,14,12,2
3496,12,10,2
3497,12,10,2
3498,12,10,2
3499,12,10,2
3500,15,9,6
3501,15,9,6
3502,15,9,6
3503,5,0,5
3504,5,0,5
3505,5,0,5
3506,5,0,5
3507,15,9,6
3508,15,9,6
3509,22,5,17
3510,22,5,17
3511,13,10,3
3512,13,10,3
3513,3,0,3
3514,5,5,0
3515,1,1,0
3516,13,10,3
3517,10,3,7
3518,5,5,0
3523,8,8,0
3524,8,8,0
3527,16,10,6
3528,1,0,1
3529,18,12,6
3530,16,10,6
3531,17,3,14
3532,17,3,14
3533,17,3,14
3534,16,11,5
3535,1,1,0
3536,17,3,14
3537,17,3,14
3538,1,0,1
3541,16,11,5
3542,15,10,5
3543,16,11,5
3544,16,11,5
3545,16,11,5
3546,16,11,5
3548,7,5,2
3549,7,5,2
3550,8,0,8
3551,8,0,8
3552,8,0,8
3553,13,1,12
3554,7,3,4
3555,10,4,6
3556,10,4,6
3557,13,1,12
3558,8,4,4
3559,8,0,8
3560,9,5,4
3561,9,5,4
3562,8,4,4
3565,16,2,14
3568,6,4,2
3569,7,5,2
3570,8,0,8
3571,8,0,8
3574,13,9,4
3575,14,11,3
3576,14,11,3
3577,14,11,3
3578,12,9,3
3579,28,14,14
3580,28,14,14
3581,34,23,11
3582,7,6,1
3583,7,6,1
3584,3,2,1
3585,3,2,1
3586,2,2,0
3587,2,2,0
3588,25,14,11
3591,3,3,0
3592,4,3,1
3593,4,3,1
3599,34,23,11
3600,34,23,11
3601,34,23,11
3602,34,23,11
3603,8,6,2
3604,8,6,2
3605,6,3,3
3606,6,3,3
3614,17,13,4
3615,15,10,5
3616,15,10,5
3617,15,10,5
3618,15,10,5
3619,15,11,4
3620,15,11,4
3621,15,11,4
3622,20,2,18
3624,20,2,18
3625,20,8,12
3626,20,2,18
3627,20,8,12
3629,4,0,4
3630,20,8,12
3631,20,8,12
3632,20,8,12
3633,20,8,12
3634,18,13,5
3643,2,0,2
3644,2,0,2
3645,10,6,4
3646,10,6,4
3647,36,20,16
3648,21,14,7
3654,19,12,7
3655,19,12,7
3656,19,12,7
3657,29,13,16
3658,29,13,16
3659,29,5,24
3660,4,3,1
3661,6,3,3
3662,29,13,16
3663,29,5,24
3664,19,14,5
3665,3,1,2
3671,3,1,2
3672,18,15,3
3673,18,15,3
3674,26,16,10
3675,26,16,10
3676,26,16,10
3677,26,16,10
3678,26,16,10
3679,26,16,10
3680,26,16,10
3681,26,16,10
3682,26,16,10
3683,26,16,10
3684,26,16,10
3685,2,0,2
3686,4,0,4
3687,12,10,2
3688,11,9,2
3689,11,9,2
3690,12,10,2
3691,13,0,13
3692,13,0,13
3693,6,4,2
3694,4,0,4
3695,6,4,2
3696,6,4,2
3697,6,4,2
3698,6,4,2
3699,6,4,2
3700,6,4,2
3701,29,5,24
3702,29,5,24
3703,29,5,24
3704,29,5,24
3705,29,5,24
3706,29,5,24
3707,29,5,24
3708,29,5,24
3710,6,6,0
3711,6,6,0
3712,6,6,0
3713,6,6,0
3714,6,6,0
3715,6,6,0
3716,4,3,1
3717,2,2,0
3718,6,6,0
3719,6,6,0
3720,3,3,0
3721,6,6,0
3722,2,2,0
3723,10,5,5
3724,9,4,5
3725,1,0,1
3726,1,0,1
3727,17,10,7
3728,17,10,7
3729,17,10,7
3730,11,8,3
3731,2,2,0
3732,2,2,0
3736,2,2,0
3737,72,37,35
3738,285,138,147
3739,184,143,41
3740,31,25,6
3741,20,17,3
3742,20,17,3
3743,16,13,3
3744,16,13,3
3745,4,2,2
3746,52,38,14
3749,52,38,14
3750,76,72,4
3751,184,143,41
3752,76,72,4
3753,219,163,56
3754,189,159,30
3755,25,24,1
3756,25,24,1
3757,25,24,1
3758,25,24,1
3759,25,24,1
3760,25,24,1
3761,25,24,1
3762,14,3,11
3763,25,24,1
3764,25,24,1
3765,25,24,1
3766,5,5,0
3767,6,4,2
3768,6,4,2
3769,5,2,3
3770,5,2,3
3771,6,4,2
3774,25,24,1
3775,281,132,149
3776,281,132,149
3777,31,27,4
3778,24,16,8
3779,30,20,10
3780,30,20,10
3781,30,20,10
3782,30,20,10
3783,34,24,10
3784,9,4,5
3785,106,54,52
3786,106,54,52
3798,106,54,52
3799,72,59,13
3800,11,11,0
3801,12,12,0
3802,12,12,0
3803,12,12,0
3804,12,12,0
3805,11,11,0
3806,10,9,1
3807,3,2,1
3808,4,2,2
3809,18,13,5
3810,18,13,5
3811,106,54,52
3812,106,54,52
3815,35,26,9
3816,10,3,7
3817,8,3,5
3818,30,19,11
3819,24,16,8
3820,12,6,6
3821,35,26,9
3822,35,26,9
3823,35,26,9
3824,35,26,9
3825,281,132,149
3826,281,132,149
3827,281,132,149
3828,281,132,149
3829,281,132,149
3830,281,132,149
3831,23,8,15
3833,23,8,15
3834,3,1,2
3835,3,1,2
3836,41,16,25
3837,41,16,25
3844,2,0,2
3845,41,16,25
3846,41,16,25
3853,3,0,3
3854,3,0,3
3855,18,13,5
3856,18,13,5
3857,18,13,5
3858,18,13,5
3859,18,13,5
3860,18,13,5
3861,18,13,5
3862,14,2,12
3863,14,2,12
3864,18,13,5
3865,18,13,5
3866,18,13,5
3867,3,0,3
3868,3,0,3
3869,18,2,16
3870,18,13,5
3871,33,33,0
3872,33,33,0
3873,2,1,1
3874,1,1,0
3875,83,53,30
3878,17,11,6
3879,3,1,2
3880,3,1,2
3881,16,12,4
3882,17,11,6
3883,13,0,13
3884,13,0,13
3885,17,13,4
3886,13,0,13
3887,13,0,13
3891,14,10,4
3903,14,10,4
3904,14,10,4
3905,17,13,4
3906,17,13,4
3907,17,13,4
3908,17,13,4
3909,17,13,4
3910,17,13,4
3911,16,13,3
3912,21,15,6
3913,21,15,6
3914,21,15,6
3915,18,15,3
3916,16,13,3
3917,26,4,22
3918,26,4,22
3919,24,9,15
3922,1,1,0
3923,10,10,0
3925,1,1,0
3926,4,1,3
3927,24,9,15
3928,24,9,15
3929,24,9,15
3930,24,9,15
3931,24,9,15
3932,24,9,15
3933,24,9,15
3934,24,9,15
3936,33,33,0
3937,33,33,0
3938,33,33,0
3939,33,33,0
3940,137,74,63
3941,146,65,81
3942,10,8,2
3943,10,8,2
3944,146,65,81
3945,22,14,8
3946,22,14,8
3947,71,33,38
3948,71,33,38
3949,97,67,30
3950,137,74,63
3951,137,74,63
3952,188,116,72
3953,137,74,63
3954,31,23,8
3955,61,36,25
3956,61,36,25
3957,188,116,72
3958,188,116,72
3959,188,116,72
3960,130,85,45
3961,130,85,45
3962,130,85,45
3963,130,85,45
3964,130,85,45
3965,130,85,45
3966,130,85,45
3967,130,85,45
3968,29,16,13
3972,41,28,13
3973,41,28,13
3974,41,28,13
3975,41,28,13
3976,34,20,14
3977,34,20,14
3978,34,20,14
3979,11,5,6
3980,11,5,6
3982,24,5,19
3983,24,5,19
3984,7,2,5
3985,24,5,19
3986,34,20,14
3987,34,20,14
3988,7,2,5
3989,7,2,5
3990,7,2,5
3991,7,2,5
3992,14,7,7
3993,14,7,7
3995,114,62,52
3996,114,62,52
3997,68,63,5
3998,15,13,2
3999,16,13,3
4000,16,13,3
4001,16,13,3
4002,16,13,3
4003,15,13,2
4004,12,10,2
4005,3,2,1
4006,6,2,4
4007,17,14,3
4008,17,14,3
4009,114,62,52
4010,2,2,0
4011,48,40,8
4012,6,3,3
4013,9,4,5
4014,30,21,9
4015,12,8,4
4016,29,16,13
4017,24,6,18
4018,24,13,11
4019,68,63,5
4020,68,63,5
4021,68,63,5
4022,68,63,5
4023,68,63,5
4024,68,63,5
4025,68,63,5
4026,68,63,5
4027,146,60,86
4028,146,60,86
4029,146,60,86
4030,55,32,23
4031,42,16,26
4032,198,68,130
4033,4,2,2
4034,26,18,8
4035,5,1,4
4036,1,1,0
4037,59,37,22
4038,4,2,2
4039,14,6,8
4040,4,0,4
4041,198,68,130
4042,2,0,2
4043,20,15,5
4044,20,15,5
4045,198,68,130
4046,198,68,130
4047,200,138,62
4048,2,2,0
4049,2,2,0
4050,99,60,39
4051,99,60,39
4052,99,60,39
4053,99,60,39
4054,36,13,23
4055,25,6,19
4056,25,6,19
4057,73,61,12
4058,73,61,12
4059,73,61,12
4060,2,2,0
4061,73,61,12
4062,200,138,62
4063,200,138,62
4064,3,0,3
4065,3,0,3
4067,1,1,0
4068,20,12,8
4069,11,9,2
4070,11,9,2
4071,38,30,8
4072,38,30,8
4073,36,30,6
4074,36,30,6
4075,14,13,1
4076,10,9,1
4077,12,9,3
4078,22,11,11
4081,14,3,11
4082,14,3,11
4083,14,3,11
4084,14,3,11
4085,14,3,11
4086,14,3,11
4087,14,3,11
4088,14,3,11
4089,32,16,16
4090,30,20,10
4091,30,20,10
4092,30,20,10
4093,30,20,10
4094,30,20,10
4095,30,20,10
4096,30,20,10
4097,30,20,10
4098,48,24,24
4099,28,20,8
4100,32,23,9
4101,32,23,9
4102,32,23,9
4103,32,23,9
4104,28,22,6
4105,3,1,2
4106,32,5,27
4107,32,5,27
4108,32,5,27
4109,45,30,15
4110,10,8,2
4111,9,7,2
4112,9,7,2
4113,9,7,2
4114,9,7,2
4115,10,8,2
4116,9,8,1
4117,8,8,0
4118,8,8,0
4119,32,5,27
4120,32,5,27
4121,45,30,15
4122,14,2,12
4123,3,2,1
4124,28,21,7
4125,48,24,24
4126,28,20,8
4127,5,1,4
4128,45,30,15
4129,45,30,15
4130,45,30,15
4131,45,30,15
4132,45,30,15
4133,45,30,15
4134,45,30,15
4135,45,30,15
4136,45,30,15
4137,45,30,15
4138,19,15,4
4141,2,0,2
4142,19,13,6
4143,19,13,6
4144,19,13,6
4145,18,15,3
4146,26,3,23
4149,26,3,23
4150,12,6,6
4152,2,2,0
4153,2,2,0
4154,12,6,6
4155,17,15,2
4156,3,3,0
4157,6,3,3
4158,12,6,6
4159,12,6,6
4160,12,6,6
4161,12,6,6
4162,12,6,6
4163,12,6,6
4164,12,6,6
4165,12,6,6
4166,2,1,1
4167,4,1,3
4169,68,49,19
4174,105,82,23
4175,104,66,38
4176,55,32,23
4177,6,0,6
4178,6,0,6
4179,2,0,2
4180,2,0,2
4181,2,0,2
4182,2,0,2
4183,2,0,2
4184,10,5,5
4185,10,5,5
4186,10,5,5
4187,10,5,5
4188,10,5,5
4189,10,5,5
4190,12,1,11
4191,10,5,5
4192,10,5,5
4193,5,1,4
4194,5,1,4
4195,7,2,5
4196,3,0,3
4199,16,1,15
4200,10,5,5
4201,16,12,4
4202,14,10,4
4203,14,10,4
4204,14,10,4
4205,16,10,6
4206,16,10,6
4207,3,0,3
4208,3,0,3
4209,16,10,6
4210,16,0,16
4211,16,0,16
4212,11,7,4
4215,16,0,16
4216,16,0,16
4217,11,7,4
4223,11,7,4
4224,11,7,4
4225,11,7,4
4226,11,7,4
4227,21,12,9
4236,72,62,10
4249,1,0,1
4250,1,0,1
4251,1,0,1
4252,4,1,3
4253,3,2,1
4254,6,5,1
4255,6,3,3
4256,4,4,0
4257,3,0,3
4258,3,0,3
4261,4,4,0
4262,6,3,3
4274,3,1,2
4293,3,1,2
4298,4,3,1
4299,4,3,1
4300,60,31,29
4303,79,71,8
4305,2,2,0
4307,229,83,146
4309,21,12,9
4310,21,12,9
4311,21,12,9
4312,21,12,9
4317,27,20,7
4318,22,13,9
4319,26,14,12
4320,25,14,11
4321,23,0,23
4322,23,0,23
4323,23,0,23
4324,23,0,23
4325,23,0,23
4326,3,0,3
4327,23,0,23
4328,15,5,10
4329,5,5,0
4330,4,3,1
4331,4,3,1
4332,4,3,1
4333,5,5,0
4334,5,5,0
4335,23,0,23
4336,23,0,23
4337,23,0,23
4338,15,5,10
4339,1,0,1
4340,24,14,10
4341,22,13,9
4342,1,0,1
4343,15,5,10
4344,15,5,10
4345,15,5,10
4346,15,5,10
4347,15,5,10
4348,15,5,10
4349,15,5,10
4350,15,5,10
4351,2,0,2
4352,2,0,2
4362,7,7,0
4363,7,7,0
4366,7,7,0
4367,7,7,0
4368,16,10,6
4369,16,10,6
4373,8,1,7
4380,70,62,8
4381,70,62,8
4399,12,4,8
4403,24,20,4
4404,26,22,4
4405,26,22,4
4406,26,22,4
4407,22,19,3
4408,33,9,24
4409,5,4,1
4410,5,4,1
4411,33,9,24
4412,33,24,9
4413,5,5,0
4414,6,6,0
4415,4,4,0
4416,5,5,0
4417,5,5,0
4418,33,9,24
4419,33,24,9
4420,19,16,3
4421,4,1,3
4422,33,24,9
4423,33,24,9
4424,33,24,9
4425,33,24,9
4426,33,24,9
4427,33,24,9
4428,33,24,9
4429,33,24,9
4430,8,2,6
4431,10,0,10
4432,10,0,10
4433,33,24,9
4434,16,9,7
4435,13,11,2
4436,14,9,5
4437,3,0,3
4438,3,0,3
4439,14,9,5
4440,14,9,5
4441,13,11,2
4444,14,0,14
4445,14,0,14
4446,8,6,2
4448,8,6,2
4449,13,11,2
4450,16,9,7
4451,3,0,3
4452,8,6,2
4453,8,6,2
4454,8,6,2
4455,8,6,2
4458,51,32,19
4459,51,32,19
4460,6,0,6
4461,18,17,1
4462,26,26,0
4463,26,26,0
4464,6,6,0
4465,63,57,6
4466,63,57,6
4467,63,57,6
4468,63,57,6
4469,51,41,10
4470,51,41,10
4471,51,41,10
4472,51,41,10
4473,12,6,6
4495,6,3,3
4497,153,103,50
4498,175,92,83
4499,175,92,83
4500,175,92,83
4501,175,92,83
4502,18,12,6
4503,18,12,6
4504,15,7,8
4505,15,7,8
4506,4,2,2
4507,4,2,2
4508,80,37,43
4509,5,4,1
4510,80,37,43
4511,34,33,1
4512,11,8,3
4513,34,33,1
4514,30,14,16
4515,34,33,1
4516,140,102,38
4517,140,102,38
4518,140,102,38
4519,44,18,26
4520,153,103,50
4521,57,39,18
4523,2,0,2
4524,2,0,2
4526,17,11,6
4527,17,11,6
4528,4,0,4
4529,4,0,4
4530,4,0,4
4531,4,0,4
4532,17,11,6
4533,17,11,6
4534,187,103,84
4535,187,103,84
4547,187,103,84
4549,187,103,84
4550,187,103,84
4551,50,37,13
4552,2,1,1
4553,8,3,5
4554,8,3,5
4555,41,23,18
4556,2,1,1
4557,2,1,1
4558,35,23,12
4559,158,99,59
4560,158,99,59
4561,76,22,54
4562,76,22,54
4563,76,22,54
4564,19,10,9
4565,37,19,18
4566,76,22,54
4569,45,28,17
4574,50,37,13
4575,76,22,54
4576,76,22,54
4577,76,22,54
4578,76,22,54
4579,76,22,54
4580,76,22,54
4581,76,22,54
4582,76,22,54
4583,76,22,54
4584,76,22,54
4585,76,22,54
4586,76,22,54
4587,136,91,45
4590,22,19,3
4596,9,5,4
4601,39,8,31
4602,39,8,31
4603,27,19,8
4604,33,21,12
4605,33,21,12
4606,33,21,12
4607,33,21,12
4608,27,21,6
4609,5,4,1
4610,39,8,31
4611,27,20,7
4612,37,22,15
4613,8,7,1
4614,10,7,3
4615,10,7,3
4616,10,7,3
4617,10,7,3
4618,8,7,1
4619,39,8,31
4620,39,8,31
4621,37,22,15
4622,4,1,3
4623,27,19,8
4624,13,2,11
4625,4,2,2
4626,6,1,5
4627,37,22,15
4628,37,22,15
4629,37,22,15
4630,37,22,15
4631,37,22,15
4632,37,22,15
4633,37,22,15
4634,37,22,15
4635,122,80,42
4638,43,34,9
4639,25,12,13
4640,15,9,6
4641,99,83,16
4642,72,37,35
4643,21,17,4
4644,72,37,35
4645,72,37,35
4646,72,37,35
4647,30,23,7
4648,6,3,3
4649,38,26,12
4650,38,26,12
4651,38,26,12
4652,38,26,12
4653,33,29,4
4654,39,12,27
4659,39,12,27
4660,34,22,12
4669,39,12,27
4670,5,1,4
4671,5,1,4
4672,1,1,0
4673,1,1,0
4674,2,2,0
4675,2,2,0
4676,34,22,12
4677,17,3,14
4678,7,6,1
4680,27,22,5
4681,3,1,2
4682,30,23,7
4683,10,5,5
4684,34,22,12
4685,34,22,12
4686,34,22,12
4687,34,22,12
4688,34,22,12
4689,34,22,12
4690,34,22,12
4691,34,22,12
4692,34,22,12
4693,34,22,12
4694,34,22,12
4695,34,22,12
4696,31,24,7
4697,31,24,7
4698,45,43,2
4701,8,8,0
4703,8,8,0
4707,3,3,0
4708,3,3,0
4709,40,25,15
4710,153,103,50
4711,42,26,16
4712,34,26,8
4713,4,4,0
4714,34,26,8
4715,6,0,6
4717,6,0,6
4718,33,20,13
4719,41,34,7
4720,41,34,7
4721,104,66,38
4722,187,103,84
4723,14,11,3
4724,21,18,3
4725,12,9,3
4726,12,9,3
4727,3,0,3
4728,3,0,3
4729,12,9,3
4730,43,33,10
4731,5,2,3
4732,43,33,10
4733,43,33,10
4734,43,33,10
4735,187,103,84
4736,187,103,84
4737,187,103,84
4738,187,103,84
4741,16,14,2
4742,17,17,0
4743,17,17,0
4744,17,17,0
4745,1,0,1
4746,1,0,1
4747,17,15,2
4748,4,4,0
4749,4,4,0
4750,28,26,2
4751,4,4,0
4752,6,6,0
4753,28,26,2
4763,14,9,5
4764,13,10,3
4765,13,10,3
4766,13,10,3
4767,16,15,1
4768,26,19,7
4769,2,1,1
4770,26,19,7
4771,26,19,7
4772,28,26,2
4773,28,26,2
4774,28,26,2
4775,28,26,2
4779,187,103,84
4780,136,91,45
4781,27,16,11
4786,90,38,52
4787,90,38,52
4788,43,34,9
4790,27,26,1
4791,26,21,5
4792,26,21,5
4793,7,1,6
4794,7,1,6
4810,1,0,1
4811,2,2,0
4812,30,14,16
4813,7,5,2
4814,7,4,3
4815,7,4,3
4816,7,5,2
4817,9,2,7
4818,9,2,7
4819,4,2,2
4821,4,2,2
4822,4,2,2
4823,4,2,2
4824,82,63,19
4826,82,63,19
4829,16,10,6
4838,6,3,3
4844,6,3,3
4854,20,8,12
4858,17,14,3
4859,17,13,4
4860,17,13,4
4861,2,0,2
4862,2,0,2
4863,18,13,5
4864,18,13,5
4873,20,0,20
4874,20,0,20
4875,20,0,20
4876,8,5,3
4878,8,5,3
4880,2,0,2
4881,8,5,3
4882,8,5,3
4883,8,5,3
4884,8,5,3
4885,8,5,3
4886,8,5,3
4887,8,5,3
4888,8,5,3
4889,6,6,0
4890,6,6,0
4891,5,0,5
4892,19,0,19
4893,19,0,19
4896,4,2,2
4897,4,2,2
4898,5,0,5
4900,5,0,5
4901,11,1,10
4902,11,1,10
4908,20,8,12
4909,20,8,12
4910,14,13,1
4912,14,13,1
4913,14,13,1
4914,14,14,0
4917,13,5,8
4920,13,5,8
4921,10,0,10
4923,14,13,1
4924,2,0,2
4925,13,5,8
4926,13,5,8
4927,13,5,8
4928,13,5,8
4929,13,5,8
4930,13,5,8
4931,13,5,8
4932,13,5,8
4933,136,89,47
4934,11,8,3
4935,9,2,7
4937,72,64,8
4943,5,0,5
4944,8,5,3
4952,49,25,24
4953,56,40,16
4954,55,32,23
4955,55,32,23
4956,44,12,32
4957,44,12,32
4963,10,8,2
4964,34,26,8
4968,2,1,1
4969,6,5,1
4970,4,4,0
4971,4,4,0
4972,5,5,0
4973,2,1,1
4974,5,5,0
4976,4,2,2
4977,5,5,0
4978,2,2,0
4979,2,2,0
4980,2,2,0
4981,2,2,0
4982,2,2,0
4983,2,2,0
4984,12,6,6
4985,2,0,2
4991,12,6,6
5006,65,43,22
5007,17,5,12
5008,17,5,12
5009,10,1,9
5010,10,1,9
5013,1,1,0
5014,1,1,0
5015,65,43,22
5016,32,19,13
5017,32,19,13
5018,65,43,22
5019,10,4,6
5020,10,4,6
5021,10,4,6
5022,25,17,8
5023,27,17,10
5024,1,0,1
5025,1,0,1
5026,24,14,10
5027,24,14,10
5028,24,14,10
5029,24,14,10
5030,28,15,13
5031,57,32,25
5032,57,32,25
5033,57,32,25
5034,36,14,22
5035,57,32,25
5036,57,32,25
5037,36,14,22
5038,36,14,22
5039,36,14,22
5040,36,14,22
5041,36,14,22
5043,86,50,36
5044,19,14,5
5045,27,17,10
5046,27,17,10
5047,27,17,10
5048,22,18,4
5049,42,21,21
5050,42,21,21
5051,54,27,27
5052,6,2,4
5053,54,27,27
5054,19,14,5
5055,8,1,7
5056,54,27,27
5057,54,27,27
5058,54,27,27
5059,54,27,27
5060,6,2,4
5061,6,2,4
5063,6,2,4
5064,6,2,4
5065,8,5,3
5066,2,0,2
5067,2,0,2
5068,4,0,4
5074,15,12,3
5075,2,0,2
5076,2,0,2
5081,4,2,2
5082,4,2,2
5083,6,2,4
5084,4,2,2
5085,4,2,2
5086,6,2,4
5115,29,21,8
5116,50,32,18
5117,2,2,0
5118,21,10,11
5119,30,16,14
5120,50,27,23
5121,65,44,21
5123,65,44,21
5124,65,44,21
5125,65,44,21
5126,65,44,21
5127,65,44,21
5128,65,44,21
5129,65,44,21
5130,65,44,21
5131,6,2,4
5132,6,2,4
5137,6,2,4
5138,6,2,4
5139,6,2,4
5140,6,2,4
5141,6,2,4
5142,6,2,4
5144,28,22,6
5145,28,22,6
5146,17,14,3
5147,23,14,9
5148,23,14,9
5149,23,14,9
5150,23,14,9
5151,21,19,2
5152,19,9,10
5153,19,9,10
5154,17,5,12
5155,17,5,12
5158,17,5,12
5159,20,4,16
5161,17,5,12
5162,17,5,12
5163,20,4,16
5164,17,7,10
5165,20,4,16
5166,20,4,16
5167,35,18,17
5168,35,18,17
5169,10,2,8
5170,5,2,3
5171,20,16,4
5184,17,14,3
5185,7,1,6
5186,16,5,11
5187,35,18,17
5188,35,18,17
5189,35,18,17
5190,35,18,17
5191,51,38,13
5192,51,38,13
5193,2,0,2
5196,2,0,2
5197,21,13,8
5198,4,4,0
5200,21,13,8
5201,51,38,13
5202,51,38,13
5207,10,8,2
5208,12,8,4
5209,12,8,4
5210,12,9,3
5211,18,4,14
5212,18,4,14
5213,12,5,7
5216,10,8,2
5217,12,5,7
5218,12,5,7
5219,12,5,7
5220,12,5,7
5221,1,1,0
5222,81,40,41
5223,81,40,41
5225,2,0,2
5226,11,3,8
5227,11,3,8
5229,5,5,0
5230,5,5,0
5231,5,5,0
5233,5,5,0
5234,5,5,0
5235,5,5,0
5237,5,5,0
5247,81,40,41
5248,81,40,41
5249,81,40,41
5250,81,40,41
5252,3,3,0
5253,3,3,0
5254,4,0,4
5255,4,0,4
5256,4,0,4
5257,4,0,4
5258,4,0,4
5259,4,0,4
5260,10,1,9
5261,4,0,4
5262,7,5,2
5263,7,5,2
5264,5,2,3
5265,5,2,3
5266,5,2,3
5267,5,0,5
5268,5,0,5
5269,5,2,3
5270,5,2,3
5272,16,1,15
5273,4,0,4
5274,37,13,24
5277,30,18,12
5278,30,18,12
5279,10,10,0
5280,10,10,0
5281,10,10,0
5284,11,6,5
5285,81,40,41
5286,81,40,41
5287,26,16,10
5289,3,3,0
5290,3,3,0
5301,3,3,0
5327,6,6,0
5328,4,2,2
5329,2,2,0
5330,2,2,0
5331,11,11,0
5332,2,2,0
5333,2,2,0
5334,2,2,0
5344,11,6,5
5345,27,11,16
5346,27,11,16
5347,27,11,16
5348,10,2,8
5349,10,2,8
5350,27,11,16
5351,9,5,4
5352,9,5,4
5353,5,3,2
5354,5,3,2
5356,16,3,13
5357,27,11,16
5372,42,32,10
5373,42,32,10
5375,13,7,6
5376,13,7,6
5379,7,3,4
5380,16,2,14
5381,16,2,14
5382,16,2,14
5383,12,7,5
5385,16,2,14
5386,16,2,14
5387,12,7,5
5388,4,0,4
5389,12,7,5
5390,12,7,5
5391,12,7,5
5392,12,7,5
5393,1,0,1
5394,5,5,0
5395,5,5,0
5396,13,9,4
5397,13,9,4
5398,13,9,4
5399,13,9,4
5400,13,9,4
5401,13,9,4
5402,13,9,4
5403,15,3,12
5404,15,3,12
5405,2,0,2
5406,13,9,4
5407,13,9,4
5408,13,9,4
5409,6,4,2
5410,6,4,2
5411,5,3,2
5412,17,3,14
5414,17,3,14
5417,13,9,4
5418,18,12,6
5419,1,0,1
5420,15,9,6
5421,15,9,6
5422,15,9,6
5423,15,9,6
5424,17,12,5
5426,17,12,5
5427,27,22,5
5439,23,18,5
5442,2,0,2
5443,2,0,2
5445,2,0,2
5446,2,0,2
5447,7,1,6
5448,7,1,6
5449,27,22,5
5453,46,19,27
5464,46,19,27
5469,24,13,11
5470,24,13,11
5471,38,23,15
5474,28,7,21
5475,3,0,3
5476,28,7,21
5477,7,2,5
5478,7,2,5
5479,22,0,22
5503,22,0,22
5505,14,5,9
5506,14,5,9
5507,22,20,2
5508,22,20,2
5509,22,20,2
5510,22,20,2
5511,18,16,2
5512,21,19,2
5513,17,15,2
5516,22,4,18
5517,22,4,18
5518,26,24,2
5521,26,24,2
5522,26,24,2
5523,26,24,2
5524,26,24,2
5525,26,24,2
5526,26,24,2
5527,26,24,2
5528,26,24,2
5529,26,24,2
5530,26,24,2
5531,26,24,2
5532,59,41,18
5534,59,41,18
5537,3,2,1
5538,3,2,1
5539,10,6,4
5540,47,31,16
5541,47,31,16
5542,23,18,5
5543,27,20,7
5544,27,20,7
5545,27,20,7
5546,27,20,7
5547,21,15,6
5548,21,15,6
5549,5,2,3
5550,5,2,3
5551,21,15,6
5552,28,8,20
5559,28,8,20
5560,43,34,9
5561,9,9,0
5562,11,11,0
5563,11,11,0
5564,11,11,0
5565,11,11,0
5566,9,9,0
5567,11,10,1
5568,3,2,1
5569,9,9,0
5570,9,9,0
5571,28,8,20
5572,11,5,6
5573,11,5,6
5574,2,2,0
5575,2,2,0
5576,43,34,9
5577,9,3,6
5578,6,5,1
5579,21,17,4
5580,2,0,2
5581,23,18,5
5582,10,6,4
5583,43,34,9
5584,43,34,9
5585,43,34,9
5586,43,34,9
5587,9,9,0
5590,9,9,0
5594,25,12,13
5597,28,22,6
5598,28,22,6
5599,28,22,6
5600,13,9,4
5601,18,10,8
5602,18,10,8
5603,18,10,8
5604,18,10,8
5605,13,9,4
5606,12,9,3
5607,4,2,2
5608,5,2,3
5609,14,9,5
5610,14,9,5
5611,28,22,6
5612,28,22,6
5613,51,38,13
5614,2,2,0
5615,51,38,13
5616,162,98,64
5643,19,3,16
5644,15,11,4
5645,17,11,6
5646,17,11,6
5647,17,11,6
5648,14,11,3
5651,19,3,16
5652,19,8,11
5655,19,8,11
5656,9,1,8
5657,19,8,11
5658,19,8,11
5659,19,8,11
5660,19,8,11
5664,1,0,1
5665,1,0,1
5670,1,0,1
5671,1,0,1
5697,8,4,4
5701,230,140,90
5702,73,37,36
5725,24,16,8
5726,24,16,8
5728,24,16,8
5747,22,16,6
5748,23,14,9
5749,23,14,9
5750,23,14,9
5751,19,14,5
5752,19,14,5
5753,19,14,5
5754,21,0,21
5755,21,0,21
5756,21,0,21
5757,26,10,16
5763,21,0,21
5764,21,0,21
5765,2,2,0
5766,2,2,0
5767,26,10,16
5768,1,0,1
5769,23,16,7
5772,5,2,3
5773,26,10,16
5774,26,10,16
5775,26,10,16
5776,26,10,16
5777,26,10,16
5778,26,10,16
5779,26,10,16
5785,7,2,5
5790,35,22,13
5791,35,22,13
5806,35,22,13
5807,73,37,36
5815,4,0,4
5825,41,24,17
5834,46,28,18
5836,15,10,5
5838,6,0,6
5839,6,0,6
5840,8,2,6
5841,8,2,6
5843,8,2,6
5844,8,2,6
5846,6,0,6
5847,6,0,6
5848,2,2,0
5849,2,2,0
5850,9,8,1
5851,36,23,13
5852,9,2,7
5853,40,21,19
5854,40,21,19
5855,40,21,19
5856,37,26,11
5857,52,18,34
5858,52,18,34
5859,41,30,11
5860,2,2,0
5861,52,18,34
5862,52,18,34
5863,41,30,11
5864,41,30,11
5865,41,30,11
5866,41,30,11
5867,41,30,11
5868,41,30,11
5869,41,30,11
5870,41,30,11
5871,41,30,11
5872,5,2,3
5873,5,2,3
5874,17,9,8
5875,12,8,4
5876,12,8,4
5885,12,8,4
5886,12,8,4
5887,14,7,7
5888,14,7,7
5890,13,3,10
5891,18,12,6
5892,18,12,6
5893,13,3,10
5894,4,0,4
5895,4,0,4
5943,38,23,15
5946,52,20,32
5949,52,20,32
5954,7,7,0
5955,7,7,0
5960,25,10,15
5961,25,10,15
5962,25,10,15
5963,5,0,5
5964,5,0,5
5965,5,0,5
5966,5,0,5
5967,25,12,13
5968,46,24,22
5969,25,12,13
6024,25,20,5
6025,24,19,5
6026,24,19,5
6027,24,19,5
6028,25,18,7
6029,25,18,7
6030,3,0,3
6031,3,0,3
6032,25,18,7
6033,22,1,21
6034,22,1,21
6035,22,1,21
6036,17,11,6
6038,22,1,21
6039,22,1,21
6040,17,11,6
6041,14,0,14
6042,17,11,6
6043,17,11,6
6044,17,11,6
6045,17,11,6
6046,17,11,6
6047,17,11,6
6048,17,11,6
6049,17,11,6
6050,17,11,6
6051,17,11,6
6052,17,11,6
6053,17,11,6
6054,15,12,3
6055,15,12,3
6056,8,4,4
6057,14,9,5
6058,1,1,0
6059,1,1,0
6060,1,1,0
6061,1,1,0
6063,3,2,1
6064,3,2,1
6066,21,15,6
6067,1,1,0
6068,1,1,0
6084,32,25,7
6089,28,18,10
6090,26,20,6
6091,26,20,6
6092,26,20,6
6093,26,20,6
6094,3,0,3
6095,3,0,3
6098,3,0,3
6101,3,0,3
6111,29,23,6
6112,28,18,10
6119,21,17,4
6120,21,17,4
6122,37,15,22
6123,37,15,22
6124,35,26,9
6125,3,3,0
6126,3,3,0
6127,37,15,22
6134,28,18,10
6135,5,0,5
6136,35,26,9
6137,35,26,9
6138,35,26,9
6139,35,26,9
6140,35,26,9
6141,35,26,9
6142,35,26,9
6143,35,26,9
6145,33,27,6
6146,28,24,4
6149,29,28,1
6150,29,28,1
6151,29,28,1
6152,29,28,1
6153,49,19,30
6154,11,9,2
6155,12,0,12
6156,3,1,2
6157,12,0,12
6158,3,1,2
6159,3,1,2
6160,3,1,2
6161,3,1,2
6162,3,1,2
6163,3,1,2
6164,3,1,2
6165,3,1,2
6166,24,16,8
6170,41,24,17
6171,41,24,17
6172,19,19,0
6174,31,25,6
6175,31,25,6
6176,31,25,6
6177,31,25,6
6178,31,25,6
6179,31,25,6
6180,31,25,6
6181,16,11,5
6182,16,10,6
6183,16,10,6
6184,16,11,5
6185,15,1,14
6186,15,1,14
6187,15,1,14
6188,9,4,5
6189,15,1,14
6190,15,1,14
6191,2,2,0
6192,2,2,0
6193,2,0,2
6194,9,4,5
6195,9,4,5
6196,9,4,5
6197,9,4,5
6198,9,4,5
6199,9,4,5
6200,9,4,5
6215,13,13,0
6220,23,6,17
6221,23,6,17
6222,23,6,17
6223,20,14,6
6233,23,6,17
6234,23,6,17
6235,1,1,0
6236,1,1,0
6238,20,14,6
6248,7,1,6
6249,2,1,1
6250,6,2,4
6251,20,14,6
6252,20,14,6
6253,20,14,6
6254,20,14,6
6255,18,13,5
6256,20,14,6
6257,20,14,6
6258,20,14,6
6259,20,14,6
6260,19,14,5
6261,19,13,6
6262,18,13,5
6263,14,9,5
6264,14,9,5
6265,9,8,1
6268,13,6,7
6269,27,15,12
6270,27,15,12
6271,27,15,12
6272,27,15,12
6273,4,4,0
6274,4,4,0
6275,11,2,9
6276,11,2,9
6278,11,2,9
6279,11,2,9
6280,21,18,3
6281,26,20,6
6282,26,20,6
6283,5,1,4
6284,5,1,4
6285,26,20,6
6286,26,20,6
6287,21,17,4
6290,39,9,30
6291,39,9,30
6292,30,26,4
6293,8,8,0
6294,5,5,0
6295,5,5,0
6296,5,5,0
6297,5,5,0
6298,7,7,0
6299,6,6,0
6300,6,6,0
6301,39,9,30
6302,30,26,4
6303,10,0,10
6304,19,16,3
6305,5,1,4
6306,30,26,4
6307,30,26,4
6308,30,26,4
6309,30,26,4
6310,30,26,4
6311,30,26,4
6312,30,26,4
6313,30,26,4
6314,169,87,82
6316,169,87,82
6330,2,2,0
6364,1,0,1
6365,1,0,1
6369,230,140,90
6370,92,43,49
6371,92,43,49
6372,82,33,49
6373,82,33,49
6383,74,39,35
6386,124,39,85
6387,29,18,11
6388,29,18,11
6392,6,4,2
6393,1,1,0
6394,1,1,0
6395,1,1,0
6397,1,1,0
6399,6,4,2
6400,5,0,5
6427,13,12,1
6428,91,42,49
6462,2,1,1
6463,2,1,1
6476,2,2,0
6511,9,9,0
6513,3,2,1
6536,2,2,0
6576,2,2,0
6611,1,0,1
6613,10,7,3
6618,4,4,0
6668,2,1,1
6669,2,1,1
6720,2,2,0
6749,18,9,9
6750,18,9,9
6767,3,2,1
6768,3,2,1
6774,4,4,0
6775,4,4,0
6783,9,4,5
6784,9,4,5
6785,4,2,2
6786,4,2,2
6787,4,2,2
6864,3,3,0
6865,3,3,0
6867,24,14,10
6868,24,14,10
6869,24,14,10
6870,24,14,10
6925,3,3,0
6926,3,3,0
6928,4,4,0
6949,8,8,0
6951,1,1,0
6952,1,1,0
6953,104,55,49
6954,104,55,49
6955,116,45,71
6974,3,1,2
6975,3,1,2
6976,11,11,0
6988,11,6,5
7031,5,5,0
7032,29,22,7
7033,2,2,0
7034,2,2,0
7035,58,46,12
7036,118,50,68
7037,15,11,4
7038,4,4,0
7039,16,12,4
7040,16,12,4
7041,16,12,4
7042,16,12,4
7043,12,10,2
7044,12,9,3
7045,12,9,3
7046,12,9,3
7047,12,9,3
7048,13,9,4
7049,13,9,4
7050,3,0,3
7051,3,0,3
7052,13,9,4
7053,31,13,18
7056,31,13,18
7057,8,8,0
7058,8,6,2
7059,10,6,4
7060,10,6,4
7061,10,6,4
7062,24,21,3
7063,1,0,1
7064,12,10,2
7065,12,10,2
7066,4,0,4
7067,8,8,0
7068,8,8,0
7069,8,8,0
7070,8,8,0
7074,29,14,15
7075,29,14,15
7076,40,21,19
7077,7,6,1
7078,7,6,1
7083,3,2,1
7084,156,78,78
7086,10,3,7
7087,10,3,7
7088,10,3,7
7089,7,5,2
7090,8,5,3
7091,4,2,2
7092,5,3,2
7094,9,5,4
7095,8,7,1
7096,10,5,5
7097,10,5,5
7098,10,5,5
7099,10,5,5
7100,8,7,1
7101,11,9,2
7102,9,8,1
7103,9,8,1
7104,5,0,5
7105,5,0,5
7106,4,0,4
7107,4,0,4
7108,4,0,4
7109,13,0,13
7110,13,0,13
7111,13,0,13
7112,13,0,13
7113,11,2,9
7114,13,0,13
7115,13,0,13
7116,10,2,8
7117,13,0,13
7118,10,2,8
7119,13,0,13
7120,156,78,78
7122,15,13,2
7123,20,14,6
7124,20,14,6
7125,36,11,25
7126,11,9,2
7127,11,9,2
7128,11,9,2
7129,11,9,2
7130,11,9,2
7131,11,9,2
7132,11,9,2
7133,11,9,2
7134,11,9,2
7135,6,6,0
7140,9,9,0
7141,9,9,0
7142,7,7,0
7151,28,17,11
7152,4,2,2
7153,4,2,2
7155,120,68,52
7160,18,9,9
7161,29,14,15
7181,11,10,1
7182,11,10,1
7183,11,10,1
7184,9,2,7
7185,2,1,1
7186,3,2,1
7187,11,10,1
7188,6,6,0
7189,6,6,0
7190,5,5,0
7192,5,5,0
7193,5,5,0
7194,11,10,1
7195,14,14,0
7196,16,2,14
7197,11,6,5
7198,11,6,5
7199,11,6,5
7200,11,6,5
7201,11,6,5
7202,11,6,5
7203,15,3,12
7204,6,4,2
7205,6,4,2
7206,15,3,12
7207,5,3,2
7208,11,6,5
7209,11,6,5
7210,8,6,2
7211,8,6,2
7212,8,6,2
7213,7,5,2
7214,16,2,14
7217,16,2,14
7218,8,6,2
7219,11,6,5
7220,16,2,14
7221,13,5,8
7222,13,5,8
7223,12,5,7
7234,11,11,0
7235,4,0,4
7236,4,0,4
7237,4,0,4
7238,4,0,4
7240,4,2,2
7241,4,2,2
7283,2,0,2
7290,45,26,19
7291,14,6,8
7292,14,6,8
7293,14,6,8
7294,10,6,4
7295,10,6,4
7296,21,7,14
7297,21,7,14
7298,13,9,4
7299,6,1,5
7300,8,3,5
7301,12,8,4
7302,21,17,4
7305,21,17,4
7306,20,19,1
7307,45,26,19
7308,10,7,3
7309,10,5,5
7310,10,5,5
7311,10,5,5
7312,10,5,5
7313,10,7,3
7314,10,0,10
7315,10,8,2
7317,9,7,2
7318,9,7,2
7319,22,2,20
7321,14,8,6
7322,1,0,1
7323,1,0,1
7324,15,10,5
7325,15,10,5
7326,15,10,5
7327,22,2,20
7328,22,2,20
7329,8,3,5
7331,18,8,10
7332,13,8,5
7333,13,8,5
7334,18,8,10
7335,18,8,10
7336,22,2,20
7338,9,7,2
7339,9,7,2
7340,31,16,15
7341,12,8,4
7342,12,8,4
7343,13,9,4
7344,22,5,17
7345,22,5,17
7347,22,5,17
7348,11,3,8
7349,22,5,17
7350,31,16,15
7351,11,3,8
7352,11,3,8
7353,11,3,8
7354,11,3,8
7355,11,3,8
7356,11,3,8
7357,13,6,7
7358,10,6,4
7359,31,21,10
7360,19,12,7
7363,1,1,0
7364,1,1,0
7365,19,12,7
7366,19,12,7
7367,19,12,7
7368,19,12,7
7369,36,18,18
7397,3,0,3
7398,3,0,3
7399,6,2,4
7400,3,0,3
7401,6,2,4
7402,66,35,31
7403,6,2,4
7404,17,9,8
7405,17,9,8
7406,17,9,8
7407,10,1,9
7408,17,9,8
7409,12,5,7
7410,17,9,8
7411,17,9,8
7412,80,47,33
7427,63,41,22
7428,63,41,22
7429,33,17,16
7430,26,19,7
7431,32,23,9
7432,32,23,9
7433,32,23,9
7434,32,23,9
7435,20,18,2
7436,20,18,2
7437,20,18,2
7438,20,18,2
7439,47,28,19
7440,1,1,0
7441,47,28,19
7442,15,4,11
7443,5,3,2
7446,33,17,16
7447,33,17,16
7448,11,9,2
7449,15,10,5
7450,15,10,5
7451,15,10,5
7452,15,10,5
7453,11,9,2
7454,9,8,1
7456,2,0,2
7457,10,7,3
7458,10,7,3
7459,33,17,16
7460,25,21,4
7461,33,17,16
7462,26,19,7
7463,7,2,5
7464,47,28,19
7465,47,28,19
7466,47,28,19
7467,47,28,19
7468,47,28,19
7469,47,28,19
7470,15,11,4
7475,13,4,9
7476,10,7,3
7477,74,45,29
7478,28,16,12
7479,28,16,12
7480,28,16,12
7481,13,8,5
7482,72,49,23
7529,25,18,7
7530,25,16,9
7531,25,16,9
7532,25,16,9
7533,25,16,9
7534,23,18,5
7535,2,0,2
7537,26,2,24
7538,26,2,24
7539,26,2,24
7540,22,14,8
7548,26,2,24
7549,26,2,24
7550,22,14,8
7551,2,1,1
7552,24,18,6
7553,25,18,7
7554,5,0,5
7555,22,14,8
7556,22,14,8
7557,22,14,8
7558,22,14,8
7559,22,14,8
7560,22,14,8
7561,22,14,8
7562,22,14,8
7565,7,0,7
7566,12,7,5
7567,12,7,5
7568,16,1,15
7570,20,9,11
7571,20,9,11
7572,20,9,11
7573,20,9,11
7574,20,9,11
7575,20,9,11
7576,20,9,11
7577,2,0,2
7579,9,6,3
7580,37,24,13
7581,24,17,7
7582,30,18,12
7583,30,18,12
7584,30,18,12
7585,30,18,12
7586,30,21,9
7587,24,17,7
7588,37,11,26
7589,37,11,26
7590,68,44,24
7591,14,10,4
7592,21,13,8
7593,21,13,8
7594,21,13,8
7595,21,13,8
7596,14,10,4
7597,12,9,3
7598,5,2,3
7599,13,9,4
7600,13,9,4
7601,37,11,26
7602,68,44,24
7603,12,2,10
7604,5,2,3
7605,24,18,6
7606,37,24,13
7607,24,17,7
7608,8,1,7
7609,68,44,24
7610,68,44,24
7611,68,44,24
7612,68,44,24
7613,21,16,5
7614,29,23,6
7615,29,23,6
7616,23,20,3
7617,32,13,19
7618,32,13,19
7619,59,45,14
7620,18,14,4
7621,8,6,2
7622,59,45,14
7624,59,45,14
7625,59,45,14
7626,59,45,14
7627,59,45,14
7628,8,5,3
7629,8,5,3
7630,8,5,3
7631,10,7,3
7632,10,7,3
7633,24,14,10
7634,10,7,3
7635,11,5,6
7636,11,5,6
7637,11,5,6
7638,11,5,6
7639,10,7,3
7640,13,1,12
7641,10,8,2
7642,2,1,1
7643,2,1,1
7644,10,7,3
7645,10,7,3
7646,24,14,10
7647,10,8,2
7648,3,1,2
7649,3,1,2
7650,16,7,9
7651,16,7,9
7652,16,7,9
7653,8,6,2
7654,1,0,1
7657,1,0,1
7658,1,0,1
7659,1,0,1
7662,12,7,5
7663,47,27,20
7664,47,27,20
7665,22,9,13
7666,22,9,13
7667,22,9,13
7668,22,9,13
7669,16,7,9
7670,47,27,20
7691,1,0,1
7692,1,0,1
7695,23,19,4
7696,24,19,5
7697,24,19,5
7698,24,19,5
7699,24,19,5
7700,19,18,1
7701,19,18,1
7702,19,18,1
7703,3,1,2
7704,11,5,6
7705,11,5,6
7706,11,5,6
7707,31,20,11
7717,11,5,6
7718,11,5,6
7719,31,20,11
7720,12,2,10
7721,4,2,2
7722,21,19,2
7723,3,1,2
7724,23,19,4
7725,6,1,5
7726,31,20,11
7727,31,20,11
7728,31,20,11
7729,31,20,11
7730,31,20,11
7731,31,20,11
7732,31,20,11
7777,24,19,5
7778,26,18,8
7779,26,18,8
7780,26,18,8
7781,26,18,8
7782,24,20,4
7783,24,3,21
7784,24,3,21
7785,32,18,14
7786,9,7,2
7787,11,8,3
7788,11,8,3
7789,11,8,3
7790,9,7,2
7791,8,6,2
7792,8,6,2
7793,24,3,21
7794,32,18,14
7795,13,2,11
7796,3,2,1
7797,23,18,5
7798,3,1,2
7799,24,19,5
7800,6,1,5
7801,32,18,14
7802,32,18,14
7803,32,18,14
7804,32,18,14
7805,32,18,14
7806,32,18,14
7807,32,18,14
7808,32,18,14
7830,12,12,0
7833,11,10,1
7834,11,10,1
7835,11,10,1
7836,11,10,1
7837,13,13,0
7842,3,1,2
7843,3,1,2
7844,8,8,0
7845,7,7,0
7846,5,5,0
7847,5,5,0
7848,5,5,0
7849,5,5,0
7850,7,7,0
7851,9,8,1
7852,2,1,1
7853,4,1,3
7854,9,8,1
7855,9,8,1
7856,3,1,2
7857,8,8,0
7858,4,2,2
7859,23,20,3
7860,12,12,0
7861,4,0,4
7862,8,8,0
7863,8,8,0
7864,8,8,0
7865,8,8,0
7866,10,8,2
7867,10,8,2
7868,10,8,2
7869,10,8,2
7870,13,11,2
7871,12,0,12
7872,12,0,12
7873,8,6,2
7876,8,6,2
7877,3,2,1
7878,14,11,3
7879,8,6,2
7880,8,6,2
7881,8,6,2
7882,8,6,2
7884,3,1,2
7885,3,1,2
7886,49,21,28
7887,13,6,7
7888,15,3,12
7889,15,3,12
7890,15,3,12
7891,15,3,12
7892,11,6,5
7893,27,6,21
7894,27,6,21
7895,28,6,22
7896,8,0,8
7897,27,6,21
7898,23,17,6
7899,4,1,3
7900,3,1,2
7901,49,21,28
7902,7,1,6
7903,28,6,22
7904,28,6,22
7905,28,6,22
7906,28,6,22
7907,28,6,22
7908,28,6,22
7909,28,6,22
7910,28,6,22
7911,25,12,13
7912,47,27,20
7913,10,4,6
7916,10,4,6
7918,10,4,6
7928,10,4,6
7929,10,4,6
7951,80,47,33
7952,21,18,3
7953,22,17,5
7954,43,20,23
7955,43,20,23
7956,32,22,10
7959,43,20,23
7960,32,22,10
7961,16,11,5
7962,80,47,33
7963,32,22,10
7964,32,22,10
7965,32,22,10
7966,32,22,10
7973,8,8,0
7974,8,8,0
7975,13,7,6
7976,13,7,6
7977,49,21,28
7978,49,21,28
7985,1,1,0
7994,49,32,17
7995,49,32,17
7996,4,2,2
7997,4,2,2
7998,13,10,3
7999,13,10,3
8000,21,16,5
8001,45,42,3
8002,45,42,3
8003,45,42,3
8004,10,3,7
8005,10,3,7
8012,3,1,2
8013,3,1,2
8014,1,1,0
8015,1,1,0
8034,8,7,1
8035,8,7,1
8036,36,30,6
8038,4,4,0
8039,2,2,0
8040,2,2,0
8041,21,18,3
8042,136,82,54
8043,21,9,12
8044,21,9,12
8045,21,9,12
8046,21,9,12
8049,1,0,1
8050,1,0,1
8051,3,0,3
8057,12,7,5
8058,12,7,5
8059,66,46,20
8073,29,17,12
8074,5,4,1
8076,5,4,1
8077,66,48,18
8078,66,46,20
8080,1,0,1
8082,5,1,4
8088,136,82,54
8089,10,7,3
8090,45,38,7
8091,45,38,7
8092,8,8,0
8093,8,8,0
8094,15,12,3
8104,18,14,4
8105,18,14,4
8123,7,1,6
8129,7,2,5
8130,7,2,5
8133,7,2,5
8151,3,0,3
8152,3,0,3
8154,10,3,7
8155,10,3,7
8161,76,31,45
8180,4,3,1
8181,4,3,1
8182,4,0,4
8184,4,0,4
8185,4,0,4
8186,42,28,14
8187,3,2,1
8188,3,2,1
8189,42,28,14
8190,3,3,0
8191,8,4,4
8192,8,4,4
8193,6,0,6
8194,6,0,6
8200,60,29,31
8201,62,31,31
8202,62,31,31
8203,60,29,31
8204,30,14,16
8205,30,14,16
8210,23,16,7
8231,1,1,0
8241,23,16,7
8264,2,0,2
8265,11,0,11
8266,11,0,11
8267,20,1,19
8268,11,0,11
8269,11,0,11
8270,20,1,19
8271,3,1,2
8278,11,5,6
8279,20,1,19
8280,20,1,19
8281,20,1,19
8283,2,0,2
8284,13,7,6
8295,76,31,45
8300,54,28,26
8301,54,28,26
8302,46,27,19
8303,84,31,53
8304,2,2,0
8307,46,27,19
8308,46,27,19
8309,8,3,5
8310,8,3,5
8311,46,27,19
8312,46,27,19
8313,86,42,44
8314,4,0,4
8315,4,0,4
8316,1,0,1
8317,1,0,1
8318,36,28,8
8328,25,17,8
8329,25,17,8
8330,25,17,8
8331,25,17,8
8332,86,42,44
8335,4,4,0
8336,242,102,140
8337,18,11,7
8338,36,27,9
8339,242,102,140
8342,37,26,11
8343,26,16,10
8344,26,16,10
8345,18,17,1
8346,26,6,20
8349,8,0,8
8351,11,10,1
8352,11,10,1
8356,11,10,1
8357,11,10,1
8358,15,14,1
8359,26,16,10
8360,13,11,2
8361,13,11,2
8362,13,11,2
8363,13,11,2
8364,13,11,2
8365,13,11,2
8366,13,11,2
8367,13,11,2
8368,3,0,3
8369,3,0,3
8370,1,0,1
8371,3,0,3
8373,3,3,0
8374,19,14,5
8376,20,12,8
8379,20,12,8
8384,28,15,13
8385,34,17,17
8386,34,17,17
8387,37,26,11
8388,68,36,32
8389,63,35,28
8390,4,1,3
8391,8,5,3
8392,1,0,1
8393,9,5,4
8394,8,5,3
8399,8,0,8
8400,8,0,8
8401,6,3,3
8403,8,0,8
8404,6,3,3
8405,4,1,3
8406,6,3,3
8410,1,0,1
8411,31,16,15
8413,31,16,15
8414,30,17,13
8415,30,17,13
8417,12,4,8
8418,12,4,8
8419,11,7,4
8420,12,4,8
8421,12,4,8
8422,21,15,6
8426,1,1,0
8427,1,1,0
8439,1,1,0
8440,1,1,0
8451,4,0,4
8457,40,25,15
8458,1,0,1
8459,1,0,1
8463,40,28,12
8464,40,28,12
8465,40,28,12
8466,52,35,17
8467,7,3,4
8468,7,3,4
8469,3,3,0
8470,3,3,0
8471,3,3,0
8472,79,30,49
8473,79,30,49
8477,79,30,49
8478,49,27,22
8482,79,30,49
8483,79,30,49
8484,49,27,22
8493,31,23,8
8494,31,23,8
8502,2,0,2
8505,2,0,2
8508,40,25,15
8509,49,27,22
8510,49,27,22
8511,49,27,22
8512,49,27,22
8513,49,27,22
8514,49,27,22
8515,49,27,22
8516,49,27,22
8527,49,27,22
8528,49,27,22
8529,14,9,5
8530,11,6,5
8531,9,0,9
8532,9,0,9
8533,9,0,9
8534,16,11,5
8536,9,0,9
8537,9,0,9
8541,16,11,5
8542,16,11,5
8543,16,11,5
8544,16,11,5
8558,32,11,21
8560,32,22,10
8561,15,11,4
8562,1,0,1
8563,1,0,1
8564,12,9,3
8565,12,9,3
8566,12,9,3
8567,12,9,3
8568,13,11,2
8569,23,6,17
8570,23,6,17
8571,23,15,8
8574,1,1,0
8575,1,1,0
8576,23,15,8
8577,1,0,1
8578,15,12,3
8579,32,22,10
8580,6,2,4
8581,23,15,8
8582,23,15,8
8583,23,15,8
8584,12,5,7
8585,3,0,3
8586,3,0,3
8587,3,3,0
8588,3,3,0
8589,12,5,7
8590,12,5,7
8592,41,23,18
8593,43,25,18
8594,43,25,18
8595,42,28,14
8596,76,31,45
8602,76,31,45
8604,49,27,22
8605,49,27,22
8606,49,27,22
8607,49,27,22
8608,49,27,22
8609,49,27,22
8610,49,27,22
8611,49,27,22
8612,49,27,22
8613,31,23,8
8614,2,0,2
8615,34,25,9
8616,34,25,9
8617,34,25,9
8618,34,25,9
8619,30,27,3
8620,50,24,26
8622,7,5,2
8623,7,5,2
8624,50,24,26
8625,62,47,15
8626,9,9,0
8627,10,10,0
8628,10,10,0
8629,10,10,0
8630,10,10,0
8631,9,9,0
8632,8,8,0
8633,8,8,0
8634,50,24,26
8635,4,4,0
8636,4,4,0
8637,2,2,0
8638,2,2,0
8639,62,47,15
8640,15,2,13
8641,3,2,1
8642,26,22,4
8643,3,3,0
8644,31,23,8
8645,11,5,6
8646,62,47,15
8647,62,47,15
8648,62,47,15
8649,62,47,15
8650,62,47,15
8651,62,47,15
8652,62,47,15
8653,62,47,15
8654,62,47,15
8655,62,47,15
8656,14,8,6
8658,14,8,6
8659,14,8,6
8660,14,8,6
8661,37,14,23
8662,20,15,5
8663,28,19,9
8664,28,19,9
8665,28,19,9
8666,28,19,9
8667,25,16,9
8668,25,16,9
8669,4,0,4
8670,4,0,4
8671,25,16,9
8674,37,14,23
8675,20,15,5
8676,49,33,16
8677,9,7,2
8678,11,8,3
8679,11,8,3
8680,11,8,3
8681,11,8,3
8682,9,7,2
8683,9,8,1
8684,2,0,2
8685,10,7,3
8686,10,7,3
8687,37,14,23
8688,3,2,1
8689,3,2,1
8690,49,33,16
8691,20,15,5
8692,8,2,6
8693,3,1,2
8694,9,3,6
8695,49,33,16
8696,49,33,16
8697,49,33,16
8698,49,33,16
8701,242,102,140
8702,29,23,6
8703,4,3,1
8704,35,28,7
8705,35,28,7
8706,24,20,4
8707,67,45,22
8708,67,45,22
8709,78,59,19
8710,78,59,19
8711,78,59,19
8712,78,59,19
8713,78,59,19
8714,78,59,19
8715,37,28,9
8716,10,4,6
8717,10,4,6
8718,39,30,9
8719,39,30,9
8720,39,30,9
8721,39,30,9
8722,30,25,5
8723,30,25,5
8724,4,1,3
8725,30,25,5
8726,37,28,9
8727,8,5,3
8728,47,15,32
8729,47,15,32
8730,50,36,14
8731,9,9,0
8732,10,9,1
8733,10,9,1
8734,10,9,1
8735,10,9,1
8736,9,9,0
8737,9,8,1
8738,3,2,1
8739,3,1,2
8740,8,7,1
8741,8,7,1
8742,47,15,32
8743,50,36,14
8744,16,2,14
8745,4,2,2
8751,31,26,5
8752,7,4,3
8753,37,28,9
8754,8,5,3
8755,7,3,4
8756,50,36,14
8757,50,36,14
8758,50,36,14
8759,50,36,14
8760,50,36,14
8761,50,36,14
8762,50,36,14
8763,50,36,14
8764,50,36,14
8765,50,36,14
8766,50,36,14
8767,50,36,14
8768,25,14,11
8769,25,14,11
8770,25,14,11
8771,25,14,11
8821,25,14,11
8835,8,4,4
8836,11,4,7
8837,11,4,7
8838,5,1,4
8839,5,1,4
8840,5,1,4
8841,5,1,4
8842,11,4,7
8843,11,4,7
8844,6,5,1
8845,14,13,1
8846,14,13,1
8847,17,14,3
8848,6,5,1
8849,26,20,6
8850,5,3,2
8851,26,20,6
8852,26,20,6
8853,69,48,21
8854,9,0,9
8855,9,0,9
8856,9,0,9
8857,9,0,9
8858,9,0,9
8859,9,0,9
8860,9,0,9
8861,14,1,13
8862,3,1,2
8863,5,3,2
8864,14,1,13
8865,9,0,9
8866,9,0,9
8867,9,0,9
8868,4,3,1
8869,4,3,1
8870,4,3,1
8873,17,2,15
8874,4,3,1
8875,9,0,9
8876,22,16,6
8877,2,0,2
8878,21,17,4
8879,21,17,4
8880,21,17,4
8881,26,23,3
8882,31,8,23
8883,31,8,23
8884,31,17,14
8885,5,5,0
8886,7,5,2
8887,7,5,2
8888,5,5,0
8889,5,5,0
8890,5,5,0
8891,31,8,23
8892,3,1,2
8893,3,1,2
8896,31,17,14
8897,13,1,12
8898,4,3,1
8901,19,15,4
8902,8,3,5
8903,31,17,14
8904,31,17,14
8905,31,17,14
8906,31,17,14
8907,31,17,14
8908,31,17,14
8909,31,17,14
8910,31,17,14
8912,201,114,87
8914,20,12,8
8915,26,16,10
8916,26,16,10
8917,26,16,10
8918,26,16,10
8919,20,14,6
8920,5,3,2
8921,62,37,25
8923,62,37,25
8924,43,31,12
8925,13,13,0
8926,19,18,1
8927,19,18,1
8928,19,18,1
8929,19,18,1
8930,13,13,0
8931,12,11,1
8932,5,4,1
8933,5,3,2
8934,14,13,1
8935,14,13,1
8936,62,37,25
8937,37,30,7
8938,5,3,2
8939,6,4,2
8940,16,10,6
8941,201,114,87
8943,4,2,2
8944,20,12,8
8945,9,2,7
8946,43,31,12
8947,43,31,12
8948,43,31,12
8949,43,31,12
8950,43,31,12
8951,43,31,12
8952,43,31,12
8953,43,31,12
8954,43,31,12
8955,43,31,12
8956,242,102,140
8968,242,102,140
9032,1,1,0
9033,6,1,5
9041,6,1,5
9042,4,3,1
9053,242,102,140
9054,26,16,10
9055,26,16,10
9068,20,11,9
9069,20,11,9
9074,12,4,8
9075,12,4,8
9076,11,7,4
9077,11,7,4
9078,11,7,4
9079,11,7,4
9080,12,4,8
9081,12,4,8
9084,2,2,0
9085,12,10,2
9086,12,10,2
9087,73,41,32
9088,73,41,32
9090,3,2,1
9091,8,8,0
9092,8,8,0
9097,15,15,0
9098,62,37,25
9099,62,37,25
9100,23,17,6
9101,23,17,6
9102,285,138,147
9103,285,138,147
9104,185,100,85
9105,10,4,6
9106,49,35,14
9107,5,4,1
9111,6,2,4
9112,6,2,4
9113,8,4,4
9114,8,4,4
9115,6,2,4
9116,6,2,4
9117,8,4,4
9118,8,4,4
9119,12,7,5
9120,22,22,0
9121,6,2,4
9122,6,2,4
9123,5,5,0
9129,5,5,0
9130,49,33,16
9133,4,0,4
9134,21,20,1
9135,21,20,1
9136,41,26,15
9137,41,26,15
9138,3,0,3
9139,3,0,3
9141,7,6,1
9142,132,84,48
9160,5,5,0
9172,8,8,0
9173,8,8,0
9175,8,2,6
9176,8,2,6
9177,8,2,6
9178,8,2,6
9179,4,4,0
9180,25,22,3
9181,25,22,3
9186,7,3,4
9187,7,3,4
9207,2,0,2
9208,2,0,2
9238,29,9,20
9239,13,7,6
9240,13,7,6
9243,26,22,4
9244,26,22,4
9245,26,22,4
9246,26,22,4
9247,26,22,4
9248,26,20,6
9249,26,20,6
9250,26,20,6
9251,7,2,5
9252,7,2,5
9253,7,2,5
9254,26,20,6
9255,26,20,6
9263,34,5,29
9264,34,5,29
9265,31,26,5
9269,34,5,29
9270,31,26,5
9271,12,2,10
9274,3,2,1
9275,25,21,4
9276,26,22,4
9277,31,26,5
9278,31,26,5
9279,31,26,5
9280,31,26,5
9281,31,26,5
9282,31,26,5
9283,31,26,5
9284,31,26,5
9285,29,9,20
9286,15,10,5
9291,7,5,2
9292,7,5,2
9293,7,5,2
9294,7,5,2
9295,11,3,8
9296,1,0,1
9297,7,5,2
9298,7,5,2
9299,1,0,1
9300,9,1,8
9301,7,5,2
9302,20,14,6
9303,20,14,6
9304,16,9,7
9305,16,9,7
9306,16,9,7
9307,7,0,7
9308,16,9,7
9309,16,9,7
9310,21,4,17
9311,21,4,17
9312,21,4,17
9313,25,15,10
9314,25,15,10
9315,25,15,10
9316,8,1,7
9317,2,0,2
9318,8,1,7
9319,25,15,10
9320,25,15,10
9321,17,13,4
9322,2,0,2
9323,2,0,2
9325,1,1,0
9326,2,0,2
9328,6,6,0
9329,7,6,1
9333,6,6,0
9335,1,0,1
9336,6,6,0
9337,6,6,0
9338,6,6,0
9339,6,6,0
9372,44,26,18
9373,44,26,18
9374,3,0,3
9375,185,100,85
9376,44,26,18
9377,21,14,7
9378,1,0,1
9379,1,0,1
9380,22,13,9
9381,22,13,9
9382,20,14,6
9383,24,3,21
9384,24,3,21
9385,16,5,11
9386,4,1,3
9387,2,1,1
9388,1,0,1
9389,1,0,1
9390,16,5,11
9391,18,14,4
9392,16,5,11
9393,16,5,11
9394,16,5,11
9395,16,5,11
9396,16,5,11
9397,16,5,11
9398,16,5,11
9399,16,5,11
9400,17,16,1
9401,14,14,0
9402,14,14,0
9403,14,14,0
9404,14,14,0
9405,17,17,0
9406,24,22,2
9407,2,0,2
9408,2,0,2
9409,24,22,2
9410,24,22,2
9411,24,22,2
9412,24,22,2
9413,24,7,17
9421,5,3,2
9422,5,3,2
9423,12,0,12
9424,12,0,12
9425,12,0,12
9426,12,0,12
9427,12,0,12
9428,12,0,12
9429,15,1,14
9430,8,3,5
9431,8,3,5
9432,5,2,3
9433,12,0,12
9434,12,0,12
9435,5,4,1
9436,5,4,1
9437,3,2,1
9438,3,2,1
9441,17,1,16
9442,12,0,12
9443,2,2,0
9444,2,2,0
9445,13,6,7
9446,13,6,7
9447,13,6,7
9448,17,11,6
9449,25,15,10
9450,25,15,10
9451,25,15,10
9452,17,9,8
9453,17,9,8
9454,1,0,1
9455,14,7,7
9456,180,94,86
9457,5,1,4
9458,5,1,4
9459,5,1,4
9462,5,1,4
9464,51,24,27
9465,51,24,27
9466,5,3,2
9467,5,3,2
9468,14,13,1
9469,14,13,1
9470,15,10,5
9471,20,11,9
9472,20,11,9
9473,20,11,9
9474,15,11,4
9477,15,10,5
9478,42,20,22
9479,2,2,0
9480,42,20,22
9481,30,16,14
9482,7,5,2
9483,8,4,4
9484,8,4,4
9485,7,5,2
9486,7,5,2
9487,42,20,22
9488,30,16,14
9489,30,16,14
9490,30,16,14
9491,30,16,14
9492,19,17,2
9495,18,15,3
9496,18,15,3
9497,18,15,3
9498,18,16,2
9499,18,16,2
9503,18,0,18
9504,18,0,18
9505,8,6,2
9507,8,6,2
9508,5,0,5
9509,8,6,2
9510,8,6,2
9511,8,6,2
9512,8,6,2
9513,8,6,2
9514,8,6,2
9515,8,6,2
9516,8,6,2
9517,8,6,2
9518,8,6,2
9519,46,27,19
9520,92,40,52
9521,92,40,52
9522,38,30,8
9523,38,30,8
9524,38,30,8
9525,38,30,8
9526,38,30,8
9527,38,30,8
9528,25,22,3
9529,26,23,3
9530,26,23,3
9531,26,23,3
9532,26,23,3
9534,7,4,3
9535,7,4,3
9536,29,23,6
9537,29,23,6
9538,7,4,3
9539,7,4,3
9540,29,23,6
9541,25,22,3
9542,36,4,32
9543,36,4,32
9544,17,14,3
9545,9,9,0
9546,9,9,0
9547,9,9,0
9548,9,9,0
9549,9,9,0
9550,9,9,0
9551,9,8,1
9552,1,0,1
9553,8,8,0
9554,8,8,0
9555,17,14,3
9556,14,2,12
9557,3,2,1
9558,26,23,3
9559,3,0,3
9560,25,22,3
9561,5,1,4
9562,17,14,3
9563,17,14,3
9564,17,14,3
9565,17,14,3
9566,17,14,3
9567,17,14,3
9568,17,14,3
9569,17,14,3
9570,17,14,3
9571,17,14,3
9572,92,40,52
9573,7,2,5
9574,7,2,5
9575,20,20,0
9576,23,20,3
9577,23,20,3
9578,18,16,2
9579,18,16,2
9580,3,0,3
9581,18,16,2
9582,11,8,3
9585,11,8,3
9586,11,8,3
9587,11,8,3
9588,11,8,3
9589,11,8,3
9590,11,8,3
9591,11,8,3
9592,11,8,3
9593,11,8,3
9594,11,8,3
9595,11,8,3
9596,11,8,3
9597,8,7,1
9598,8,7,1
9599,8,7,1
9600,8,7,1
9601,8,7,1
9602,1,0,1
9603,8,7,1
9604,27,22,5
9605,21,20,1
9606,21,20,1
9607,21,20,1
9608,21,20,1
9609,23,23,0
9610,6,4,2
9617,12,11,1
9618,5,5,0
9619,2,2,0
9620,2,2,0
9621,2,2,0
9622,2,2,0
9623,6,6,0
9624,12,11,1
9625,2,1,1
9626,26,25,1
9627,27,22,5
9628,6,0,6
9629,12,11,1
9630,12,11,1
9631,12,11,1
9632,12,11,1
9633,12,11,1
9634,12,11,1
9635,12,11,1
9636,12,11,1
9637,12,11,1
9638,12,11,1
9639,12,11,1
9640,12,11,1
9641,34,14,20
9642,34,14,20
9643,34,14,20
9644,18,1,17
9645,2,1,1
9646,2,1,1
9647,2,1,1
9648,2,1,1
9649,2,1,1
9650,2,1,1
9651,2,1,1
9652,2,1,1
9653,2,1,1
9654,2,1,1
9655,7,6,1
9656,6,5,1
9657,6,5,1
9658,6,5,1
9659,6,5,1
9660,7,6,1
9661,9,8,1
9662,34,14,20
9663,34,14,20
9678,16,14,2
9679,21,16,5
9680,21,16,5
9681,16,13,3
9682,16,13,3
9683,3,0,3
9684,3,0,3
9685,16,13,3
9686,14,5,9
9687,14,5,9
9688,21,16,5
9695,14,5,9
9697,21,16,5
9698,23,14,9
9701,18,14,4
9702,16,14,2
9703,21,16,5
9704,21,16,5
9705,21,16,5
9706,21,16,5
9709,1,0,1
9710,1,0,1
9711,13,6,7
9712,21,11,10
9713,21,11,10
9714,21,11,10
9715,21,11,10
9716,21,11,10
9717,21,11,10
9718,2,1,1
9719,2,1,1
9720,18,3,15
9721,8,3,5
9722,8,3,5
9723,21,11,10
9724,21,11,10
9725,6,5,1
9726,6,5,1
9727,6,5,1
9728,7,6,1
9729,16,3,13
9730,21,11,10
9731,30,18,12
9732,30,18,12
9733,15,5,10
9734,15,5,10
9735,15,5,10
9736,15,5,10
9737,15,5,10
9738,15,5,10
9739,24,4,20
9740,9,3,6
9741,15,6,9
9742,15,5,10
9743,15,5,10
9744,9,5,4
9745,9,5,4
9746,9,5,4
9747,7,4,3
9748,7,4,3
9749,18,3,15
9751,18,3,15
9752,15,5,10
9753,11,0,11
9754,11,0,11
9755,11,0,11
9756,8,1,7
9757,2,0,2
9758,11,0,11
9759,5,1,4
9760,5,1,4
9761,5,2,3
9764,11,1,10
9765,11,0,11
9788,13,9,4
9789,13,9,4
9790,13,9,4
9791,12,3,9
9792,5,3,2
9793,7,5,2
9794,7,5,2
9795,5,3,2
9796,12,3,9
9797,13,9,4
9798,8,6,2
9799,8,6,2
9800,6,4,2
9801,12,4,8
9803,12,4,8
9804,13,9,4
9805,11,8,3
9806,17,15,2
9807,7,4,3
9825,20,18,2
9826,23,20,3
9827,23,20,3
9828,23,20,3
9829,23,20,3
9830,20,18,2
9831,27,10,17
9832,27,10,17
9833,43,41,2
9843,43,41,2
9844,3,2,1
9845,19,16,3
9846,20,18,2
9847,6,2,4
9848,43,41,2
9849,43,41,2
9850,43,41,2
9851,43,41,2
9852,30,22,8
9854,3,1,2
9855,38,25,13
9856,38,25,13
9857,38,25,13
9858,38,25,13
9859,2,1,1
9864,2,1,1
9866,30,22,8
9867,5,3,2
9868,56,18,38
9869,56,18,38
9870,48,38,10
9880,56,18,38
9881,1,1,0
9883,1,1,0
9884,48,38,10
9885,15,1,14
9886,3,2,1
9887,26,21,5
9888,30,22,8
9889,8,3,5
9890,48,38,10
9891,48,38,10
9892,48,38,10
9893,48,38,10
9894,48,38,10
9895,48,38,10
9896,48,38,10
9897,48,38,10
9899,48,38,10
9900,48,38,10
9901,48,38,10
9903,4,0,4
9904,4,0,4
9905,4,0,4
9906,4,0,4
9907,4,0,4
9908,4,0,4
9909,7,3,4
9910,17,10,7
9911,1,0,1
9912,17,10,7
9913,32,21,11
9914,32,21,11
9915,5,5,0
9916,16,14,2
9917,19,15,4
9918,19,15,4
9919,19,15,4
9920,16,15,1
9921,31,25,6
9922,3,1,2
9923,31,25,6
9924,12,11,1
9925,31,25,6
9926,31,25,6
9927,31,25,6
9928,31,25,6
9929,17,16,1
9930,14,14,0
9931,24,22,2
9932,24,22,2
9933,24,22,2
9934,43,33,10
9935,92,40,52
9937,55,29,26
9938,27,17,10
9939,27,17,10
9944,26,15,11
9945,26,15,11
9948,16,8,8
9949,32,7,25
9950,14,11,3
9961,14,11,3
9966,17,12,5
9967,2,0,2
9968,16,10,6
9969,16,10,6
9970,16,10,6
9971,16,12,4
9972,32,7,25
9973,32,7,25
9974,14,7,7
9978,1,0,1
9979,14,7,7
9980,14,7,7
9981,14,7,7
9982,14,7,7
9983,14,7,7
9990,12,7,5
9991,18,6,12
10003,9,2,7
10004,9,2,7
10005,9,2,7
10006,5,0,5
10007,5,0,5
10008,5,0,5
10009,5,0,5
10010,5,0,5
10011,9,2,7
10012,9,2,7
10013,18,6,12
10018,12,7,5
10065,2,0,2
10069,11,10,1
10070,11,10,1
10076,2,0,2
10078,16,6,10
10079,16,6,10
10085,9,4,5
10086,9,4,5
10090,192,106,86
10091,192,106,86
10092,192,106,86
10093,192,106,86
10095,3,2,1
10104,27,17,10
10105,6,2,4
10106,6,2,4
10109,1,0,1
10114,13,13,0
10115,13,13,0
10116,5,5,0
10117,5,5,0
10136,5,3,2
10137,5,3,2
10138,5,3,2
10139,5,4,1
10140,5,4,1
10141,9,6,3
10142,28,21,7
10143,20,8,12
10144,28,21,7
10145,61,36,25
10146,61,36,25
10171,21,17,4
10172,20,16,4
10173,20,16,4
10174,20,16,4
10175,20,16,4
10176,21,18,3
10177,31,10,21
10178,31,10,21
10179,24,17,7
10181,18,15,3
10182,5,1,4
10183,24,17,7
10184,24,17,7
10185,24,17,7
10186,24,17,7
10187,24,17,7
10188,24,17,7
10189,24,17,7
10190,24,17,7
10191,35,26,9
10192,44,29,15
10193,44,29,15
10194,44,29,15
10195,44,29,15
10196,39,30,9
10197,39,30,9
10198,5,2,3
10199,39,30,9
10200,54,15,39
10201,54,15,39
10202,5,4,1
10203,5,4,1
10204,54,15,39
10205,59,36,23
10206,13,9,4
10207,20,13,7
10208,20,13,7
10209,20,13,7
10210,13,9,4
10211,8,7,1
10212,2,1,1
10213,15,10,5
10214,54,15,39
10215,54,15,39
10216,59,36,23
10217,17,3,14
10218,5,2,3
10219,36,26,10
10220,35,26,9
10221,7,2,5
10222,59,36,23
10223,59,36,23
10224,59,36,23
10226,59,36,23
10227,59,36,23
10228,59,36,23
10229,59,36,23
10230,59,36,23
10231,59,36,23
10232,59,36,23
10233,59,36,23
10234,59,36,23
10236,25,19,6
10238,26,18,8
10239,26,18,8
10240,26,18,8
10241,26,18,8
10242,25,18,7
10243,25,18,7
10244,25,18,7
10245,6,1,5
10246,6,1,5
10247,25,18,7
10248,25,18,7
10249,37,14,23
10250,37,14,23
10251,37,14,23
10252,32,26,6
10253,9,9,0
10254,8,8,0
10255,8,8,0
10256,8,8,0
10257,8,8,0
10258,9,9,0
10259,10,9,1
10260,2,1,1
10261,4,2,2
10262,9,8,1
10263,9,8,1
10264,37,14,23
10265,37,14,23
10266,1,1,0
10267,32,26,6
10268,7,1,6
10269,25,19,6
10270,2,0,2
10271,25,19,6
10272,6,2,4
10273,32,26,6
10274,32,26,6
10275,32,26,6
10276,32,26,6
10277,24,20,4
10278,28,21,7
10279,28,21,7
10280,28,21,7
10281,28,21,7
10282,24,21,3
10283,34,6,28
10285,34,6,28
10286,18,12,6
10287,7,5,2
10288,7,3,4
10289,7,3,4
10290,7,3,4
10291,6,4,2
10292,18,12,6
10293,2,0,2
10294,24,20,4
10295,3,0,3
10296,24,20,4
10297,5,0,5
10298,18,12,6
10299,18,12,6
10300,18,12,6
10301,18,12,6
10302,18,12,6
10303,18,12,6
10304,18,12,6
10305,18,12,6
10306,18,12,6
10307,18,12,6
10308,18,12,6
10310,17,12,5
10311,17,12,5
10312,17,12,5
10313,15,11,4
10314,34,12,22
10315,34,12,22
10316,34,12,22
10317,17,12,5
10318,13,10,3
10319,7,4,3
10320,21,14,7
10321,8,5,3
10322,21,14,7
10323,13,10,3
10324,6,3,3
10325,21,14,7
10326,13,11,2
10327,16,13,3
10328,16,13,3
10329,16,13,3
10330,16,13,3
10331,13,11,2
10332,12,2,10
10333,11,10,1
10334,12,11,1
10335,12,11,1
10336,84,39,45
10337,84,39,45
10338,84,39,45
10339,20,7,13
10340,20,7,13
10341,20,7,13
10342,20,7,13
10343,20,7,13
10344,20,7,13
10345,84,39,45
10346,84,39,45
10347,19,15,4
10348,2,1,1
10349,2,1,1
10350,20,16,4
10351,20,16,4
10352,20,16,4
10353,20,16,4
10354,17,17,0
10355,26,22,4
10356,26,22,4
10357,4,3,1
10358,40,24,16
10359,40,24,16
10360,40,24,16
10361,3,3,0
10362,5,5,0
10363,40,24,16
10364,40,24,16
10365,14,13,1
10366,3,2,1
10367,5,1,4
10368,26,22,4
10369,26,22,4
10370,26,22,4
10371,26,22,4
10372,13,6,7
10373,4,2,2
10374,4,2,2
10375,99,61,38
10376,39,29,10
10377,39,29,10
10378,39,29,10
10379,34,30,4
10380,34,30,4
10381,43,17,26
10382,43,17,26
10383,43,17,26
10384,35,29,6
10385,8,6,2
10386,10,8,2
10387,12,5,7
10388,39,24,15
10389,10,4,6
10390,10,4,6
10391,39,24,15
10392,33,24,9
10393,19,17,2
10394,31,23,8
10395,31,23,8
10396,31,23,8
10397,31,23,8
10398,19,17,2
10399,48,25,23
10400,20,17,3
10401,18,9,9
10402,18,9,9
10403,18,9,9
10404,10,4,6
10405,3,3,0
10406,11,3,8
10407,6,4,2
10408,3,1,2
10409,11,3,8
10410,18,9,9
10411,7,5,2
10412,7,5,2
10413,7,5,2
10414,8,4,4
10415,8,4,4
10416,3,0,3
10417,3,0,3
10418,8,4,4
10419,17,3,14
10422,17,3,14
10424,9,7,2
10425,18,9,9
10426,25,19,6
10427,25,19,6
10428,99,61,38
10429,42,31,11
10430,42,31,11
10431,42,31,11
10432,42,31,11
10433,42,31,11
10434,42,31,11
10435,42,31,11
10436,42,31,11
10437,42,31,11
10438,42,31,11
10439,8,5,3
10440,39,24,15
10441,12,7,5
10442,18,11,7
10443,18,11,7
10444,16,10,6
10445,12,7,5
10448,12,7,5
10449,48,18,30
10450,48,18,30
10451,30,12,18
10452,5,1,4
10453,5,1,4
10454,48,18,30
10455,30,12,18
10456,5,1,4
10459,9,7,2
10460,9,7,2
10468,9,7,2
10475,30,12,18
10476,1,0,1
10477,35,22,13
10478,35,22,13
10479,19,15,4
10480,5,4,1
10481,88,46,42
10482,28,17,11
10483,4,4,0
10484,6,5,1
10485,8,7,1
10486,8,7,1
10487,6,5,1
10488,17,7,10
10489,7,6,1
10490,7,6,1
10491,28,17,11
10494,9,6,3
10495,9,6,3
10496,9,6,3
10497,8,5,3
10498,13,3,10
10499,13,3,10
10500,13,3,10
10501,9,6,3
10502,9,6,3
10503,28,17,11
10504,6,4,2
10505,70,51,19
10506,70,51,19
10507,70,51,19
10508,70,51,19
10509,70,51,19
10510,70,51,19
10511,70,51,19
10512,9,5,4
10513,28,17,11
10514,15,12,3
10515,14,9,5
10516,14,9,5
10517,13,10,3
10520,17,0,17
10521,17,0,17
10522,13,5,8
10523,2,0,2
10524,14,10,4
10525,3,0,3
10526,13,5,8
10527,13,5,8
10528,13,5,8
10529,13,5,8
10530,13,5,8
10531,13,10,3
10532,17,14,3
10533,14,11,3
10534,32,13,19
10535,19,16,3
10537,19,16,3
10538,19,16,3
10539,19,16,3
10540,19,16,3
10541,18,13,5
10542,11,8,3
10543,18,13,5
10544,18,13,5
10545,22,19,3
10546,47,33,14
10547,47,33,14
10548,34,22,12
10549,53,29,24
10550,53,29,24
10551,4,0,4
10552,53,29,24
10553,53,29,24
10554,5,2,3
10555,5,2,3
10556,29,17,12
10557,29,17,12
10558,6,3,3
10559,6,3,3
10560,29,17,12
10561,58,23,35
10562,58,23,35
10563,60,36,24
10564,10,8,2
10565,9,5,4
10566,9,5,4
10567,9,5,4
10568,9,5,4
10569,9,7,2
10570,2,0,2
10571,8,6,2
10572,8,6,2
10573,58,23,35
10574,60,36,24
10575,10,2,8
10576,4,1,3
10577,30,20,10
10578,34,22,12
10579,7,2,5
10580,60,36,24
10581,60,36,24
10582,60,36,24
10583,60,36,24
10584,20,15,5
10585,26,19,7
10586,26,19,7
10587,21,15,6
10588,45,31,14
10590,45,31,14
10591,44,34,10
10592,4,3,1
10593,45,31,14
10594,44,34,10
10596,18,11,7
10597,44,34,10
10598,44,34,10
10599,44,34,10
10600,44,34,10
10601,14,0,14
10602,14,0,14
10603,14,0,14
10604,14,0,14
10605,14,0,14
10606,14,0,14
10607,14,0,14
10608,8,2,6
10609,8,2,6
10614,2,2,0
10615,9,6,3
10616,5,5,0
10617,5,5,0
10618,4,0,4
10619,4,0,4
10622,2,0,2
10624,2,0,2
10626,52,21,31
10627,52,21,31
10628,52,21,31
10629,21,13,8
10630,3,0,3
10631,21,11,10
10632,21,11,10
10633,21,11,10
10634,21,11,10
10635,18,12,6
10636,21,1,20
10637,21,1,20
10643,21,1,20
10644,24,12,12
10655,21,1,20
10656,21,1,20
10657,3,1,2
10658,24,12,12
10659,8,1,7
10660,3,1,2
10661,20,12,8
10662,7,2,5
10663,24,12,12
10664,24,12,12
10665,24,12,12
10666,24,12,12
10667,3,0,3
10668,2,0,2
10669,2,0,2
10670,3,0,3
10671,16,15,1
10673,14,13,1
10674,14,13,1
10675,14,13,1
10676,14,13,1
10677,16,16,0
10678,5,0,5
10679,5,0,5
10680,9,9,0
10686,5,0,5
10687,14,9,5
10689,16,16,0
10690,5,0,5
10693,5,0,5
10694,2,0,2
10695,16,15,1
10696,4,0,4
10697,9,9,0
10698,9,9,0
10699,9,9,0
10700,9,9,0
10701,9,9,0
10702,9,9,0
10703,9,9,0
10704,9,9,0
10705,9,5,4
10706,7,5,2
10707,12,0,12
10708,12,0,12
10709,13,10,3
10711,13,10,3
10712,13,10,3
10713,16,14,2
10714,15,12,3
10715,15,12,3
10716,15,12,3
10717,15,12,3
10718,18,14,4
10719,18,14,4
10720,2,0,2
10721,2,0,2
10722,20,2,18
10723,20,2,18
10724,10,8,2
10726,10,8,2
10727,16,14,2
10728,4,0,4
10729,10,8,2
10730,10,8,2
10731,10,8,2
10732,10,8,2
10733,10,8,2
10734,10,8,2
10737,9,8,1
10738,12,10,2
10739,12,10,2
10742,15,5,10
10743,10,9,1
10745,3,1,2
10746,10,9,1
10747,10,9,1
10748,10,9,1
10749,10,9,1
10750,12,12,0
10751,13,12,1
10752,13,12,1
10753,15,13,2
10754,1,0,1
10755,1,0,1
10759,7,1,6
10760,7,1,6
10761,7,6,1
10764,13,10,3
10765,3,1,2
10766,12,12,0
10767,2,0,2
10768,7,6,1
10769,7,6,1
10770,7,6,1
10771,7,6,1
10772,7,6,1
10773,7,6,1
10774,7,6,1
10775,7,6,1
10776,3,1,2
10777,3,1,2
10778,40,24,16
10781,234,131,103
10782,3,1,2
10783,4,1,3
10784,2,0,2
10785,2,0,2
10786,4,2,2
10787,3,1,2
10788,3,1,2
10789,8,3,5
10790,1,0,1
10791,1,0,1
10792,22,13,9
10793,16,14,2
10794,16,14,2
10795,57,33,24
10796,57,33,24
10797,12,3,9
10798,12,3,9
10804,57,33,24
10805,27,20,7
10806,7,7,0
10807,18,8,10
10810,31,25,6
10811,31,25,6
10812,31,25,6
10815,3,3,0
10816,5,5,0
10817,5,5,0
10818,3,3,0
10819,3,3,0
10821,3,3,0
10822,5,5,0
10823,9,3,6
10824,9,3,6
10829,2,2,0
10830,2,2,0
10837,5,5,0
10849,14,5,9
10850,14,5,9
10851,10,7,3
10856,9,8,1
10867,5,5,0
10876,14,5,9
10877,65,39,26
10878,65,39,26
10928,55,34,21
10929,22,12,10
10930,6,1,5
10931,90,46,44
10932,90,46,44
10933,1,0,1
10934,46,31,15
10935,234,131,103
10936,5,1,4
10938,5,1,4
10943,90,46,44
10944,103,58,45
10945,90,46,44
10946,2,0,2
10947,27,7,20
10948,27,7,20
10949,13,6,7
10950,13,6,7
10951,77,57,20
10952,77,57,20
10953,77,57,20
10954,132,93,39
10955,132,93,39
10956,132,93,39
10957,132,93,39
10958,132,93,39
10959,132,93,39
10960,132,93,39
10961,132,93,39
10962,132,93,39
10963,77,57,20
10964,77,57,20
10965,77,57,20
10967,104,70,34
10968,104,70,34
10973,24,14,10
10974,24,14,10
10975,7,7,0
10976,1,0,1
10977,1,0,1
10978,12,9,3
10979,18,8,10
10980,18,8,10
10981,23,15,8
10982,9,9,0
10983,64,42,22
10984,64,42,22
10985,64,42,22
10986,64,42,22
10988,11,11,0
10989,11,11,0
10995,6,6,0
10996,6,6,0
10998,6,6,0
11008,12,8,4
11009,14,7,7
11010,14,7,7
11011,11,8,3
11014,16,0,16
11015,16,0,16
11016,20,4,16
11017,20,4,16
11018,20,4,16
11019,20,4,16
11020,20,4,16
11022,61,43,18
11023,2,1,1
11024,11,4,7
11025,11,4,7
11039,2,2,0
11043,15,11,4
11045,15,11,4
11048,6,0,6
11049,88,61,27
11050,88,61,27
11051,4,0,4
11052,1,0,1
11053,1,0,1
11054,42,22,20
11055,42,22,20
11056,32,13,19
11057,32,13,19
11058,32,13,19
11077,2,0,2
11078,2,0,2
11079,2,0,2
11080,2,0,2
11082,79,47,32
11105,8,0,8
11106,8,0,8
11182,6,4,2
11183,6,4,2
11203,5,3,2
11204,5,3,2
11205,5,3,2
11206,13,8,5
11207,13,8,5
11306,79,47,32
11318,27,14,13
11319,27,14,13
11320,27,14,13
11322,83,53,30
11323,83,53,30
11324,83,53,30
11325,83,53,30
11328,1,0,1
11329,83,53,30
11330,83,53,30
11331,83,53,30
11332,83,53,30
11333,83,53,30
11345,2,0,2
11346,27,21,6
11347,27,21,6
11348,5,0,5
11349,5,0,5
11350,4,0,4
11351,4,0,4
11352,4,0,4
11353,4,0,4
11354,5,0,5
11355,5,0,5
11356,8,0,8
11359,234,131,103
11361,39,20,19
11367,13,6,7
11368,13,6,7
11369,13,6,7
11370,13,6,7
11371,7,5,2
11372,7,5,2
11373,7,5,2
11374,7,5,2
11375,7,5,2
11376,11,1,10
11377,3,2,1
11378,2,1,1
11379,7,5,2
11380,7,5,2
11381,2,1,1
11383,12,3,9
11384,7,5,2
11385,78,45,33
11386,78,45,33
11387,78,45,33
11388,78,45,33
11389,78,45,33
11390,78,45,33
11391,51,18,33
11392,22,14,8
11393,3,1,2
11394,33,16,17
11395,33,16,17
11396,33,16,17
11397,33,16,17
11398,2,0,2
11399,2,0,2
11400,23,14,9
11401,23,14,9
11402,51,18,33
11403,3,2,1
11404,51,18,33
11405,35,18,17
11414,51,18,33
11415,8,1,7
11416,8,1,7
11417,2,0,2
11418,35,18,17
11419,19,8,11
11420,11,10,1
11421,2,2,0
11422,11,10,1
11423,1,0,1
11424,23,15,8
11425,3,1,2
11426,22,14,8
11427,8,4,4
11428,35,18,17
11429,35,18,17
11430,35,18,17
11431,35,18,17
11432,30,3,27
11433,30,3,27
11436,30,3,27
11437,20,14,6
11445,30,3,27
11446,30,3,27
11447,20,14,6
11448,13,1,12
11449,10,8,2
11450,7,3,4
11451,20,14,6
11452,20,14,6
11453,20,14,6
11454,20,14,6
11455,20,14,6
11456,20,14,6
11457,20,14,6
11458,20,14,6
11459,20,14,6
11460,20,14,6
11461,15,12,3
11462,15,12,3
11463,67,44,23
11464,67,44,23
11465,67,44,23
11466,67,44,23
11493,1,1,0
11495,2,2,0
11507,5,1,4
11508,5,1,4
11533,67,44,23
11534,26,20,6
11535,27,19,8
11536,27,19,8
11537,27,19,8
11538,27,19,8
11539,26,21,5
11540,26,20,6
11541,26,20,6
11542,2,0,2
11543,26,20,6
11544,42,25,17
11545,42,25,17
11546,1,1,0
11547,42,25,17
11548,42,25,17
11549,6,1,5
11550,6,1,5
11555,22,14,8
11556,22,14,8
11557,22,14,8
11558,16,7,9
11559,16,7,9
11560,16,7,9
11561,16,7,9
11562,16,7,9
11563,16,7,9
11564,16,7,9
11565,16,7,9
11566,11,5,6
11567,11,5,6
11570,143,89,54
11571,12,6,6
11573,14,10,4
11574,14,10,4
11575,6,2,4
11576,6,2,4
11577,14,10,4
11578,14,10,4
11579,2,0,2
11580,2,0,2
11581,2,0,2
11582,67,44,23
11622,21,6,15
11623,21,6,15
11624,21,6,15
11625,21,6,15
11626,21,6,15
11627,21,6,15
11628,61,36,25
11629,16,6,10
11630,16,6,10
11631,7,4,3
11632,7,4,3
11666,37,27,10
11701,37,27,10
11702,143,89,54
11703,143,89,54
11704,13,10,3
11713,22,13,9
11714,1,1,0
11715,22,13,9
11718,61,47,14
11719,61,47,14
11736,30,23,7
11737,30,23,7
11738,30,23,7
11739,30,23,7
11740,30,23,7
11741,30,23,7
11742,16,7,9
11750,16,7,9
11751,16,7,9
11752,16,7,9
11755,13,8,5
11756,13,8,5
11757,100,60,40
11758,27,19,8
11759,28,18,10
11760,28,18,10
11761,28,18,10
11762,28,18,10
11763,24,19,5
11764,45,20,25
11765,45,20,25
11766,56,35,21
11767,9,7,2
11768,9,4,5
11769,9,4,5
11770,9,4,5
11771,9,4,5
11772,9,7,2
11773,7,6,1
11774,7,6,1
11775,45,20,25
11776,56,35,21
11777,3,0,3
11778,19,16,3
11779,19,16,3
11780,27,19,8
11781,5,1,4
11782,56,35,21
11783,56,35,21
11784,56,35,21
11785,56,35,21
11786,56,35,21
11787,56,35,21
11788,56,35,21
11791,21,15,6
11792,26,18,8
11793,26,18,8
11794,23,15,8
11795,34,11,23
11796,34,11,23
11797,43,36,7
11798,17,14,3
11799,21,15,6
11800,4,2,2
11801,43,36,7
11802,43,36,7
11803,43,36,7
11804,43,36,7
11805,43,36,7
11808,6,4,2
11810,2,0,2
11811,2,0,2
11813,6,4,2
11815,52,35,17
11816,4,1,3
11817,14,5,9
11818,4,2,2
11819,14,5,9
11820,28,10,18
11821,28,10,18
11822,28,10,18
11823,28,10,18
11835,56,40,16
11836,56,40,16
11837,20,18,2
11838,21,19,2
11839,18,16,2
11840,22,5,17
11843,22,5,17
11844,14,12,2
11845,4,4,0
11846,4,4,0
11847,1,1,0
11852,14,12,2
11853,16,14,2
11854,16,14,2
11855,16,14,2
11856,14,12,2
11857,14,12,2
11858,14,12,2
11859,14,12,2
11860,14,12,2
11861,14,12,2
11862,14,12,2
11863,14,12,2
11864,52,35,17
11867,30,19,11
11868,30,19,11
11869,30,19,11
11870,30,19,11
11871,28,21,7
11872,52,35,17
11873,41,32,9
11874,41,32,9
11875,31,17,14
11876,11,9,2
11877,23,17,6
11878,23,17,6
11879,23,17,6
11880,23,17,6
11881,11,9,2
11882,34,27,7
11883,12,10,2
11884,4,1,3
11885,14,12,2
11886,41,32,9
11887,23,13,10
11888,7,3,4
11889,7,2,5
11890,27,24,3
11891,10,6,4
11892,52,35,17
11893,13,5,8
11894,31,17,14
11895,31,17,14
11896,31,17,14
11897,31,17,14
11898,31,17,14
11899,31,17,14
11900,31,17,14
11901,31,17,14
11902,31,17,14
11903,31,17,14
11904,18,15,3
11906,10,4,6
11910,5,4,1
11911,61,36,25
11912,61,36,25
11913,143,89,54
11914,16,16,0
11915,26,22,4
11916,26,22,4
11917,26,22,4
11918,22,22,0
11919,45,36,9
11923,16,16,0
11924,4,0,4
11925,45,36,9
11926,45,36,9
11927,45,36,9
11928,45,36,9
11929,45,36,9
11930,45,36,9
11931,45,36,9
11932,45,36,9
11933,12,12,0
11934,17,10,7
11935,55,29,26
11936,55,29,26
11937,9,8,1
11938,9,8,1
11939,55,29,26
11940,28,11,17
11941,55,29,26
11948,1,1,0
11952,28,11,17
11953,28,11,17
11954,28,11,17
11955,28,11,17
11956,77,53,24
11957,39,33,6
11958,39,33,6
11959,39,33,6
11963,7,6,1
11964,72,67,5
11965,72,67,5
11966,38,25,13
11967,38,25,13
11969,13,13,0
11970,13,13,0
11980,3,3,0
11983,12,8,4
11984,12,8,4
11985,12,8,4
11986,12,8,4
11989,24,16,8
11990,24,16,8
11991,24,16,8
11992,27,24,3
11993,27,24,3
11994,27,24,3
11995,27,24,3
11996,27,24,3
11997,27,24,3
11999,17,17,0
12002,31,26,5
12003,31,26,5
12004,144,96,48
12006,44,31,13
12007,44,31,13
12012,63,25,38
12013,63,25,38
12014,8,0,8
12015,8,0,8
12016,5,0,5
12017,5,0,5
12018,8,0,8
12019,8,0,8
12020,33,26,7
12055,22,19,3
12076,6,2,4
12077,63,25,38
12078,63,25,38
12079,63,25,38
12080,63,25,38
12081,63,25,38
12082,63,25,38
12083,63,25,38
12084,5,2,3
12085,79,45,34
12086,79,45,34
12087,79,45,34
12088,79,45,34
12089,79,45,34
12090,79,45,34
12091,79,45,34
12092,79,45,34
12093,63,27,36
12094,63,27,36
12095,219,163,56
12096,59,37,22
12097,137,74,63
12098,1,1,0
12099,1,1,0
12100,1,1,0
12101,1,1,0
12102,40,30,10
12104,14,14,0
12105,147,113,34
12106,31,24,7
12107,31,24,7
12108,15,12,3
12109,31,24,7
12110,12,9,3
12111,8,8,0
12112,13,13,0
12113,50,41,9
12114,20,15,5
12115,4,3,1
12116,4,3,1
12117,15,8,7
12118,15,8,7
12119,9,5,4
12120,3,2,1
12121,3,2,1
12122,2,0,2
12123,16,7,9
12124,16,7,9
12125,24,10,14
12126,16,7,9
12127,24,10,14
12128,20,15,5
12129,30,26,4
12130,30,26,4
12131,1,1,0
12132,1,1,0
12138,1,1,0
12139,2,0,2
12140,2,0,2
12141,1,1,0
12155,50,41,9
12157,151,119,32
12159,1,1,0
12160,1,1,0
12164,11,9,2
12165,11,9,2
12171,6,6,0
12172,6,6,0
12173,34,31,3
12175,7,7,0
12176,7,7,0
12177,5,5,0
12178,14,14,0
12179,34,31,3
12181,10,10,0
12182,10,10,0
12183,151,119,32
12187,5,3,2
12188,151,119,32
12202,37,31,6
12207,34,32,2
12208,40,31,9
12209,40,31,9
12210,4,3,1
12211,4,3,1
12212,4,3,1
12213,8,0,8
12214,5,4,1
12217,40,31,9
12218,40,31,9
12219,112,102,10
12222,120,94,26
12223,18,15,3
12224,18,15,3
12225,3,0,3
12246,21,20,1
12247,13,6,7
12248,1,0,1
12249,1,0,1
12250,17,12,5
12251,17,12,5
12252,17,12,5
12253,24,17,7
12254,24,17,7
12255,24,17,7
12256,24,19,5
12257,24,17,7
12258,24,17,7
12259,24,19,5
12260,21,20,1
12261,24,19,5
12263,2,0,2
12264,2,0,2
12265,2,0,2
12266,115,96,19
12267,115,96,19
12268,103,87,16
12269,115,96,19
12270,29,18,11
12271,29,18,11
12272,103,87,16
12273,13,13,0
12274,13,13,0
12275,14,14,0
12276,25,15,10
12277,25,15,10
12278,9,7,2
12279,25,15,10
12280,25,17,8
12281,18,11,7
12282,3,2,1
12283,3,2,1
12284,15,8,7
12285,15,8,7
12286,15,8,7
12287,15,8,7
12288,17,10,7
12289,17,10,7
12290,2,0,2
12291,2,0,2
12292,18,4,14
12293,18,4,14
12294,18,4,14
12295,17,10,7
12296,18,4,14
12297,18,4,14
12298,1,1,0
12299,17,10,7
12300,16,11,5
12301,5,1,4
12302,17,10,7
12303,9,7,2
12304,9,7,2
12305,9,7,2
12306,9,7,2
12307,9,7,2
12308,9,7,2
12309,9,7,2
12310,9,7,2
12311,11,11,0
12313,11,11,0
12316,12,7,5
12317,12,7,5
12318,12,7,5
12319,14,9,5
12320,32,19,13
12321,32,19,13
12322,32,19,13
12323,18,13,5
12326,32,19,13
12327,32,19,13
12335,18,13,5
12336,14,9,5
12337,18,13,5
12338,18,13,5
12339,18,13,5
12340,19,14,5
12343,19,19,0
12344,19,19,0
12345,96,88,8
12346,96,88,8
12347,3,3,0
12348,3,3,0
12349,12,12,0
12350,22,22,0
12351,9,9,0
12352,9,9,0
12353,12,12,0
12354,22,22,0
12355,27,19,8
12356,1,0,1
12357,9,5,4
12358,5,1,4
12359,3,0,3
12360,27,19,8
12361,27,19,8
12362,5,1,4
12363,5,1,4
12364,11,11,0
12365,113,88,25
12366,113,88,25
12377,66,60,6
12378,113,88,25
12379,9,7,2
12380,9,7,2
12381,66,60,6
12382,66,60,6
12383,66,60,6
12384,66,60,6
12385,66,60,6
12386,66,60,6
12387,66,60,6
12388,66,60,6
12389,219,126,93
12390,232,150,82
12391,232,150,82
12392,98,69,29
12393,39,19,20
12394,39,19,20
12395,98,69,29
12396,218,148,70
12397,218,148,70
12398,218,148,70
12399,218,148,70
12400,218,148,70
12401,218,148,70
12402,31,24,7
12403,1,0,1
12404,1,0,1
12405,43,37,6
12406,43,37,6
12407,43,37,6
12408,43,37,6
12409,39,34,5
12410,90,71,19
12411,90,71,19
12412,50,47,3
12413,12,12,0
12414,19,19,0
12415,19,19,0
12416,8,8,0
12417,8,8,0
12418,90,71,19
12419,10,10,0
12420,10,10,0
12421,7,7,0
12422,7,7,0
12423,33,28,5
12424,22,17,5
12427,22,17,5
12428,11,5,6
12429,50,47,3
12430,50,47,3
12431,50,47,3
12432,50,47,3
12433,139,96,43
12434,57,48,9
12435,57,48,9
12436,84,68,16
12437,66,51,15
12438,139,96,43
12439,139,96,43
12440,125,105,20
12441,139,96,43
12442,139,96,43
12443,23,18,5
12444,23,18,5
12445,125,105,20
12446,99,88,11
12447,10,9,1
12448,99,88,11
12449,2,0,2
12450,125,105,20
12451,155,147,8
12453,155,147,8
12455,218,148,70
12456,21,16,5
12460,32,25,7
12461,32,25,7
12462,32,25,7
12463,32,25,7
12464,23,18,5
12465,105,73,32
12466,105,73,32
12468,1,1,0
12469,1,1,0
12470,8,7,1
12471,105,73,32
12472,56,39,17
12473,56,39,17
12474,13,13,0
12475,15,15,0
12476,15,15,0
12477,15,15,0
12478,15,15,0
12479,13,13,0
12480,10,9,1
12481,1,0,1
12482,13,13,0
12483,13,13,0
12484,56,39,17
12485,105,73,32
12486,105,73,32
12487,7,7,0
12488,7,7,0
12489,7,7,0
12490,36,29,7
12491,8,5,3
12492,4,3,1
12494,26,20,6
12496,1,0,1
12497,1,0,1
12498,32,22,10
12499,58,40,18
12500,58,40,18
12501,58,40,18
12502,58,40,18
12503,38,25,13
12504,121,83,38
12505,121,83,38
12506,9,6,3
12507,121,83,38
12508,75,48,27
12509,75,48,27
12510,20,16,4
12511,34,24,10
12512,34,24,10
12513,34,24,10
12514,34,24,10
12515,20,16,4
12516,14,12,2
12517,19,17,2
12518,19,17,2
12519,121,83,38
12520,121,83,38
12521,44,31,13
12522,14,8,6
12523,11,9,2
12524,9,8,1
12525,30,23,7
12526,4,2,2
12527,32,22,10
12528,12,5,7
12529,75,48,27
12530,75,48,27
12531,75,48,27
12532,75,48,27
12533,10,6,4
12534,56,39,17
12535,56,39,17
12536,56,39,17
12537,56,39,17
12538,17,14,3
12539,17,14,3
12546,196,146,50
12547,20,13,7
12548,18,10,8
12549,18,10,8
12550,18,10,8
12551,18,10,8
12552,20,13,7
12553,22,8,14
12554,22,8,14
12555,22,8,14
12556,17,9,8
12562,22,8,14
12563,22,8,14
12564,1,1,0
12565,1,1,0
12566,1,1,0
12567,1,1,0
12571,17,9,8
12572,8,2,6
12573,21,14,7
12574,21,14,7
12575,12,8,4
12576,17,9,8
12577,17,9,8
12578,17,9,8
12579,17,9,8
12599,112,77,35
12601,112,77,35
12602,112,77,35
12603,5,5,0
12604,8,6,2
12605,8,6,2
12606,8,6,2
12607,5,5,0
12608,11,9,2
12609,112,77,35
12610,112,77,35
12611,112,77,35
12613,28,15,13
12614,28,15,13
12615,28,15,13
12616,28,15,13
12619,85,59,26
12620,26,3,23
12621,26,3,23
12622,5,1,4
12623,5,1,4
12626,26,3,23
12627,15,7,8
12637,26,3,23
12638,26,3,23
12639,15,7,8
12640,11,1,10
12641,11,1,10
12642,11,1,10
12644,4,3,1
12645,6,2,4
12646,15,7,8
12647,15,7,8
12648,15,7,8
12649,15,7,8
12650,15,7,8
12651,15,7,8
12652,15,7,8
12653,15,7,8
12655,16,15,1
12659,23,16,7
12660,1,0,1
12661,1,0,1
12662,21,13,8
12663,21,13,8
12664,21,13,8
12665,21,13,8
12666,21,16,5
12669,22,16,6
12671,14,10,4
12672,2,0,2
12673,2,0,2
12674,14,9,5
12675,14,9,5
12676,14,9,5
12677,14,9,5
12678,10,8,2
12679,10,8,2
12680,29,10,19
12681,29,10,19
12682,8,4,4
12690,5,1,4
12691,5,1,4
12692,3,3,0
12693,3,3,0
12696,18,16,2
12697,11,9,2
12698,3,3,0
12699,3,3,0
12700,14,10,4
12701,10,6,4
12702,8,4,4
12703,8,4,4
12704,8,4,4
12705,8,4,4
12726,3,0,3
12727,2,0,2
12728,2,0,2
12729,3,0,3
12732,196,146,50
12733,31,16,15
12734,4,2,2
12735,31,16,15
12736,7,0,7
12737,7,0,7
12738,7,0,7
12739,7,0,7
12744,21,17,4
12745,21,17,4
12746,15,13,2
12747,15,13,2
12748,196,146,50
12749,13,12,1
12750,1,0,1
12752,16,11,5
12753,16,11,5
12754,13,8,5
12755,23,13,10
12756,23,13,10
12757,23,13,10
12758,19,10,9
12759,3,3,0
12760,23,13,10
12761,23,13,10
12762,12,12,0
12763,12,12,0
12764,12,12,0
12769,19,10,9
12770,19,10,9
12771,19,10,9
12772,19,10,9
12781,22,8,14
12782,22,8,14
12783,112,77,35
12784,85,59,26
12785,85,59,26
12786,85,59,26
12787,32,21,11
12788,32,21,11
12789,85,59,26
12790,85,59,26
12791,3,3,0
12792,3,3,0
12793,196,146,50
12794,6,1,5
12795,189,141,48
12798,196,146,50
12799,112,77,35
12800,112,77,35
12801,15,15,0
12802,80,63,17
12804,34,32,2
12805,18,17,1
12806,2,0,2
12807,18,17,1
12808,20,18,2
12811,20,18,2
12812,52,52,0
12813,34,32,2
12814,52,52,0
12815,52,52,0
12816,52,52,0
12817,52,52,0
12818,52,52,0
12819,52,52,0
12820,52,52,0
12821,52,52,0
12822,80,63,17
12823,80,63,17
12824,82,67,15
12825,82,67,15
12826,28,24,4
12827,82,67,15
12828,82,67,15
12831,18,17,1
12832,18,17,1
12833,13,13,0
12834,28,24,4
12836,28,24,4
12837,23,23,0
12840,2,0,2
12841,23,23,0
12842,23,23,0
12843,23,23,0
12844,23,23,0
12845,23,23,0
12846,23,23,0
12847,8,4,4
12848,8,4,4
12849,2,0,2
12852,2,0,2
12863,6,1,5
12864,196,146,50
12865,2,0,2
12872,55,31,24
12873,55,31,24
12874,55,31,24
12875,55,31,24
12878,1,0,1
12879,1,0,1
12880,16,3,13
12882,2,0,2
12890,2,0,2
12900,4,0,4
12901,28,15,13
12902,28,15,13
12903,28,15,13
12904,28,15,13
12905,3,1,2
12906,3,1,2
12907,7,7,0
12908,14,13,1
12909,14,13,1
12910,4,4,0
12911,4,2,2
12913,7,7,0
12914,4,1,3
12917,8,2,6
12919,10,8,2
12921,10,8,2
12922,161,132,29
12923,10,6,4
12924,10,6,4
12926,10,6,4
12927,12,7,5
12929,13,2,11
12930,13,2,11
12931,20,9,11
12932,20,9,11
12933,20,9,11
12934,20,9,11
12935,20,9,11
12936,5,5,0
12937,5,5,0
12938,10,6,4
12939,4,1,3
12940,4,1,3
12941,11,7,4
12942,15,9,6
12944,11,7,4
12945,1,0,1
12946,1,0,1
12947,1,0,1
12948,1,0,1
12950,46,41,5
12951,161,132,29
12953,8,4,4
12954,8,4,4
12955,5,4,1
12956,5,4,1
12957,5,4,1
12958,5,4,1
12959,59,45,14
12960,16,14,2
12961,16,14,2
12962,16,14,2
12963,16,14,2
12967,161,132,29
12968,41,32,9
12969,4,3,1
12970,4,3,1
12972,52,47,5
12973,52,47,5
12974,52,47,5
12977,52,47,5
12980,44,37,7
12981,44,37,7
12982,7,2,5
12983,7,2,5
12984,44,37,7
12985,5,4,1
12986,59,32,27
12987,59,32,27
12990,42,35,7
12991,42,35,7
12994,59,32,27
12995,48,42,6
12996,4,4,0
12997,4,4,0
12998,10,10,0
12999,10,10,0
13000,10,10,0
13001,4,4,0
13002,4,4,0
13009,59,32,27
13010,59,32,27
13012,13,13,0
13013,13,13,0
13014,48,42,6
13015,22,12,10
13016,61,49,12
13018,61,49,12
13023,48,42,6
13024,48,42,6
13025,48,42,6
13026,48,42,6
13027,48,42,6
13028,48,42,6
13029,48,42,6
13030,48,42,6
13031,39,35,4
13032,39,35,4
13034,39,35,4
13035,5,1,4
13036,5,1,4
13037,2,0,2
13038,2,0,2
13041,1,1,0
13042,1,1,0
13051,131,107,24
13052,144,138,6
13053,131,107,24
13054,54,49,5
13055,54,49,5
13056,54,49,5
13057,54,49,5
13058,54,49,5
13059,54,49,5
13060,54,49,5
13061,54,49,5
13062,20,7,13
13063,11,9,2
13064,20,7,13
13065,54,49,5
13066,54,49,5
13067,54,49,5
13068,13,12,1
13069,13,12,1
13070,8,7,1
13071,31,13,18
13074,7,6,1
13075,7,6,1
13076,54,49,5
13077,14,13,1
13078,14,13,1
13079,23,15,8
13080,48,31,17
13081,34,30,4
13082,7,7,0
13087,48,31,17
13088,29,23,6
13089,29,23,6
13090,14,5,9
13091,14,5,9
13092,4,4,0
13093,4,2,2
13094,4,2,2
13095,1,0,1
13096,1,0,1
13098,6,0,6
13099,6,0,6
13100,34,30,4
13101,161,132,29
13102,2,2,0
13103,2,2,0
13104,2,2,0
13105,2,2,0
13106,2,0,2
13110,91,66,25
13111,17,13,4
13112,23,17,6
13113,23,17,6
13114,23,17,6
13115,23,17,6
13116,20,16,4
13117,48,18,30
13118,48,18,30
13119,22,13,9
13120,5,4,1
13121,3,3,0
13122,3,3,0
13123,3,3,0
13124,4,4,0
13125,48,18,30
13126,3,3,0
13127,22,13,9
13128,3,2,1
13133,20,15,5
13134,16,12,4
13135,16,12,4
13136,16,12,4
13137,16,12,4
13139,5,1,4
13140,22,13,9
13141,22,13,9
13142,22,13,9
13143,22,13,9
13144,6,3,3
13145,6,3,3
13146,77,60,17
13147,77,60,17
13148,227,162,65
13166,10,6,4
13168,33,14,19
13171,33,14,19
13172,12,4,8
13173,12,4,8
13174,12,4,8
13175,12,4,8
13176,12,4,8
13177,12,4,8
13179,9,5,4
13192,9,5,4
13197,10,6,4
13198,10,6,4
13199,15,7,8
13200,15,7,8
13201,15,7,8
13202,16,12,4
13203,15,7,8
13204,16,12,4
13205,16,12,4
13206,40,26,14
13209,38,25,13
13210,38,25,13
13211,29,21,8
13212,29,21,8
13213,10,7,3
13214,10,7,3
13215,29,21,8
13216,7,4,3
13217,7,3,4
13218,5,1,4
13219,5,1,4
13221,5,1,4
13222,5,1,4
13227,5,1,4
13228,5,1,4
13231,71,40,31
13232,71,40,31
13234,41,34,7
13235,41,34,7
13244,71,40,31
13245,45,26,19
13246,4,3,1
13247,4,2,2
13248,71,40,31
13249,71,40,31
13250,38,25,13
13251,38,25,13
13252,15,9,6
13253,15,9,6
13259,14,2,12
13260,14,2,12
13269,35,27,8
13270,35,27,8
13271,41,34,7
13277,4,4,0
13278,4,4,0
13279,4,4,0
13288,4,4,0
13289,4,4,0
13291,22,15,7
13292,1,0,1
13293,1,0,1
13294,17,12,5
13295,17,12,5
13296,17,12,5
13297,17,12,5
13298,19,15,4
13299,19,3,16
13300,19,3,16
13301,19,3,16
13302,14,7,7
13303,19,3,16
13304,1,1,0
13305,1,1,0
13306,19,15,4
13307,6,2,4
13308,14,7,7
13309,14,7,7
13310,14,7,7
13311,14,7,7
13312,14,7,7
13313,14,7,7
13314,14,7,7
13315,14,7,7
13316,6,4,2
13317,6,4,2
13318,6,4,2
13319,22,16,6
13320,22,16,6
13321,22,16,6
13322,22,16,6
13323,22,16,6
13324,22,16,6
13325,8,0,8
13326,22,16,6
13327,22,16,6
13328,45,26,19
13329,45,26,19
13330,15,7,8
13332,3,2,1
13333,3,2,1
13334,28,20,8
13335,10,6,4
13336,44,34,10
13337,44,34,10
13338,6,4,2
13339,6,4,2
13340,28,20,8
13341,92,63,29
13342,92,63,29
13343,34,25,9
13344,34,25,9
13345,80,59,21
13346,8,7,1
13347,14,12,2
13348,92,63,29
13349,9,3,6
13350,2,0,2
13351,34,25,9
13353,34,25,9
13354,34,25,9
13355,80,59,21
13356,80,59,21
13357,80,59,21
13358,80,59,21
13359,134,97,37
13360,73,56,17
13361,73,56,17
13362,73,56,17
13363,73,56,17
13367,15,11,4
13368,6,3,3
13369,6,3,3
13370,15,11,4
13371,33,29,4
13376,17,17,0
13386,73,56,17
13387,73,56,17
13388,16,8,8
13389,16,8,8
13390,16,8,8
13391,16,8,8
13392,16,8,8
13393,16,8,8
13394,16,8,8
13395,16,8,8
13396,1,1,0
13397,1,1,0
13398,6,6,0
13399,6,6,0
13400,4,4,0
13401,1,1,0
13406,83,69,14
13407,10,10,0
13408,10,10,0
13409,12,12,0
13410,28,28,0
13411,12,12,0
13412,10,10,0
13413,10,10,0
13414,28,28,0
13415,6,6,0
13416,6,6,0
13417,83,69,14
13418,10,6,4
13419,10,6,4
13420,10,6,4
13421,10,6,4
13423,5,1,4
13424,1,0,1
13425,1,0,1
13427,7,1,6
13428,1,1,0
13429,84,58,26
13430,84,58,26
13431,7,5,2
13432,7,5,2
13433,96,66,30
13436,27,19,8
13437,27,19,8
13438,134,97,37
13439,134,97,37
13440,134,97,37
13441,134,97,37
13442,96,81,15
13443,227,162,65
13444,227,162,65
13445,103,77,26
13446,28,13,15
13447,103,77,26
13448,227,162,65
13449,180,160,20
13450,10,8,2
13451,14,12,2
13452,14,12,2
13453,6,6,0
13454,227,162,65
13455,227,162,65
13456,32,17,15
13457,32,17,15
13458,14,11,3
13459,14,11,3
13460,7,7,0
13461,180,160,20
13462,128,110,18
13483,36,22,14
13484,36,22,14
13485,128,110,18
13486,12,11,1
13487,6,5,1
13490,22,15,7
13491,16,14,2
13492,128,110,18
13493,18,11,7
13494,18,11,7
13495,83,69,14
13496,19,9,10
13497,180,160,20
13498,180,160,20
13499,180,160,20
13500,180,160,20
13501,180,160,20
13502,180,160,20
13503,180,160,20
13504,180,160,20
13506,227,162,65
13509,128,110,18
13510,15,8,7
13511,20,12,8
13512,2,1,1
13515,2,1,1
13516,10,9,1
13517,2,2,0
13519,16,7,9
13520,16,7,9
13521,219,126,93
13522,219,126,93
13523,219,126,93
13524,1,1,0
13525,1,1,0
13526,21,13,8
13527,21,13,8
13529,12,4,8
13530,33,30,3
13531,33,30,3
13535,44,31,13
13536,69,61,8
13537,69,61,8
13538,17,14,3
13539,1,0,1
13540,1,0,1
13542,16,7,9
13543,16,7,9
13544,46,40,6
13545,3,1,2
13546,3,1,2
13547,3,1,2
13548,3,1,2
13549,3,1,2
13550,3,1,2
13551,3,1,2
13582,142,107,35
13583,142,107,35
13586,142,107,35
13587,114,91,23
13588,9,9,0
13589,6,6,0
13590,142,107,35
13591,142,107,35
13592,114,91,23
13593,6,6,0
13602,27,22,5
13603,6,6,0
13604,6,6,0
13605,6,5,1
13607,6,5,1
13613,1,1,0
13614,48,41,7
13615,2,2,0
13616,36,29,7
13617,36,29,7
13618,36,29,7
13619,36,29,7
13620,38,32,6
13621,38,32,6
13622,154,126,28
13623,154,126,28
13626,8,2,6
13627,10,10,0
13628,154,126,28
13629,154,126,28
13632,3,1,2
13633,3,1,2
13634,85,75,10
13635,85,75,10
13636,21,13,8
13637,18,14,4
13638,16,12,4
13639,16,12,4
13640,16,12,4
13641,14,10,4
13642,26,18,8
13643,26,18,8
13644,22,18,4
13645,26,18,8
13646,26,18,8
13647,16,12,4
13648,22,18,4
13651,18,14,4
13652,22,18,4
13653,15,13,2
13654,15,13,2
13655,55,45,10
13656,11,6,5
13657,11,6,5
13658,51,31,20
13659,51,31,20
13660,16,7,9
13661,2,2,0
13662,2,2,0
13663,6,6,0
13664,6,6,0
13667,4,0,4
13668,4,0,4
13669,4,0,4
13670,12,3,9
13673,3,3,0
13674,5,1,4
13675,5,1,4
13677,5,1,4
13678,5,1,4
13679,5,1,4
13680,12,3,9
13681,12,3,9
13682,1,1,0
13685,114,91,23
13686,114,91,23
13687,114,91,23
13688,114,91,23
13689,114,91,23
13690,114,91,23
13691,114,91,23
13692,114,91,23
13693,219,126,93
13694,12,4,8
13695,82,67,15
13697,12,8,4
13698,13,8,5
13699,12,8,4
13700,21,11,10
13701,21,11,10
13702,21,11,10
13703,11,6,5
13704,21,11,10
13705,1,1,0
13706,1,1,0
13707,1,1,0
13710,11,6,5
13713,11,6,5
13714,11,6,5
13715,7,5,2
13716,11,6,5
13717,11,6,5
13718,20,15,5
13719,4,0,4
13720,11,11,0
13721,11,11,0
13722,81,72,9
13728,81,72,9
13731,6,2,4
13734,4,2,2
13735,4,2,2
13737,232,150,82
13757,40,22,18
13758,16,12,4
13762,219,126,93
13763,23,20,3
13764,23,20,3
13765,123,97,26
13766,123,97,26
13767,123,97,26
13768,90,71,19
13769,90,71,19
13770,90,71,19
13771,20,12,8
13772,20,12,8
13773,20,12,8
13774,90,71,19
13775,90,71,19
13776,232,150,82
13777,232,150,82
13778,11,6,5
13779,11,6,5
13780,232,150,82
13781,5,4,1
13782,5,4,1
13783,232,150,82
13784,232,150,82
13785,30,27,3
13786,30,27,3
13787,17,15,2
13788,17,15,2
13789,221,197,24
13790,36,14,22
13791,20,6,14
13792,48,23,25
13793,92,66,26
13794,92,66,26
13796,12,6,6
13797,12,6,6
13798,12,6,6
13799,94,77,17
13800,15,10,5
13801,28,9,19
13802,28,9,19
13803,28,9,19
13804,28,9,19
13805,15,10,5
13806,94,57,37
13807,37,17,20
13808,3,1,2
13809,3,1,2
13810,26,13,13
13811,26,13,13
13812,58,38,20
13813,58,38,20
13814,58,38,20
13815,58,38,20
13816,58,38,20
13817,58,38,20
13818,58,38,20
13819,58,38,20
13820,58,38,20
13821,58,38,20
13822,58,38,20
13823,58,38,20
13824,29,13,16
13825,92,66,26
13826,221,197,24
13827,149,118,31
13828,149,118,31
13832,34,31,3
13833,34,31,3
13840,33,22,11
13841,33,22,11
13842,43,41,2
13843,48,27,21
13844,48,27,21
13845,12,12,0
13846,12,12,0
13847,149,118,31
13849,38,25,13
13850,72,56,16
13851,72,56,16
13852,72,56,16
13853,48,36,12
13854,41,27,14
13855,41,27,14
13856,20,11,9
13857,1,0,1
13858,1,0,1
13859,15,7,8
13860,15,7,8
13861,15,7,8
13862,15,7,8
13863,17,10,7
13864,21,7,14
13865,21,7,14
13866,21,7,14
13867,21,7,14
13868,21,13,8
13874,21,7,14
13875,21,7,14
13876,21,7,14
13877,21,13,8
13878,4,1,3
13879,2,1,1
13880,17,9,8
13881,41,27,14
13882,41,27,14
13883,4,0,4
13884,21,13,8
13885,5,1,4
13886,5,1,4
13887,2,0,2
13888,2,0,2
13889,2,0,2
13890,2,0,2
13891,6,3,3
13892,6,3,3
13893,7,4,3
13894,14,8,6
13895,14,8,6
13896,7,3,4
13897,14,8,6
13899,2,0,2
13900,7,3,4
13901,113,80,33
13902,113,80,33
13903,113,80,33
13904,111,97,14
13905,12,9,3
13906,9,9,0
13907,5,5,0
13908,7,7,0
13909,113,80,33
13910,113,80,33
13911,16,13,3
13912,16,13,3
13913,23,23,0
13914,23,23,0
13915,23,23,0
13916,8,6,2
13917,8,6,2
13918,8,6,2
13919,19,9,10
13920,19,9,10
13921,111,97,14
13923,17,9,8
13924,17,9,8
13925,41,33,8
13926,7,7,0
13927,3,3,0
13928,9,9,0
13929,9,9,0
13930,111,97,14
13931,1,1,0
13932,1,1,0
13933,1,1,0
13934,1,1,0
13935,84,68,16
13936,66,51,15
13937,39,34,5
13938,139,96,43
13939,125,105,20
13940,66,50,16
13941,45,34,11
13942,45,34,11
13943,125,105,20
13944,34,29,5
13945,34,29,5
13946,15,9,6
13947,9,6,3
13948,24,13,11
13949,11,5,6
13951,24,13,11
13953,11,5,6
13954,11,5,6
13955,11,5,6
13956,34,29,5
13959,1,0,1
13960,1,0,1
13962,1,1,0
13963,10,4,6
13964,1,0,1
13965,117,109,8
13971,149,118,31
13972,149,118,31
13973,149,118,31
13974,5,3,2
13975,2,2,0
13978,2,0,2
13979,3,3,0
13982,3,3,0
13983,1,1,0
13984,39,31,8
13985,39,31,8
13989,114,100,14
13990,114,100,14
13991,33,33,0
13992,149,118,31
13993,14,14,0
13995,5,3,2
13996,2,2,0
13998,94,78,16
14001,3,1,2
14004,16,13,3
14005,37,34,3
14006,21,19,2
14007,6,4,2
14008,6,4,2
14009,2,0,2
14010,7,5,2
14011,9,5,4
14012,36,31,5
14013,7,4,3
14014,9,5,4
14015,9,5,4
14016,37,34,3
14017,17,11,6
14018,94,78,16
14019,17,10,7
14020,11,6,5
14021,11,6,5
14022,2,0,2
14023,12,7,5
14024,24,7,17
14025,24,7,17
14026,10,4,6
14029,10,4,6
14030,10,4,6
14031,10,4,6
14032,1,1,0
14033,1,1,0
14034,9,9,0
14035,9,9,0
14036,6,6,0
14037,4,2,2
14038,4,2,2
14039,3,0,3
14040,3,0,3
14041,4,2,2
14042,4,4,0
14043,6,6,0
14046,8,8,0
14048,1,0,1
14051,65,51,14
14052,65,51,14
14053,4,4,0
14054,65,51,14
14055,65,51,14
14056,90,71,19
14057,90,71,19
14058,43,37,6
14059,43,37,6
14060,140,111,29
14062,8,5,3
14063,8,5,3
14064,20,9,11
14065,20,9,11
14066,20,9,11
14067,20,9,11
14072,140,111,29
14073,140,111,29
14080,2,2,0
14082,6,6,0
14083,140,111,29
14084,140,111,29
14091,2,2,0
14111,32,22,10
14114,13,9,4
14115,13,9,4
14116,16,16,0
14117,14,14,0
14118,16,16,0
14120,16,16,0
14125,155,147,8
14126,155,147,8
14128,5,5,0
14129,5,5,0
14130,2,2,0
14131,2,2,0
14132,2,2,0
14133,2,2,0
14138,129,110,19
14139,129,110,19
14140,3,1,2
14141,1,0,1
14142,1,0,1
14144,3,3,0
14146,3,3,0
14151,4,4,0
14153,19,19,0
14154,19,19,0
14155,19,19,0
14156,19,19,0
14157,75,47,28
14158,6,6,0
14159,6,6,0
14160,6,6,0
14161,6,6,0
14163,45,26,19
14164,45,26,19
14165,22,17,5
14166,22,17,5
14168,4,3,1
14169,4,3,1
14170,45,26,19
14171,49,40,9
14172,9,7,2
14173,11,7,4
14174,11,7,4
14175,6,5,1
14176,45,26,19
14177,45,26,19
14178,7,7,0
14179,7,7,0
14180,4,4,0
14181,4,4,0
14182,4,4,0
14183,4,4,0
14184,49,40,9
14185,15,11,4
14186,49,40,9
14187,49,40,9
14188,49,40,9
14190,24,18,6
14193,42,31,11
14194,24,16,8
14199,24,16,8
14200,42,31,11
14201,5,5,0
14202,5,5,0
14203,20,18,2
14204,31,21,10
14205,5,3,2
14208,1,0,1
14209,1,0,1
14210,7,4,3
14217,7,2,5
14218,7,2,5
14219,6,3,3
14220,6,3,3
14221,7,0,7
14222,7,0,7
14223,5,2,3
14224,7,0,7
14225,5,2,3
14226,5,2,3
14227,32,32,0
14228,32,32,0
14233,21,17,4
14234,12,10,2
14238,41,29,12
14239,41,29,12
14240,33,29,4
14241,2,2,0
14242,33,29,4
14252,33,29,4
14253,33,29,4
14254,33,29,4
14255,33,29,4
14256,1,1,0
14260,9,3,6
14261,9,3,6
14262,30,22,8
14263,1,1,0
14264,24,17,7
14265,33,22,11
14266,33,22,11
14267,33,22,11
14268,30,24,6
14272,4,4,0
14273,4,4,0
14295,15,15,0
14296,15,15,0
14297,64,49,15
14315,159,130,29
14319,159,130,29
14321,109,93,16
14322,2,0,2
14323,12,10,2
14324,14,12,2
14325,14,12,2
14326,14,12,2
14327,13,9,4
14328,13,9,4
14329,3,0,3
14330,3,0,3
14331,13,9,4
14332,18,8,10
14335,18,8,10
14336,17,15,2
14338,17,15,2
14339,17,15,2
14340,109,93,16
14341,75,47,28
14342,75,47,28
14343,31,22,9
14344,33,22,11
14345,5,4,1
14346,44,30,14
14347,44,30,14
14348,44,30,14
14349,32,21,11
14350,75,47,28
14351,75,47,28
14352,75,47,28
14353,44,34,10
14354,75,47,28
14355,75,47,28
14356,14,1,13
14357,44,34,10
14358,44,34,10
14359,44,34,10
14360,44,34,10
14361,44,34,10
14362,44,34,10
14363,44,34,10
14364,44,34,10
14365,44,34,10
14366,44,34,10
14367,44,34,10
14368,44,34,10
14371,218,148,70
14373,238,172,66
14374,3,0,3
14375,70,41,29
14376,70,41,29
14377,7,0,7
14378,27,19,8
14379,27,19,8
14380,2,1,1
14381,12,5,7
14382,27,19,8
14383,12,5,7
14384,12,5,7
14385,12,5,7
14386,12,5,7
14388,67,56,11
14389,8,8,0
14400,11,6,5
14401,7,5,2
14402,13,11,2
14403,13,11,2
14404,11,6,5
14405,5,3,2
14406,17,10,7
14407,17,10,7
14425,118,99,19
14429,3,1,2
14433,39,34,5
14434,39,34,5
14435,23,19,4
14436,101,92,9
14437,101,92,9
14438,74,69,5
14439,101,92,9
14440,101,92,9
14441,12,10,2
14442,74,69,5
14443,24,20,4
14444,10,10,0
14445,8,8,0
14446,6,6,0
14447,14,14,0
14449,14,14,0
14450,14,14,0
14451,14,14,0
14452,74,69,5
14464,33,28,5
14465,33,28,5
14476,3,3,0
14477,3,3,0
14478,93,79,14
14479,93,79,14
14480,40,36,4
14481,40,36,4
14483,2,2,0
14484,2,2,0
14485,18,14,4
14486,18,14,4
14488,9,9,0
14489,9,9,0
14490,9,9,0
14491,13,13,0
14492,13,13,0
14494,5,5,0
14495,5,5,0
14496,9,9,0
14498,9,9,0
14499,9,9,0
14500,9,9,0
14501,9,9,0
14502,9,9,0
14503,18,14,4
14514,2,2,0
14515,2,2,0
14516,17,15,2
14517,17,15,2
14518,28,19,9
14519,28,19,9
14520,35,31,4
14521,35,31,4
14522,35,31,4
14560,35,31,4
14582,93,77,16
14583,3,2,1
14584,3,2,1
14585,12,7,5
14586,28,25,3
14587,28,25,3
14588,19,16,3
14589,93,77,16
14590,93,77,16
14591,46,36,10
14594,11,8,3
14595,11,8,3
14596,46,36,10
14624,10,10,0
14625,6,6,0
14628,6,6,0
14629,6,6,0
14630,6,6,0
14631,6,6,0
14632,6,6,0
14633,6,6,0
14634,6,6,0
14637,18,11,7
14638,18,11,7
14639,18,11,7
14640,23,16,7
14641,36,17,19
14642,36,17,19
14643,36,17,19
14644,21,14,7
14645,36,17,19
14646,36,17,19
14647,2,0,2
14648,2,0,2
14649,17,9,8
14650,17,9,8
14651,21,14,7
14652,21,14,7
14653,21,14,7
14654,21,14,7
14655,80,77,3
14657,10,10,0
14658,10,10,0
14659,10,10,0
14660,23,22,1
14661,10,10,0
14663,25,24,1
14677,25,24,1
14678,25,24,1
14679,8,8,0
14680,8,8,0
14682,8,8,0
14683,25,24,1
14684,25,24,1
14689,20,18,2
14690,20,18,2
14692,97,79,18
14693,3,3,0
14697,6,6,0
14703,6,6,0
14706,60,49,11
14707,60,49,11
14708,40,26,14
14709,40,26,14
14717,144,117,27
14718,144,117,27
14719,75,62,13
14720,144,117,27
14721,144,117,27
14722,24,9,15
14723,75,62,13
14725,4,4,0
14726,4,4,0
14727,1,0,1
14728,1,0,1
14729,11,8,3
14736,144,117,27
14737,12,9,3
14738,12,9,3
14739,87,74,13
14740,60,44,16
14741,87,74,13
14742,46,34,12
14743,46,34,12
14746,11,9,2
14749,5,4,1
14750,5,4,1
14751,5,4,1
14752,34,26,8
14753,19,14,5
14754,19,14,5
14755,144,117,27
14757,97,87,10
14768,10,6,4
14769,7,6,1
14770,7,6,1
14771,7,6,1
14772,7,6,1
14773,41,35,6
14774,13,13,0
14775,54,50,4
14777,19,18,1
14778,19,18,1
14779,55,52,3
14780,12,11,1
14790,11,5,6
14791,54,50,4
14794,24,14,10
14831,3,1,2
14832,3,1,2
14833,3,1,2
14843,3,3,0
14848,76,67,9
14850,34,26,8
14854,76,67,9
14855,46,42,4
14856,1,1,0
14857,1,1,0
14858,76,67,9
14859,46,42,4
14863,3,1,2
14864,3,1,2
14865,3,1,2
14869,76,67,9
14870,1,0,1
14871,1,0,1
14872,1,0,1
14873,1,0,1
14874,46,42,4
14875,46,42,4
14876,46,42,4
14877,118,99,19
14878,118,99,19
14879,48,38,10
14880,48,38,10
14881,20,16,4
14882,20,16,4
14885,8,6,2
14886,8,6,2
14887,3,0,3
14888,140,128,12
14890,2,2,0
14891,2,2,0
14892,2,2,0
14893,2,2,0
14894,2,2,0
14895,2,2,0
14896,2,2,0
14897,4,1,3
14898,4,1,3
14901,114,98,16
14902,114,98,16
14903,114,98,16
14911,2,2,0
14923,109,87,22
14924,109,87,22
14925,109,87,22
14926,29,23,6
14931,29,23,6
14933,86,69,17
14934,109,87,22
14935,109,87,22
14936,109,87,22
14937,59,48,11
14938,11,10,1
14946,3,3,0
14950,33,26,7
14951,33,26,7
14952,17,11,6
14954,17,11,6
14955,26,15,11
14956,26,15,11
14957,26,15,11
14958,18,12,6
14959,26,15,11
14960,4,0,4
14961,4,0,4
14962,23,18,5
14963,114,98,16
14964,9,7,2
14965,78,67,11
14968,78,67,11
14996,117,109,8
14997,117,109,8
14998,117,109,8
14999,117,109,8
15005,1,0,1
15006,117,109,8
15007,117,109,8
15008,13,12,1
15009,13,12,1
15010,14,14,0
15011,117,109,8
15012,7,3,4
15013,7,3,4
15014,1,0,1
15015,6,3,3
15018,6,4,2
15019,6,4,2
15020,6,4,2
15021,12,7,5
15022,9,5,4
15023,12,7,5
15024,6,3,3
15025,6,3,3
15026,9,5,4
15027,9,5,4
15028,109,90,19
15043,4,2,2
15044,15,10,5
15048,15,10,5
15052,17,11,6
15053,15,9,6
15058,15,9,6
15059,15,9,6
15061,36,32,4
15062,36,32,4
15073,54,45,9
15074,54,45,9
15081,54,45,9
15082,54,45,9
15087,14,9,5
15088,17,12,5
15089,17,12,5
15090,17,12,5
15091,15,9,6
15092,31,19,12
15093,31,19,12
15094,31,19,12
15095,39,25,14
15096,2,2,0
15097,31,19,12
15098,31,19,12
15105,39,25,14
15106,19,12,7
15107,39,25,14
15108,47,39,8
15109,19,13,6
15110,19,13,6
15111,47,39,8
15112,5,2,3
15113,5,2,3
15114,18,17,1
15115,47,39,8
15116,18,17,1
15117,58,41,17
15119,67,46,21
15120,67,46,21
15125,13,11,2
15126,13,11,2
15129,4,4,0
15130,36,18,18
15131,36,18,18
15132,22,20,2
15133,2,2,0
15134,2,2,0
15135,13,6,7
15136,13,6,7
15137,13,6,7
15138,13,6,7
15139,13,6,7
15140,13,6,7
15141,4,4,0
15142,4,4,0
15143,19,5,14
15144,6,4,2
15145,7,5,2
15146,7,5,2
15147,19,5,14
15148,7,5,2
15149,6,4,2
15150,13,6,7
15151,13,6,7
15153,9,6,3
15154,9,6,3
15155,10,5,5
15156,10,5,5
15157,3,0,3
15158,3,0,3
15159,10,5,5
15160,18,3,15
15162,18,3,15
15164,18,3,15
15169,9,6,3
15170,13,6,7
15173,15,13,2
15178,67,46,21
15179,67,46,21
15182,5,5,0
15183,29,23,6
15184,2,0,2
15185,2,0,2
15186,28,19,9
15187,41,24,17
15188,41,24,17
15189,40,25,15
15190,41,24,17
15191,20,14,6
15197,20,14,6
15219,40,25,15
15220,40,25,15
15221,40,25,15
15222,40,25,15
15223,40,25,15
15224,40,25,15
15225,40,25,15
15226,40,25,15
15227,48,36,12
15228,48,36,12
15230,41,24,17
15231,3,0,3
15232,3,0,3
15233,41,24,17
15234,33,27,6
15235,33,27,6
15236,5,5,0
15238,14,7,7
15239,20,8,12
15240,20,8,12
15241,20,8,12
15242,15,8,7
15243,15,8,7
15244,3,0,3
15245,3,0,3
15246,15,8,7
15247,34,13,21
15248,34,13,21
15249,17,3,14
15250,11,7,4
15251,13,5,8
15252,13,5,8
15253,13,5,8
15254,13,5,8
15255,11,7,4
15256,11,8,3
15257,1,0,1
15258,11,7,4
15259,11,7,4
15260,34,13,21
15261,27,21,6
15262,3,0,3
15266,14,7,7
15267,5,0,5
15268,17,3,14
15269,17,3,14
15270,17,3,14
15271,17,3,14
15272,17,3,14
15273,17,3,14
15274,17,3,14
15275,17,3,14
15276,17,3,14
15277,17,3,14
15278,17,3,14
15279,17,3,14
15280,108,45,63
15281,108,45,63
15282,46,26,20
15283,46,26,20
15284,46,26,20
15285,3,3,0
15286,5,5,0
15288,38,24,14
15289,38,24,14
15297,38,24,14
15298,38,24,14
15299,16,7,9
15300,16,7,9
15301,7,2,5
15302,13,6,7
15303,13,6,7
15304,13,6,7
15305,13,6,7
15306,13,6,7
15307,13,6,7
15308,6,0,6
15310,13,12,1
15311,13,12,1
15312,1,0,1
15313,1,0,1
15316,6,0,6
15317,13,12,1
15318,38,24,14
15319,38,24,14
15322,1,1,0
15323,1,1,0
15324,1,1,0
15325,1,1,0
15326,1,1,0
15327,1,1,0
15328,1,1,0
15329,1,1,0
15332,13,12,1
15333,3,1,2
15336,16,12,4
15337,20,7,13
15338,20,7,13
15339,20,7,13
15340,5,1,4
15342,20,7,13
15343,5,1,4
15344,5,1,4
15345,5,1,4
15346,5,1,4
15347,5,1,4
15348,5,1,4
15349,5,1,4
15350,5,1,4
15351,5,1,4
15352,5,1,4
15353,5,1,4
15354,2,1,1
15355,1,0,1
15357,2,0,2
15358,2,0,2
15359,15,9,6
15360,22,16,6
15364,5,1,4
15365,5,1,4
15366,4,2,2
15367,22,16,6
15369,22,16,6
15370,22,16,6
15372,1,0,1
15373,49,21,28
15374,49,21,28
15377,18,6,12
15378,18,6,12
15379,18,6,12
15380,18,6,12
15381,1,1,0
15382,1,1,0
15383,13,2,11
15384,13,2,11
15385,8,4,4
15386,8,4,4
15387,8,1,7
15388,8,1,7
15389,4,1,3
15390,4,1,3
15391,4,1,3
15392,3,0,3
15393,10,4,6
15394,13,2,11
15395,6,3,3
15396,13,2,11
15397,49,21,28
15398,49,21,28
15400,22,15,7
15401,13,10,3
15402,20,17,3
15403,20,16,4
15404,20,16,4
15405,20,16,4
15406,20,16,4
15407,20,20,0
15408,20,20,0
15409,22,16,6
15410,22,16,6
15411,20,17,3
15417,22,16,6
15418,2,2,0
15419,2,2,0
15420,2,2,0
15421,2,2,0
15422,20,17,3
15423,10,0,10
15424,20,20,0
15425,20,17,3
15426,8,4,4
15427,20,17,3
15428,20,17,3
15429,20,17,3
15430,20,17,3
15431,20,17,3
15432,20,17,3
15433,20,17,3
15434,20,17,3
15435,66,39,27
15436,66,39,27
15437,13,2,11
15438,13,2,11
15439,13,2,11
15440,13,2,11
15441,13,2,11
15442,13,2,11
15443,15,3,12
15444,5,3,2
15445,5,3,2
15446,15,3,12
15447,13,2,11
15448,13,2,11
15449,6,4,2
15450,6,4,2
15451,6,4,2
15452,5,3,2
15453,15,2,13
15455,15,2,13
15457,13,2,11
15458,22,15,7
15460,18,10,8
15461,18,10,8
15462,18,10,8
15463,18,12,6
15464,18,10,8
15465,18,10,8
15466,12,6,6
15467,12,6,6
15468,18,12,6
15469,18,12,6
15470,18,12,6
15475,18,10,8
15476,10,6,4
15477,7,3,4
15478,7,3,4
15479,19,5,14
15480,17,11,6
15481,14,9,5
15482,14,9,5
15483,14,9,5
15484,16,11,5
15485,19,5,14
15486,19,5,14
15487,12,6,6
15490,19,5,14
15494,12,6,6
15495,6,0,6
15496,16,11,5
15497,19,5,14
15498,12,6,6
15499,12,6,6
15500,12,6,6
15501,12,6,6
15502,15,15,0
15503,31,13,18
15504,3,0,3
15505,22,14,8
15507,24,18,6
15508,24,18,6
15509,24,18,6
15510,25,20,5
15511,46,32,14
15512,46,32,14
15513,46,32,14
15514,41,30,11
15515,3,3,0
15516,5,5,0
15517,5,5,0
15518,3,3,0
15519,1,0,1
15520,5,4,1
15521,46,32,14
15522,46,32,14
15523,41,30,11
15524,19,14,5
15525,41,30,11
15526,41,30,11
15527,41,30,11
15528,41,30,11
15529,35,22,13
15530,35,22,13
15532,91,67,24
15536,91,67,24
15537,42,32,10
15538,42,32,10
15539,3,1,2
15540,3,1,2
15541,1,1,0
15542,3,1,2
15543,2,2,0
15544,2,2,0
15545,3,2,1
15546,1,0,1
15547,3,1,2
15548,38,17,21
15549,38,17,21
15551,56,54,2
15552,10,10,0
15553,10,10,0
15554,27,17,10
15555,27,17,10
15557,10,4,6
15560,18,12,6
15561,18,12,6
15562,6,2,4
15563,18,12,6
15564,18,12,6
15565,4,3,1
15566,4,3,1
15569,6,2,4
15570,7,7,0
15571,9,9,0
15572,9,9,0
15573,7,7,0
15574,2,2,0
15575,56,54,2
15579,111,96,15
15580,5,3,2
15581,5,3,2
15583,21,21,0
15584,31,26,5
15585,26,26,0
15586,77,71,6
15587,77,71,6
15588,77,71,6
15589,77,71,6
15591,111,96,15
15592,111,96,15
15593,15,9,6
15596,9,9,0
15598,16,16,0
15599,9,9,0
15602,75,47,28
15603,56,45,11
15604,45,39,6
15605,45,39,6
15606,109,93,16
15607,58,57,1
15608,15,15,0
15609,9,6,3
15610,1,1,0
15611,5,5,0
15613,62,60,2
15614,62,60,2
15615,32,32,0
15616,62,60,2
15617,7,4,3
15618,11,8,3
15619,11,8,3
15620,11,8,3
15621,11,8,3
15629,11,8,3
15630,17,11,6
15631,26,17,9
15632,26,17,9
15633,26,17,9
15634,26,17,9
15635,17,11,6
15636,60,41,19
15637,60,41,19
15638,54,41,13
15639,7,6,1
15640,4,1,3
15641,18,11,7
15642,18,11,7
15643,118,81,37
15644,118,81,37
15645,22,19,3
15646,22,19,3
15647,14,12,2
15648,44,25,19
15649,1,1,0
15650,1,1,0
15652,4,4,0
15653,4,4,0
15655,10,9,1
15656,6,6,0
15657,10,9,1
15658,33,22,11
15659,33,22,11
15660,33,22,11
15661,33,22,11
15662,33,22,11
15663,33,22,11
15664,33,22,11
15665,33,22,11
15666,118,81,37
15667,25,13,12
15668,25,13,12
15669,25,13,12
15670,21,9,12
15671,40,14,26
15672,4,1,3
15673,40,14,26
15674,46,18,28
15675,4,4,0
15676,4,3,1
15677,4,3,1
15678,4,3,1
15679,4,4,0
15680,9,7,2
15681,40,14,26
15682,5,0,5
15683,5,0,5
15684,15,7,8
15685,15,7,8
15686,46,18,28
15687,10,5,5
15688,4,3,1
15689,3,2,1
15690,3,2,1
15691,4,0,4
15694,7,3,4
15695,46,18,28
15696,28,20,8
15697,28,20,8
15698,28,20,8
15699,109,103,6
15700,24,18,6
15701,24,18,6
15709,1,1,0
15710,13,10,3
15711,7,6,1
15713,59,57,2
15714,59,57,2
15715,7,5,2
15716,4,4,0
15717,4,4,0
15725,3,0,3
15726,3,2,1
15727,3,2,1
15728,3,2,1
15729,7,7,0
15730,7,7,0
15731,109,103,6
15732,65,62,3
15733,65,62,3
15736,33,26,7
15737,5,3,2
15738,26,20,6
15739,26,20,6
15740,26,20,6
15741,2,1,1
15742,2,1,1
15743,27,20,7
15744,23,17,6
15745,21,15,6
15746,21,15,6
15747,21,15,6
15748,22,17,5
15749,21,3,18
15750,21,3,18
15753,21,3,18
15754,15,8,7
15762,21,3,18
15763,21,3,18
15764,15,8,7
15765,11,1,10
15766,11,1,10
15767,5,2,3
15768,21,15,6
15769,21,15,6
15770,21,15,6
15771,1,0,1
15772,3,0,3
15773,15,8,7
15774,15,8,7
15775,15,8,7
15776,15,8,7
15777,15,8,7
15778,15,8,7
15779,15,8,7
15780,15,8,7
15781,33,26,7
15782,6,4,2
15783,43,17,26
15784,43,17,26
15786,43,17,26
15787,38,33,5
15788,43,17,26
15789,43,17,26
15791,4,4,0
15792,38,33,5
15794,3,3,0
15795,3,3,0
15796,2,2,0
15797,2,2,0
15799,7,4,3
15800,38,33,5
15801,38,33,5
15802,38,33,5
15803,38,33,5
15804,38,33,5
15805,38,33,5
15806,38,33,5
15807,38,33,5
15808,141,122,19
15809,141,122,19
15810,141,122,19
15811,141,122,19
15813,16,16,0
15814,16,16,0
15817,30,27,3
15818,8,5,3
15819,16,16,0
15822,16,16,0
15823,24,19,5
15824,2,2,0
15825,2,2,0
15828,24,19,5
15829,141,122,19
15830,5,5,0
15831,5,5,0
15832,42,36,6
15833,67,37,30
15834,72,61,11
15835,67,37,30
15836,32,21,11
15841,11,3,8
15842,4,2,2
15843,6,4,2
15844,6,4,2
15845,11,3,8
15846,32,21,11
15847,10,7,3
15848,10,7,3
15849,10,7,3
15850,9,5,4
15851,9,5,4
15852,3,0,3
15853,3,0,3
15854,9,5,4
15855,14,2,12
15858,14,2,12
15859,9,7,2
15860,9,7,2
15861,32,21,11
15862,9,0,9
15863,141,122,19
15864,72,61,11
15865,72,61,11
15866,72,61,11
15867,72,61,11
15868,72,61,11
15869,72,61,11
15870,72,61,11
15871,72,61,11
15872,32,21,11
15873,8,8,0
15874,8,8,0
15875,19,17,2
15877,19,17,2
15883,51,35,16
15884,12,5,7
15885,12,5,7
15900,24,16,8
15901,51,35,16
15902,11,7,4
15903,29,20,9
15904,51,35,16
15907,30,27,3
15908,8,5,3
15909,8,5,3
15910,30,27,3
15911,64,58,6
15912,64,58,6
15915,64,58,6
15916,64,58,6
15917,48,46,2
15919,1,0,1
15924,48,46,2
15925,4,3,1
15926,16,11,5
15927,51,35,16
15928,12,5,7
15929,12,5,7
15930,51,35,16
15931,24,16,8
15932,51,35,16
15933,29,20,9
15934,29,20,9
15935,51,35,16
15936,141,122,19
15937,141,122,19
15946,93,93,0
15947,93,93,0
15948,11,11,0
15950,45,29,16
15951,45,29,16
15953,92,72,20
15956,92,72,20
15957,73,61,12
15958,12,12,0
15960,73,61,12
15961,6,1,5
15962,6,1,5
15963,2,0,2
15966,16,13,3
15967,67,65,2
15971,24,15,9
15972,1,1,0
15976,140,114,26
15977,33,26,7
15978,10,6,4
15979,10,6,4
15980,44,33,11
15981,44,33,11
15982,44,33,11
15983,35,30,5
15984,57,26,31
15985,33,28,5
15986,33,28,5
15987,33,28,5
15988,5,2,3
15989,4,1,3
15990,4,1,3
15991,2,0,2
15992,2,0,2
15993,2,0,2
15995,5,2,3
15996,57,26,31
15997,50,35,15
15998,6,5,1
15999,13,9,4
16000,2,2,0
16001,2,2,0
16003,1,0,1
16005,57,26,31
16006,57,26,31
16007,50,35,15
16008,17,2,15
16009,2,2,0
16010,28,22,6
16011,140,114,26
16012,5,3,2
16013,7,1,6
16014,3,1,2
16015,7,1,6
16016,3,1,2
16017,3,1,2
16018,9,5,4
16019,50,35,15
16020,50,35,15
16021,50,35,15
16022,50,35,15
16023,50,35,15
16024,50,35,15
16025,50,35,15
16026,50,35,15
16027,50,35,15
16031,50,35,15
16032,50,35,15
16033,50,35,15
16034,140,114,26
16035,16,12,4
16036,16,12,4
16037,16,12,4
16038,16,12,4
16043,23,18,5
16044,14,6,8
16045,27,18,9
16046,4,2,2
16047,4,2,2
16048,30,22,8
16049,30,22,8
16050,30,22,8
16051,30,22,8
16052,25,19,6
16053,48,22,26
16054,48,22,26
16056,48,22,26
16057,58,42,16
16058,7,6,1
16059,4,3,1
16060,4,3,1
16061,4,3,1
16062,5,4,1
16063,48,22,26
16064,48,22,26
16066,58,42,16
16068,27,18,9
16069,8,3,5
16070,58,42,16
16071,58,42,16
16072,58,42,16
16073,58,42,16
16074,58,42,16
16075,58,42,16
16076,58,42,16
16077,58,42,16
16078,2,2,0
16085,84,50,34
16096,76,64,12
16097,36,30,6
16099,4,2,2
16100,51,43,8
16101,51,43,8
16102,51,43,8
16103,28,26,2
16104,76,64,12
16105,76,64,12
16106,13,13,0
16107,15,13,2
16108,15,13,2
16109,8,8,0
16113,8,8,0
16114,8,8,0
16115,8,8,0
16116,8,8,0
16117,8,8,0
16118,8,8,0
16119,8,8,0
16120,8,8,0
16121,76,64,12
16122,98,76,22
16123,11,9,2
16124,16,13,3
16125,16,13,3
16126,16,13,3
16127,11,9,2
16128,17,15,2
16129,76,64,12
16130,76,64,12
16131,10,8,2
16132,10,8,2
16133,10,8,2
16134,10,8,2
16135,4,2,2
16136,4,2,2
16137,98,76,22
16138,24,19,5
16139,15,12,3
16142,25,23,2
16143,25,23,2
16144,25,23,2
16145,17,16,1
16146,17,16,1
16147,8,5,3
16148,17,16,1
16149,17,16,1
16150,17,16,1
16151,17,16,1
16152,17,16,1
16153,5,2,3
16154,5,2,3
16155,5,2,3
16156,5,2,3
16157,5,2,3
16158,98,76,22
16159,1,1,0
16165,4,4,0
16166,149,118,31
16173,108,104,4
16174,50,46,4
16175,60,55,5
16176,60,55,5
16177,60,55,5
16178,41,38,3
16179,108,104,4
16180,108,104,4
16181,11,11,0
16182,13,6,7
16183,11,11,0
16184,11,11,0
16185,11,11,0
16186,108,104,4
16187,114,100,14
16188,14,14,0
16189,17,17,0
16190,17,17,0
16191,17,17,0
16192,14,14,0
16193,10,10,0
16194,10,10,0
16195,108,104,4
16196,108,104,4
16197,26,21,5
16198,26,21,5
16199,114,100,14
16201,27,12,15
16202,27,12,15
16203,27,12,15
16206,35,29,6
16207,12,11,1
16208,12,11,1
16209,35,29,6
16210,6,4,2
16211,47,46,1
16212,114,100,14
16213,114,100,14
16214,114,100,14
16215,114,100,14
16216,114,100,14
16217,114,100,14
16218,114,100,14
16219,114,100,14
16220,114,100,14
16221,114,100,14
16224,4,2,2
16225,5,3,2
16226,5,3,2
16227,4,2,2
16228,92,72,20
16229,31,26,5
16230,7,7,0
16231,5,3,2
16233,5,0,5
16234,5,0,5
16235,5,3,2
16236,5,3,2
16237,5,3,2
16238,5,3,2
16239,52,44,8
16240,5,4,1
16241,83,71,12
16242,83,71,12
16243,83,71,12
16244,83,71,12
16245,59,51,8
16246,2,1,1
16247,10,8,2
16248,4,3,1
16249,134,99,35
16250,134,99,35
16255,134,99,35
16256,127,111,16
16257,127,111,16
16258,17,17,0
16259,27,26,1
16260,27,26,1
16261,27,26,1
16262,17,17,0
16263,10,10,0
16264,10,10,0
16265,19,19,0
16266,127,111,16
16267,134,99,35
16268,134,99,35
16269,127,111,16
16270,9,3,6
16271,56,49,7
16272,10,10,0
16273,19,19,0
16274,19,19,0
16275,17,17,0
16276,14,14,0
16277,32,32,0
16279,32,32,0
16280,32,32,0
16281,32,32,0
16282,56,49,7
16283,56,49,7
16284,42,36,6
16286,42,36,6
16287,7,5,2
16288,10,6,4
16289,10,6,4
16290,10,6,4
16291,127,111,16
16292,127,111,16
16293,127,111,16
16294,127,111,16
16295,127,111,16
16296,127,111,16
16297,127,111,16
16298,127,111,16
16299,127,111,16
16300,127,111,16
16301,25,16,9
16302,3,1,2
16303,31,18,13
16304,31,18,13
16305,31,18,13
16306,24,17,7
16307,36,9,27
16308,36,9,27
16309,36,9,27
16310,21,13,8
16311,7,7,0
16312,5,5,0
16313,5,5,0
16314,5,5,0
16315,5,5,0
16316,7,7,0
16317,6,6,0
16318,6,6,0
16319,36,9,27
16320,36,9,27
16321,6,1,5
16322,6,1,5
16323,21,13,8
16326,24,17,7
16327,3,1,2
16328,25,16,9
16329,5,2,3
16330,21,13,8
16331,21,13,8
16332,21,13,8
16333,21,13,8
16334,21,13,8
16335,21,13,8
16336,21,13,8
16337,21,13,8
16338,92,72,20
16339,30,27,3
16340,55,51,4
16341,55,51,4
16342,55,51,4
16343,36,33,3
16344,30,27,3
16345,30,27,3
16346,8,7,1
16347,8,7,1
16349,2,2,0
16350,2,2,0
16351,2,2,0
16352,2,2,0
16353,93,68,25
16354,93,68,25
16355,106,102,4
16356,19,19,0
16357,19,19,0
16358,4,4,0
16359,4,4,0
16360,93,68,25
16361,16,15,1
16362,16,15,1
16363,16,15,1
16364,1,0,1
16365,1,0,1
16366,8,6,2
16367,106,102,4
16368,56,48,8
16369,16,11,5
16370,30,27,3
16371,17,14,3
16372,17,14,3
16373,14,11,3
16374,25,13,12
16375,25,13,12
16376,25,13,12
16377,30,27,3
16378,11,8,3
16379,11,8,3
16380,11,8,3
16381,11,8,3
16382,11,8,3
16383,11,8,3
16384,11,8,3
16385,11,8,3
16386,1,1,0
16387,6,6,0
16388,6,6,0
16389,46,41,5
16390,26,23,3
16391,12,9,3
16392,106,102,4
16393,106,102,4
16394,106,102,4
16395,213,142,71
16396,213,142,71
16397,19,8,11
16398,10,8,2
16399,10,8,2
16400,17,12,5
16401,17,12,5
16402,110,73,37
16404,72,63,9
16405,72,63,9
16406,72,63,9
16407,48,38,10
16408,48,38,10
16409,48,38,10
16410,9,5,4
16411,9,5,4
16412,48,38,10
16413,1,1,0
16414,1,1,0
16415,110,73,37
16416,110,73,37
16417,110,73,37
16418,110,73,37
16419,85,76,9
16420,11,11,0
16421,17,17,0
16422,17,17,0
16423,17,17,0
16424,17,17,0
16425,11,11,0
16426,8,8,0
16427,10,10,0
16428,110,73,37
16429,110,73,37
16430,110,73,37
16432,9,6,3
16433,13,13,0
16434,13,13,0
16435,13,13,0
16436,13,13,0
16437,2,2,0
16438,2,2,0
16439,2,2,0
16440,2,2,0
16441,85,76,9
16442,48,40,8
16443,48,40,8
16444,48,40,8
16445,48,40,8
16446,48,40,8
16447,48,40,8
16448,17,9,8
16449,48,40,8
16450,48,40,8
16451,48,40,8
16454,52,44,8
16455,52,44,8
16456,7,7,0
16457,17,17,0
16458,12,11,1
16459,12,11,1
16460,4,2,2
16461,10,10,0
16462,10,10,0
16464,31,31,0
16467,10,10,0
16468,10,10,0
16469,52,44,8
16470,52,44,8
16471,52,44,8
16472,85,76,9
16473,85,76,9
16474,85,76,9
16475,85,76,9
16476,85,76,9
16477,85,76,9
16483,91,64,27
16484,91,64,27
16485,33,27,6
16486,46,40,6
16487,46,40,6
16488,46,40,6
16489,46,40,6
16490,33,28,5
16491,5,3,2
16492,91,64,27
16493,6,6,0
16494,6,6,0
16495,46,38,8
16496,8,8,0
16497,65,59,6
16498,12,12,0
16499,18,18,0
16500,18,18,0
16501,18,18,0
16502,18,18,0
16503,12,12,0
16504,10,9,1
16505,1,0,1
16506,11,9,2
16507,11,9,2
16508,91,64,27
16509,91,64,27
16510,65,59,6
16511,33,27,6
16512,50,45,5
16513,50,45,5
16514,17,10,7
16515,6,2,4
16516,13,11,2
16517,13,11,2
16518,72,64,8
16519,72,64,8
16520,2,2,0
16521,2,2,0
16522,2,2,0
16523,22,22,0
16524,9,9,0
16525,15,15,0
16526,15,15,0
16527,15,15,0
16528,15,15,0
16529,11,11,0
16530,11,11,0
16532,11,11,0
16533,31,31,0
16534,31,31,0
16535,22,22,0
16536,4,0,4
16537,15,6,9
16538,15,6,9
16542,15,6,9
16544,13,9,4
16545,65,59,6
16546,65,59,6
16547,65,59,6
16548,65,59,6
16549,65,59,6
16553,6,3,3
16555,76,68,8
16556,76,68,8
16557,76,68,8
16558,45,38,7
16559,45,38,7
16560,11,7,4
16561,11,7,4
16562,45,38,7
16563,5,4,1
16564,138,102,36
16565,138,102,36
16566,138,102,36
16567,138,102,36
16568,21,19,2
16569,21,19,2
16570,33,28,5
16571,33,28,5
16572,33,28,5
16573,33,28,5
16574,33,28,5
16575,33,28,5
16576,33,28,5
16577,33,28,5
16578,15,2,13
16579,2,1,1
16580,2,1,1
16581,33,28,5
16582,33,28,5
16583,33,28,5
16584,6,6,0
16585,6,6,0
16586,64,53,11
16587,24,23,1
16588,24,23,1
16589,24,23,1
16590,20,18,2
16591,20,18,2
16592,4,1,3
16593,4,1,3
16594,20,18,2
16595,22,19,3
16598,22,19,3
16599,37,36,1
16600,2,0,2
16601,3,0,3
16602,37,36,1
16603,37,36,1
16604,37,36,1
16605,37,36,1
16606,37,36,1
16607,37,36,1
16608,64,53,11
16609,64,53,11
16610,4,4,0
16611,11,11,0
16612,11,11,0
16613,33,29,4
16615,32,26,6
16616,49,39,10
16617,95,80,15
16618,4,0,4
16619,1,0,1
16620,1,0,1
16624,1,0,1
16628,71,58,13
16629,3,0,3
16630,154,118,36
16631,154,118,36
16633,45,37,8
16634,45,37,8
16637,154,118,36
16638,163,135,28
16639,154,118,36
16640,154,118,36
16641,95,80,15
16642,95,80,15
16643,23,14,9
16644,23,14,9
16683,20,17,3
16684,20,17,3
16691,12,12,0
16692,12,12,0
16694,36,30,6
16695,7,7,0
16696,7,7,0
16697,154,118,36
16698,3,3,0
16700,13,13,0
16701,58,47,11
16703,23,23,0
16704,23,23,0
16705,17,17,0
16706,23,23,0
16707,38,38,0
16709,38,38,0
16710,38,38,0
16711,38,38,0
16712,58,47,11
16713,45,37,8
16714,45,37,8
16716,45,37,8
16717,45,37,8
16718,9,9,0
16719,16,16,0
16720,16,16,0
16721,16,16,0
16722,13,13,0
16723,16,16,0
16724,16,16,0
16725,16,16,0
16726,13,13,0
16727,55,49,6
16728,55,49,6
16729,163,135,28
16730,163,135,28
16731,73,61,12
16732,73,61,12
16733,36,30,6
16734,36,30,6
16735,73,61,12
16736,73,61,12
16737,65,58,7
16739,54,47,7
16740,1,0,1
16741,1,1,0
16742,1,1,0
16744,54,47,7
16745,7,6,1
16746,25,21,4
16748,7,6,1
16749,7,6,1
16750,6,5,1
16751,17,12,5
16752,17,16,1
16757,25,21,4
16758,17,16,1
16759,167,116,51
16760,68,55,13
16761,2,1,1
16762,2,1,1
16763,6,3,3
16764,8,7,1
16765,8,7,1
16766,10,8,2
16769,10,8,2
16773,70,55,15
16774,70,55,15
16776,8,4,4
16792,8,4,4
16793,167,116,51
16794,2,0,2
16795,2,0,2
16796,60,43,17
16797,60,43,17
16808,10,4,6
16823,10,4,6
16824,2,0,2
16825,2,0,2
16826,60,43,17
16827,60,43,17
16832,167,116,51
16834,51,43,8
16845,4,3,1
16846,7,3,4
16847,3,2,1
16851,4,3,1
16852,3,2,1
16853,86,67,19
16854,7,6,1
16855,12,5,7
16856,12,5,7
16857,17,12,5
16858,17,12,5
16859,120,106,14
16860,120,106,14
16861,120,106,14
16862,120,106,14
16863,73,62,11
16869,167,116,51
16870,167,116,51
16873,63,53,10
16874,63,53,10
16875,4,4,0
16876,4,4,0
16877,3,0,3
16878,3,0,3
16880,4,2,2
16881,4,2,2
16882,4,2,2
16883,167,116,51
16884,130,121,9
16885,8,8,0
16886,21,21,0
16887,167,116,51
16888,167,116,51
16889,19,19,0
16890,130,121,9
16891,5,4,1
16892,5,4,1
16893,3,1,2
16894,6,3,3
16895,6,3,3
16896,42,24,18
16897,54,44,10
16898,13,13,0
16899,54,44,10
16900,9,2,7
16901,22,10,12
16902,22,10,12
16903,9,2,7
16904,9,2,7
16905,90,76,14
16906,60,50,10
16907,60,50,10
16908,60,50,10
16909,60,50,10
16910,13,8,5
16911,130,121,9
16912,130,121,9
16913,130,121,9
16914,130,121,9
16915,130,121,9
16916,130,121,9
16917,130,121,9
16918,130,121,9
16919,130,121,9
16920,130,121,9
16921,58,47,11
16922,58,47,11
16923,2,0,2
16927,7,6,1
16928,7,6,1
16929,7,6,1
16930,7,6,1
16931,1,1,0
16932,1,1,0
16933,1,1,0
16949,213,142,71
16950,9,8,1
16975,93,77,16
16976,93,77,16
16977,8,7,1
16978,6,3,3
16979,21,10,11
16980,21,10,11
16983,16,13,3
16984,16,13,3
16985,16,13,3
16986,18,15,3
16987,19,2,17
16988,19,2,17
16989,11,6,5
16995,19,2,17
16997,11,6,5
16998,11,6,5
16999,19,16,3
17000,11,6,5
17001,11,6,5
17002,11,6,5
17003,11,6,5
17004,11,6,5
17005,11,6,5
17006,11,6,5
17007,11,6,5
17008,14,12,2
17009,14,13,1
17010,14,12,2
17017,213,142,71
17018,213,142,71
17020,5,0,5
17021,44,39,5
17022,4,3,1
17023,4,3,1
17027,12,10,2
17028,160,138,22
17036,145,135,10
17037,34,32,2
17038,33,28,5
17039,33,28,5
17040,8,0,8
17041,8,0,8
17042,25,13,12
17043,9,7,2
17045,7,1,6
17046,9,7,2
17047,3,0,3
17048,3,0,3
17049,3,0,3
17050,3,0,3
17054,7,1,6
17055,10,7,3
17056,15,15,0
17057,45,41,4
17060,20,19,1
17061,2,1,1
17062,31,30,1
17063,31,30,1
17064,31,30,1
17065,27,27,0
17066,27,27,0
17067,13,13,0
17068,13,13,0
17069,36,36,0
17071,13,13,0
17072,3,2,1
17073,3,2,1
17074,19,17,2
17075,36,36,0
17076,3,3,0
17077,3,3,0
17078,36,36,0
17079,36,36,0
17080,36,36,0
17081,36,36,0
17082,36,36,0
17083,36,36,0
17084,36,36,0
17085,36,36,0
17086,45,41,4
17087,45,41,4
17090,40,21,19
17091,40,21,19
17092,213,142,71
17093,5,0,5
17094,12,10,2
17095,12,10,2
17096,145,135,10
17097,145,135,10
17098,145,135,10
17099,145,135,10
17100,46,46,0
17101,10,10,0
17102,10,10,0
17103,1,1,0
17106,14,13,1
17108,35,28,7
17109,77,69,8
17110,77,69,8
17113,8,6,2
17114,8,6,2
17115,8,8,0
17116,8,8,0
17117,8,6,2
17118,8,6,2
17121,2,2,0
17122,23,1,22
17126,18,12,6
17127,17,10,7
17128,17,10,7
17129,17,10,7
17130,18,12,6
17131,23,1,22
17132,23,1,22
17133,23,1,22
17134,6,3,3
17135,16,9,7
17137,4,1,3
17138,4,1,3
17139,3,2,1
17140,1,1,0
17141,23,1,22
17142,23,1,22
17143,1,1,0
17144,1,1,0
17146,16,9,7
17147,15,9,6
17148,15,9,6
17149,15,9,6
17150,16,9,7
17151,16,9,7
17152,54,54,0
17157,5,4,1
17158,5,4,1
17159,9,8,1
17161,9,8,1
17171,54,54,0
17172,10,10,0
17173,18,11,7
17174,40,14,26
17175,40,14,26
17177,10,5,5
17178,10,5,5
17179,8,6,2
17193,24,18,6
17207,11,5,6
17208,27,25,2
17209,27,25,2
17210,55,41,14
17211,55,41,14
17212,60,56,4
17213,9,9,0
17214,9,9,0
17215,9,9,0
17216,8,8,0
17217,8,8,0
17218,2,2,0
17219,2,2,0
17220,13,10,3
17222,60,56,4
17223,60,56,4
17224,9,4,5
17225,2,0,2
17226,2,0,2
17227,1,0,1
17228,1,0,1
17233,142,82,60
17234,142,82,60
17235,6,4,2
17236,6,4,2
17237,142,82,60
17238,26,16,10
17239,49,33,16
17240,49,33,16
17241,31,21,10
17242,20,16,4
17243,3,1,2
17244,3,1,2
17245,20,16,4
17246,66,43,23
17247,66,43,23
17248,5,3,2
17249,5,3,2
17250,66,43,23
17251,84,55,29
17252,5,3,2
17253,15,14,1
17254,66,43,23
17255,19,9,10
17256,19,9,10
17257,19,9,10
17258,19,9,10
17259,5,2,3
17260,84,55,29
17261,17,10,7
17262,84,55,29
17263,84,55,29
17264,84,55,29
17265,6,4,2
17266,6,4,2
17269,49,41,8
17270,142,82,60
17271,51,40,11
17272,51,40,11
17273,32,27,5
17274,51,40,11
17275,51,40,11
17276,2,1,1
17277,1,0,1
17278,35,28,7
17279,35,28,7
17280,35,28,7
17281,35,28,7
17282,35,28,7
17283,142,82,60
17284,22,12,10
17285,40,31,9
17286,40,31,9
17287,26,18,8
17288,68,53,15
17289,68,53,15
17290,3,3,0
17291,3,3,0
17292,68,53,15
17293,65,53,12
17294,68,53,15
17295,68,53,15
17296,65,53,12
17297,65,53,12
17298,81,51,30
17299,11,5,6
17300,13,1,12
17301,1,0,1
17302,1,0,1
17303,11,5,6
17304,34,26,8
17305,5,4,1
17306,5,4,1
17307,44,36,8
17308,44,36,8
17309,44,36,8
17310,44,36,8
17311,39,32,7
17312,53,27,26
17313,53,27,26
17314,6,3,3
17315,6,3,3
17316,53,27,26
17317,51,43,8
17318,7,7,0
17319,11,11,0
17320,11,11,0
17321,7,7,0
17322,5,4,1
17323,53,27,26
17324,53,27,26
17325,8,4,4
17326,8,4,4
17327,51,43,8
17329,47,42,5
17330,47,42,5
17331,31,26,5
17332,24,19,5
17333,24,19,5
17334,24,19,5
17335,51,43,8
17336,51,43,8
17337,51,43,8
17338,51,43,8
17339,51,43,8
17340,51,43,8
17341,51,43,8
17342,51,43,8
17343,81,51,30
17345,46,27,19
17350,19,9,10
17351,19,9,10
17352,19,9,10
17353,5,4,1
17354,5,4,1
17355,15,4,11
17356,6,4,2
17357,11,9,2
17358,15,4,11
17359,9,7,2
17360,19,9,10
17361,9,7,2
17362,9,7,2
17363,9,7,2
17364,10,8,2
17365,21,6,15
17366,21,6,15
17367,9,6,3
17368,2,1,1
17369,5,2,3
17370,12,9,3
17371,19,9,10
17372,13,11,2
17373,13,11,2
17375,19,9,10
17376,19,9,10
17377,25,16,9
17378,4,3,1
17379,28,19,9
17380,28,19,9
17381,28,19,9
17382,25,17,8
17383,25,17,8
17384,7,4,3
17385,7,4,3
17386,25,17,8
17387,31,13,18
17388,31,13,18
17389,1,0,1
17390,4,2,2
17391,31,13,18
17392,41,31,10
17393,7,6,1
17394,11,7,4
17395,11,7,4
17396,31,13,18
17397,31,13,18
17398,7,4,3
17399,7,4,3
17400,2,2,0
17401,2,2,0
17402,1,1,0
17403,1,1,0
17404,41,31,10
17408,41,31,10
17409,41,31,10
17410,41,31,10
17411,41,31,10
17412,41,31,10
17413,37,33,4
17414,37,33,4
17417,30,21,9
17418,6,5,1
17419,6,5,1
17420,45,34,11
17421,45,34,11
17422,45,34,11
17423,45,34,11
17424,30,24,6
17425,91,65,26
17426,91,65,26
17427,91,65,26
17430,91,65,26
17431,70,51,19
17432,6,6,0
17433,14,14,0
17434,14,14,0
17435,91,65,26
17436,91,65,26
17437,45,34,11
17438,45,34,11
17439,11,11,0
17440,11,11,0
17441,2,2,0
17442,2,2,0
17443,70,51,19
17444,13,7,6
17445,70,51,19
17446,70,51,19
17447,70,51,19
17448,70,51,19
17449,115,61,54
17450,8,6,2
17451,108,79,29
17454,9,1,8
17455,9,1,8
17456,3,2,1
17457,3,2,1
17458,5,4,1
17459,4,0,4
17461,6,3,3
17462,7,7,0
17463,7,7,0
17464,44,33,11
17465,44,33,11
17466,44,33,11
17467,30,23,7
17468,8,8,0
17469,8,8,0
17470,73,48,25
17471,73,48,25
17472,73,48,25
17473,67,49,18
17474,4,4,0
17476,4,4,0
17477,4,3,1
17478,73,48,25
17479,73,48,25
17480,17,14,3
17481,17,14,3
17482,67,49,18
17484,4,1,3
17485,2,0,2
17486,2,0,2
17487,67,49,18
17488,67,49,18
17489,67,49,18
17490,67,49,18
17491,67,49,18
17492,67,49,18
17493,4,2,2
17494,32,18,14
17495,6,5,1
17496,6,5,1
17497,6,5,1
17498,6,5,1
17499,5,4,1
17500,5,4,1
17501,42,31,11
17502,42,31,11
17503,42,31,11
17504,28,20,8
17505,59,38,21
17506,59,38,21
17507,59,38,21
17508,5,5,0
17509,59,38,21
17510,57,47,10
17511,11,10,1
17512,11,10,1
17513,11,10,1
17514,7,7,0
17516,59,38,21
17517,59,38,21
17518,59,38,21
17519,57,47,10
17521,19,12,7
17522,19,12,7
17523,22,14,8
17524,19,12,7
17525,1,1,0
17526,8,5,3
17527,57,47,10
17528,57,47,10
17529,11,9,2
17530,11,9,2
17531,48,40,8
17532,48,40,8
17533,19,14,5
17534,60,53,7
17539,60,53,7
17542,2,2,0
17565,35,30,5
17566,35,30,5
17567,35,30,5
17568,35,30,5
17569,35,30,5
17572,6,6,0
17573,6,6,0
17578,17,16,1
17582,17,16,1
17589,1,1,0
17590,1,1,0
17597,1,1,0
17598,1,1,0
17599,78,60,18
17600,8,8,0
17601,8,8,0
17604,16,16,0
17605,16,16,0
17608,3,3,0
17610,3,3,0
17620,102,46,56
17621,13,8,5
17622,13,8,5
17623,7,4,3
17624,13,8,5
17625,35,30,5
17626,35,30,5
17630,79,52,27
17631,79,52,27
17658,48,38,10
17659,48,38,10
17660,41,34,7
17661,68,35,33
17662,68,35,33
17663,68,35,33
17664,73,55,18
17665,68,35,33
17666,68,35,33
17667,73,55,18
17668,26,15,11
17669,10,5,5
17670,9,5,4
17671,26,15,11
17672,10,5,5
17673,16,3,13
17674,26,15,11
17677,16,3,13
17678,16,3,13
17679,32,22,10
17680,32,22,10
17681,73,55,18
17682,73,55,18
17683,73,55,18
17684,73,55,18
17685,73,55,18
17686,73,55,18
17687,73,55,18
17688,73,55,18
17689,102,46,56
17690,56,39,17
17691,51,46,5
17692,5,5,0
17693,12,12,0
17694,5,5,0
17695,56,39,17
17696,51,46,5
17699,51,46,5
17700,51,46,5
17701,51,46,5
17702,102,46,56
17703,51,46,5
17704,56,39,17
17705,51,46,5
17706,3,3,0
17707,3,3,0
17714,21,18,3
17717,2,1,1
17719,7,2,5
17720,2,1,1
17721,21,18,3
17725,27,24,3
17726,27,24,3
17727,21,18,3
17728,44,32,12
17729,54,52,2
17730,11,11,0
17731,44,32,12
17732,4,2,2
17733,54,52,2
17734,33,27,6
17735,59,51,8
17736,59,51,8
17737,59,51,8
17739,8,3,5
17740,8,3,5
17741,46,36,10
17742,46,36,10
17743,46,36,10
17745,14,6,8
17746,14,6,8
17747,14,6,8
17754,46,36,10
17755,46,36,10
17756,3,0,3
17757,77,55,22
17758,77,55,22
17759,112,107,5
17760,12,12,0
17761,17,17,0
17762,17,17,0
17763,17,17,0
17764,8,8,0
17765,8,8,0
17766,77,55,22
17767,112,107,5
17768,44,34,10
17769,44,34,10
17770,33,27,6
17771,18,13,5
17772,112,107,5
17773,24,19,5
17774,3,2,1
17775,3,2,1
17776,36,32,4
17777,36,32,4
17778,36,32,4
17779,5,5,0
17780,4,4,0
17783,12,12,0
17784,12,12,0
17787,83,63,20
17788,83,63,20
17789,82,73,9
17790,82,73,9
17791,82,73,9
17792,82,73,9
17793,82,73,9
17794,56,42,14
17795,18,16,2
17799,12,9,3
17818,56,42,14
17819,27,22,5
17825,39,30,9
17826,2,2,0
17827,47,31,16
17828,47,31,16
17829,47,31,16
17830,34,26,8
17831,79,52,27
17832,79,52,27
17833,79,52,27
17834,79,52,27
17835,69,55,14
17836,11,11,0
17837,79,52,27
17838,47,31,16
17843,47,31,16
17844,10,3,7
17845,10,3,7
17847,69,55,14
17848,69,55,14
17849,69,55,14
17850,69,55,14
17851,69,55,14
17852,102,46,56
17853,34,28,6
17854,56,48,8
17855,56,48,8
17856,56,48,8
17857,56,48,8
17858,49,40,9
17859,49,40,9
17860,49,40,9
17861,12,7,5
17862,12,7,5
17863,49,40,9
17864,49,40,9
17867,93,58,35
17868,93,58,35
17870,1,0,1
17874,5,0,5
17875,93,58,35
17876,108,99,9
17877,11,11,0
17878,13,13,0
17879,13,13,0
17880,13,13,0
17881,13,13,0
17882,11,11,0
17883,9,8,1
17884,1,0,1
17885,9,9,0
17886,9,9,0
17887,93,58,35
17888,93,58,35
17889,7,7,0
17890,7,7,0
17892,108,99,9
17893,4,1,3
17894,29,23,6
17895,48,38,10
17896,20,4,16
17899,6,6,0
17900,6,6,0
17901,34,28,6
17902,11,6,5
17903,108,99,9
17904,108,99,9
17905,108,99,9
17906,108,99,9
17907,108,99,9
17908,108,99,9
17909,108,99,9
17910,108,99,9
17911,108,99,9
17919,93,58,35
17922,66,44,22
17923,4,3,1
17924,4,3,1
17928,2,0,2
17929,8,6,2
17930,2,1,1
17931,2,1,1
17932,8,0,8
17933,4,3,1
17935,8,6,2
17936,8,6,2
17937,8,6,2
17939,3,3,0
17940,3,3,0
17941,34,30,4
17942,17,16,1
17943,17,16,1
17944,39,31,8
17945,39,31,8
17946,47,38,9
17947,39,31,8
17948,34,30,4
17949,34,30,4
17950,7,4,3
17951,7,4,3
17952,5,5,0
17953,5,5,0
17955,5,5,0
17956,5,5,0
17957,47,38,9
17958,47,38,9
17959,47,38,9
17960,47,38,9
17961,47,38,9
17962,47,38,9
17963,47,38,9
17964,47,38,9
17967,66,44,22
17968,17,16,1
17969,30,23,7
17970,30,23,7
17971,30,23,7
17972,19,18,1
17973,22,22,0
17974,22,22,0
17977,55,44,11
17978,5,5,0
17979,7,7,0
17980,4,4,0
17981,4,4,0
17982,22,22,0
17983,4,2,2
17984,4,2,2
17985,55,44,11
17986,55,44,11
17987,55,44,11
17988,55,44,11
17989,55,44,11
17990,55,44,11
17991,55,44,11
17992,55,44,11
17993,55,44,11
17994,32,23,9
17995,2,1,1
17996,2,1,1
17997,32,23,9
17998,6,4,2
17999,13,9,4
18000,6,4,2
18001,32,23,9
18002,19,15,4
18003,33,29,4
18004,25,20,5
18005,2,2,0
18006,2,2,0
18007,15,10,5
18008,24,18,6
18009,24,18,6
18010,24,18,6
18011,24,18,6
18012,21,16,5
18013,29,18,11
18014,29,18,11
18015,29,18,11
18016,44,39,5
18017,7,7,0
18018,5,5,0
18019,5,5,0
18020,5,5,0
18021,4,4,0
18022,4,4,0
18023,29,18,11
18024,29,18,11
18025,44,39,5
18033,1,1,0
18036,18,11,7
18039,15,10,5
18040,4,0,4
18041,44,39,5
18044,1,1,0
18045,1,1,0
18046,28,20,8
18047,28,20,8
18048,24,17,7
18049,24,17,7
18050,7,4,3
18051,24,17,7
18052,31,15,16
18053,31,15,16
18054,31,15,16
18055,31,15,16
18056,33,26,7
18057,31,15,16
18058,31,15,16
18059,3,1,2
18060,3,1,2
18061,12,3,9
18062,2,2,0
18063,33,26,7
18064,33,26,7
18065,33,26,7
18066,33,26,7
18067,33,26,7
18068,33,26,7
18069,33,26,7
18070,33,26,7
18071,40,34,6
18072,40,34,6
18073,8,6,2
18074,64,49,15
18075,64,49,15
18076,12,8,4
18079,14,11,3
18080,6,4,2
18081,25,20,5
18082,25,20,5
18083,25,20,5
18084,19,17,2
18085,33,20,13
18086,33,20,13
18087,33,20,13
18088,47,37,10
18089,5,3,2
18090,8,4,4
18091,5,3,2
18092,4,3,1
18093,33,20,13
18094,33,20,13
18095,11,7,4
18096,11,7,4
18097,47,37,10
18098,11,4,7
18099,47,37,10
18100,47,37,10
18101,47,37,10
18102,47,37,10
18103,63,30,33
18104,37,19,18
18105,37,19,18
18106,7,4,3
18107,8,4,4
18108,11,0,11
18109,9,2,7
18110,11,0,11
18111,9,2,7
18112,9,2,7
18113,3,3,0
18114,3,3,0
18115,40,26,14
18116,8,6,2
18117,9,6,3
18118,9,6,3
18119,49,32,17
18120,49,32,17
18122,39,29,10
18123,20,18,2
18124,20,18,2
18127,20,18,2
18128,1,0,1
18129,11,6,5
18130,66,29,37
18131,66,29,37
18132,66,29,37
18133,47,27,20
18134,12,8,4
18135,12,8,4
18136,6,5,1
18137,66,29,37
18138,66,29,37
18139,14,10,4
18140,14,10,4
18141,47,27,20
18142,27,19,8
18143,27,19,8
18144,2,0,2
18145,2,0,2
18146,7,0,7
18147,27,19,8
18148,27,19,8
18149,27,19,8
18150,40,26,14
18151,12,9,3
18152,47,27,20
18153,47,27,20
18154,47,27,20
18155,47,27,20
18156,47,27,20
18157,47,27,20
18158,47,27,20
18159,47,27,20
18160,24,18,6
18161,24,18,6
18162,44,36,8
18163,3,1,2
18164,3,1,2
18165,1,0,1
18166,1,0,1
18167,4,0,4
18168,16,12,4
18169,12,12,0
18170,38,31,7
18171,38,31,7
18172,63,30,33
18173,19,12,7
18174,5,3,2
18175,17,10,7
18176,17,10,7
18177,13,9,4
18178,1,0,1
18179,12,8,4
18180,49,31,18
18181,49,31,18
18182,31,18,13
18183,3,2,1
18184,3,2,1
18185,49,31,18
18186,10,6,4
18187,10,6,4
18188,2,2,0
18189,2,2,0
18190,31,18,13
18193,6,4,2
18194,31,18,13
18195,31,18,13
18196,31,18,13
18200,19,16,3
18201,1,0,1
18202,1,0,1
18203,19,16,3
18204,19,16,3
18205,19,16,3
18206,22,21,1
18207,12,7,5
18208,5,1,4
18209,5,1,4
18210,5,1,4
18211,5,1,4
18212,1,0,1
18213,12,7,5
18214,8,4,4
18215,12,7,5
18216,12,7,5
18217,12,7,5
18218,12,7,5
18219,12,7,5
18220,12,7,5
18221,12,7,5
18222,12,7,5
18223,172,111,61
18224,90,49,41
18225,29,22,7
18226,29,22,7
18232,24,22,2
18233,1,1,0
18234,1,1,0
18235,9,3,6
18237,13,3,10
18238,13,3,10
18239,17,3,14
18240,13,3,10
18241,9,5,4
18242,9,7,2
18243,8,6,2
18244,8,6,2
18245,10,6,4
18246,10,6,4
18247,5,2,3
18248,5,2,3
18249,10,6,4
18250,14,4,10
18253,14,4,10
18254,10,8,2
18255,17,6,11
18256,17,6,11
18257,6,2,4
18258,1,0,1
18259,1,0,1
18260,15,11,4
18263,17,6,11
18265,1,1,0
18267,44,36,8
18268,44,36,8
18269,44,36,8
18270,2,1,1
18271,2,1,1
18272,5,0,5
18274,23,20,3
18275,23,20,3
18279,36,21,15
18280,36,21,15
18281,36,21,15
18282,36,21,15
18283,21,14,7
18284,1,0,1
18285,1,0,1
18286,1,0,1
18287,9,2,7
18288,9,2,7
18289,9,2,7
18290,9,2,7
18291,9,2,7
18292,9,2,7
18293,9,2,7
18294,11,1,10
18295,11,1,10
18296,9,2,7
18297,9,2,7
18299,1,0,1
18300,13,2,11
18303,9,2,7
18304,23,20,3
18305,23,20,3
18308,90,49,41
18310,12,8,4
18311,13,8,5
18312,13,8,5
18313,13,9,4
18314,12,2,10
18315,12,2,10
18317,12,2,10
18318,14,8,6
18323,12,2,10
18324,2,0,2
18325,14,8,6
18326,13,9,4
18327,12,8,4
18328,14,8,6
18329,14,8,6
18330,34,20,14
18331,34,20,14
18332,34,20,14
18351,11,2,9
18352,34,20,14
18353,34,20,14
18354,34,20,14
18355,34,20,14
18356,34,20,14
18357,34,20,14
18361,10,3,7
18362,7,2,5
18363,7,2,5
18364,10,3,7
18365,1,0,1
18366,1,0,1
18367,63,51,12
18369,63,51,12
18370,59,48,11
18371,59,48,11
18372,49,39,10
18373,49,39,10
18374,49,39,10
18375,49,39,10
18376,14,13,1
18379,2,2,0
18388,2,2,0
18390,60,46,14
18391,33,26,7
18392,5,3,2
18393,31,27,4
18394,31,27,4
18395,31,27,4
18396,31,27,4
18397,36,29,7
18398,36,29,7
18399,5,2,3
18400,5,2,3
18401,36,29,7
18402,3,1,2
18403,3,1,2
18404,61,26,35
18406,61,26,35
18407,26,20,6
18408,8,8,0
18409,7,7,0
18410,7,7,0
18411,7,7,0
18412,7,7,0
18413,8,8,0
18414,8,8,0
18415,7,7,0
18416,7,7,0
18417,61,26,35
18418,5,5,0
18419,5,5,0
18420,4,4,0
18421,26,20,6
18422,15,0,15
18423,1,0,1
18424,40,36,4
18426,32,28,4
18427,31,26,5
18428,31,26,5
18429,3,3,0
18430,3,3,0
18431,33,26,7
18432,10,5,5
18433,26,20,6
18434,26,20,6
18435,26,20,6
18436,26,20,6
18437,26,20,6
18438,26,20,6
18439,26,20,6
18440,26,20,6
18441,26,20,6
18442,26,20,6
18443,26,20,6
18444,26,20,6
18445,231,170,61
18446,231,170,61
18447,60,41,19
18452,5,5,0
18454,5,5,0
18455,9,9,0
18456,9,9,0
18457,9,9,0
18458,15,15,0
18459,1,1,0
18461,36,32,4
18472,10,9,1
18480,231,170,61
18482,231,170,61
18484,15,15,0
18485,15,15,0
18486,16,10,6
18487,16,10,6
18491,48,40,8
18492,28,25,3
18493,4,3,1
18494,16,9,7
18495,12,8,4
18496,16,9,7
18497,47,39,8
18498,47,39,8
18499,30,28,2
18500,2,1,1
18503,11,8,3
18504,51,43,8
18505,3,3,0
18517,3,3,0
18518,13,6,7
18519,13,6,7
18520,1,0,1
18521,4,0,4
18529,97,75,22
18534,24,15,9
18535,6,2,4
18540,97,75,22
18541,97,75,22
18542,63,40,23
18543,97,75,22
18544,97,75,22
18547,21,8,13
18548,63,40,23
18549,97,75,22
18550,39,29,10
18551,39,29,10
18553,6,5,1
18559,1,1,0
18563,129,109,20
18564,22,18,4
18577,22,18,4
18578,129,109,20
18579,15,14,1
18580,15,14,1
18581,31,21,10
18586,17,13,4
18587,9,8,1
18588,10,7,3
18589,17,13,4
18590,10,7,3
18591,10,7,3
18592,10,7,3
18593,10,7,3
18594,10,7,3
18595,10,7,3
18596,10,7,3
18602,2,2,0
18603,2,2,0
18604,18,14,4
18605,18,14,4
18607,28,24,4
18610,231,170,61
18611,96,80,16
18612,15,15,0
18613,15,15,0
18614,72,59,13
18615,72,59,13
18616,134,99,35
18617,56,50,6
18623,24,9,15
18624,24,9,15
18625,96,80,16
18626,20,8,12
18627,20,8,12
18629,231,170,61
18630,124,75,49
18631,49,37,12
18634,51,39,12
18635,51,39,12
18636,51,39,12
18637,51,39,12
18638,4,3,1
18639,48,38,10
18640,124,75,49
18641,124,75,49
18642,124,75,49
18643,79,68,11
18644,10,10,0
18645,14,14,0
18646,14,14,0
18647,14,14,0
18648,10,10,0
18649,7,7,0
18650,2,1,1
18651,15,14,1
18652,124,75,49
18653,22,21,1
18654,79,68,11
18655,45,35,10
18656,11,8,3
18657,9,6,3
18658,18,12,6
18659,18,12,6
18660,24,21,3
18661,18,12,6
18665,45,35,10
18666,24,21,3
18667,24,21,3
18668,24,21,3
18669,5,4,1
18670,5,4,1
18671,49,39,10
18672,4,4,0
18673,4,4,0
18674,124,75,49
18675,124,75,49
18676,124,75,49
18677,79,68,11
18678,124,75,49
18679,124,75,49
18680,22,21,1
18681,5,4,1
18682,15,11,4
18683,79,68,11
18684,79,68,11
18685,15,11,4
18686,79,68,11
18687,79,68,11
18688,79,68,11
18689,79,68,11
18690,79,68,11
18691,79,68,11
18692,79,68,11
18693,79,68,11
18694,79,68,11
18697,22,20,2
18698,22,20,2
18699,22,20,2
18700,9,9,0
18701,9,9,0
18702,9,8,1
18703,9,8,1
18704,13,7,6
18705,9,8,1
18706,9,8,1
18707,4,3,1
18708,4,3,1
18709,11,8,3
18710,11,8,3
18711,13,13,0
18712,13,13,0
18713,5,5,0
18714,37,36,1
18715,6,5,1
18716,2,1,1
18717,12,11,1
18718,66,43,23
18719,66,43,23
18720,238,172,66
18723,139,96,43
18726,117,109,8
18727,12,7,5
18735,9,6,3
18736,157,131,26
18737,157,131,26
18738,150,137,13
18739,157,131,26
18740,150,137,13
18741,150,137,13
18742,150,137,13
18743,150,137,13
18744,150,137,13
18745,150,137,13
18746,150,137,13
18747,17,15,2
18748,28,15,13
18749,28,15,13
18750,28,15,13
18751,28,15,13
18752,25,17,8
18753,37,14,23
18754,28,25,3
18755,4,4,0
18756,6,6,0
18757,37,14,23
18758,1,1,0
18759,28,25,3
18760,19,14,5
18761,28,25,3
18762,28,25,3
18763,28,25,3
18764,28,25,3
18765,12,9,3
18766,20,11,9
18767,20,11,9
18768,20,11,9
18769,15,12,3
18770,30,11,19
18772,30,16,14
18773,30,11,19
18774,3,1,2
18775,3,1,2
18776,30,16,14
18777,8,4,4
18778,30,16,14
18779,59,44,15
18780,84,68,16
18781,84,68,16
18782,84,68,16
18783,84,68,16
18784,66,51,15
18785,66,51,15
18786,17,13,4
18787,17,13,4
18788,139,96,43
18789,5,3,2
18790,5,3,2
18791,139,96,43
18792,125,105,20
18793,8,7,1
18794,4,4,0
18795,139,96,43
18796,125,105,20
18797,66,50,16
18798,8,8,0
18799,21,19,2
18800,14,14,0
18801,6,6,0
18802,6,6,0
18803,24,24,0
18806,24,24,0
18807,8,8,0
18808,24,24,0
18809,24,24,0
18810,24,24,0
18811,66,50,16
18812,3,2,1
18813,20,6,14
18814,125,105,20
18815,219,126,93
18816,45,37,8
18817,45,37,8
18818,16,9,7
18819,16,9,7
18820,16,9,7
18821,16,9,7
18824,45,37,8
18825,45,37,8
18826,221,197,24
18827,92,66,26
18828,92,66,26
18829,92,66,26
18830,92,66,26
18831,92,66,26
18832,92,66,26
18833,92,66,26
18834,7,6,1
18835,7,6,1
18836,48,23,25
18837,15,8,7
18838,26,15,11
18839,26,15,11
18840,26,15,11
18841,48,23,25
18842,5,2,3
18843,14,7,7
18844,14,7,7
18845,92,66,26
18846,92,66,26
18847,92,66,26
18848,28,24,4
18849,28,24,4
18850,28,24,4
18851,20,16,4
18852,42,17,25
18853,42,17,25
18854,42,17,25
18855,42,17,25
18856,2,2,0
18857,2,2,0
18859,28,24,4
18860,3,2,1
18861,21,16,5
18862,92,66,26
18863,10,8,2
18864,94,77,17
18865,12,12,0
18866,48,43,5
18867,18,18,0
18868,18,18,0
18869,2,0,2
18870,48,43,5
18871,94,77,17
18872,94,77,17
18873,219,126,93
18874,221,197,24
18875,221,197,24
18876,221,197,24
18877,221,197,24
18878,64,54,10
18879,64,54,10
18880,64,54,10
18881,64,54,10
18882,147,113,34
18883,38,21,17
18884,47,24,23
18885,47,24,23
18886,7,4,3
18887,44,29,15
18888,44,29,15
18889,11,8,3
18890,11,8,3
18891,44,29,15
18895,38,21,17
18896,38,21,17
18897,22,9,13
18898,3,1,2
18899,22,9,13
18909,38,21,17
18910,38,21,17
18911,40,37,3
18912,40,37,3
18914,1,0,1
18915,1,0,1
18917,8,8,0
18918,8,8,0
18919,16,14,2
18920,16,14,2
18921,4,4,0
18922,4,4,0
18923,4,4,0
18924,4,4,0
18928,95,91,4
18929,22,18,4
18930,4,4,0
18931,4,4,0
18932,1,0,1
18933,1,0,1
18934,5,5,0
18937,22,18,4
18938,5,3,2
18939,5,5,0
18940,5,5,0
18941,2,2,0
18950,64,60,4
18952,64,60,4
18953,147,113,34
18954,147,113,34
18955,147,113,34
18956,147,113,34
18957,55,19,36
18958,147,113,34
18959,13,9,4
18962,13,9,4
18964,13,9,4
18965,12,11,1
18966,9,8,1
18967,9,8,1
18968,9,8,1
18969,9,8,1
18970,12,9,3
18971,12,9,3
18972,3,0,3
18973,3,0,3
18974,12,9,3
18975,13,1,12
18976,14,8,6
18977,7,2,5
18979,14,8,6
18980,14,8,6
18981,14,8,6
18983,4,4,0
18984,4,4,0
18986,4,4,0
18987,4,4,0
18988,5,5,0
18990,1,1,0
18992,5,5,0
18993,2,2,0
18994,14,11,3
18996,1,1,0
18997,21,17,4
18998,21,17,4
19002,2,0,2
19006,11,10,1
19007,11,10,1
19008,9,5,4
19009,11,10,1
19010,11,10,1
19013,38,30,8
19014,38,30,8
19015,38,30,8
19016,12,5,7
19018,12,5,7
19020,10,9,1
19022,10,9,1
19023,33,16,17
19024,7,6,1
19025,11,10,1
19026,11,10,1
19027,11,10,1
19028,7,6,1
19029,9,8,1
19030,8,7,1
19031,8,7,1
19032,38,30,8
19033,13,9,4
19034,13,9,4
19035,13,9,4
19036,10,6,4
19037,27,13,14
19038,27,13,14
19043,9,7,2
19044,1,0,1
19045,11,8,3
19046,38,30,8
19047,38,30,8
19048,13,6,7
19049,13,6,7
19052,38,30,8
19107,13,10,3
19114,30,22,8
19115,30,22,8
19118,4,4,0
19120,4,4,0
19125,6,6,0
19126,7,7,0
19127,2,2,0
19128,2,2,0
19129,7,7,0
19130,2,2,0
19132,16,16,0
19133,1,1,0
19134,20,16,4
19135,26,16,10
19137,2,2,0
19138,2,2,0
19139,2,2,0
19140,2,2,0
19141,26,16,10
19142,26,16,10
19143,26,16,10
19144,26,16,10
19145,26,16,10
19146,26,16,10
19147,26,16,10
19148,16,16,0
19153,10,7,3
19154,55,19,36
19155,55,19,36
19156,32,28,4
19157,32,28,4
19158,17,13,4
19159,109,93,16
19160,109,93,16
19161,109,93,16
19162,95,91,4
19163,109,93,16
19164,10,10,0
19165,10,10,0
19166,10,10,0
19167,10,10,0
19168,7,7,0
19169,7,7,0
19170,7,7,0
19171,7,7,0
19172,95,91,4
19173,57,48,9
19174,57,48,9
19175,36,24,12
19176,36,24,12
19177,5,2,3
19178,36,24,12
19179,140,111,29
19180,6,6,0
19181,6,6,0
19182,140,111,29
19183,95,74,21
19184,95,74,21
19185,25,13,12
19186,25,13,12
19187,25,13,12
19188,25,13,12
19189,25,13,12
19190,7,2,5
19191,7,2,5
19192,7,2,5
19194,159,130,29
19195,159,130,29
19196,13,10,3
19197,159,130,29
19198,159,130,29
19207,3,3,0
19208,3,3,0
19210,48,27,21
19211,35,27,8
19212,18,13,5
19213,71,53,18
19214,71,53,18
19215,71,53,18
19216,67,62,5
19217,67,62,5
19218,3,3,0
19221,3,3,0
19222,3,3,0
19223,67,62,5
19224,71,53,18
19225,71,53,18
19226,6,5,1
19227,6,5,1
19228,8,8,0
19229,8,8,0
19230,8,8,0
19231,8,8,0
19232,5,5,0
19233,5,5,0
19234,67,62,5
19235,67,62,5
19236,66,52,14
19237,231,170,61
19238,258,141,117
19239,258,141,117
19240,258,141,117
19243,113,97,16
19244,17,13,4
19245,17,13,4
19251,23,20,3
19252,4,2,2
19253,11,7,4
19254,11,7,4
19256,3,1,2
19257,3,1,2
19258,23,20,3
19259,4,1,3
19263,4,1,3
19264,81,66,15
19268,7,4,3
19271,26,23,3
19272,19,17,2
19273,26,23,3
19274,6,4,2
19275,6,4,2
19279,6,6,0
19280,6,6,0
19283,7,6,1
19284,2,1,1
19285,8,8,0
19286,6,6,0
19287,6,6,0
19288,7,7,0
19289,6,6,0
19290,7,7,0
19291,7,7,0
19292,7,7,0
19293,7,7,0
19294,61,54,7
19295,6,6,0
19296,16,15,1
19297,16,15,1
19298,31,27,4
19299,40,33,7
19300,6,6,0
19301,6,6,0
19302,6,6,0
19308,6,6,0
19309,6,6,0
19310,61,54,7
19311,40,33,7
19314,25,17,8
19315,2,1,1
19316,6,5,1
19317,25,15,10
19318,25,15,10
19319,25,15,10
19320,21,16,5
19321,56,30,26
19322,56,30,26
19323,52,36,16
19324,3,3,0
19325,6,5,1
19326,4,1,3
19327,25,14,11
19337,25,14,11
19338,4,1,3
19339,52,36,16
19340,52,36,16
19341,52,36,16
19342,52,36,16
19343,113,97,16
19344,18,15,3
19345,4,4,0
19346,4,4,0
19348,54,45,9
19349,54,45,9
19354,4,1,3
19355,4,1,3
19359,2,1,1
19360,4,3,1
19361,11,9,2
19362,54,45,9
19365,88,75,13
19366,96,73,23
19367,96,73,23
19368,96,73,23
19369,96,73,23
19372,57,48,9
19373,173,127,46
19374,173,127,46
19380,26,5,21
19381,10,0,10
19382,10,0,10
19391,173,127,46
19392,207,174,33
19393,28,27,1
19394,48,43,5
19395,48,43,5
19396,48,43,5
19397,48,43,5
19398,28,27,1
19399,21,20,1
19400,6,4,2
19401,21,20,1
19402,21,20,1
19403,173,127,46
19404,173,127,46
19405,96,73,23
19406,15,13,2
19407,23,19,4
19408,23,19,4
19409,27,21,6
19410,14,13,1
19414,14,13,1
19415,96,73,23
19416,46,35,11
19417,46,35,11
19418,46,35,11
19419,46,35,11
19420,27,21,6
19421,27,21,6
19422,27,21,6
19423,27,21,6
19425,207,174,33
19426,40,21,19
19427,10,9,1
19428,58,49,9
19429,78,64,14
19430,78,64,14
19433,3,3,0
19434,3,3,0
19435,3,3,0
19436,3,3,0
19440,37,29,8
19441,37,29,8
19442,37,29,8
19443,88,75,13
19444,26,17,9
19445,26,17,9
19446,207,174,33
19447,207,174,33
19448,207,174,33
19449,207,174,33
19450,207,174,33
19451,207,174,33
19452,207,174,33
19453,207,174,33
19454,15,3,12
19455,15,3,12
19465,30,28,2
19481,37,33,4
19482,37,33,4
19483,37,33,4
19484,133,107,26
19485,68,58,10
19486,68,58,10
19497,12,4,8
19498,12,4,8
19499,13,10,3
19500,12,4,8
19501,13,10,3
19502,13,10,3
19503,13,10,3
19504,13,10,3
19505,13,10,3
19506,13,10,3
19507,13,10,3
19508,50,41,9
19509,50,41,9
19510,50,41,9
19511,50,41,9
19512,25,21,4
19513,25,21,4
19514,25,21,4
19515,25,21,4
19516,37,33,4
19518,1,1,0
19520,11,2,9
19521,11,2,9
19522,3,3,0
19523,3,3,0
19524,30,14,16
19525,30,14,16
19526,18,8,10
19527,18,8,10
19528,18,8,10
19531,51,24,27
19532,51,24,27
19533,51,24,27
19534,41,14,27
19535,51,24,27
19536,51,24,27
19537,2,1,1
19538,2,1,1
19539,41,14,27
19540,41,14,27
19541,41,14,27
19545,8,8,0
19546,8,8,0
19550,13,9,4
19551,5,5,0
19553,116,101,15
19554,116,101,15
19555,18,15,3
19556,18,15,3
19558,13,6,7
19559,13,6,7
19560,9,7,2
19563,2,0,2
19564,2,0,2
19565,5,1,4
19566,5,1,4
19567,18,15,3
19568,18,15,3
19569,10,8,2
19570,9,5,4
19571,9,5,4
19572,32,25,7
19575,2,0,2
19576,1,0,1
19577,1,0,1
19580,8,8,0
19581,16,10,6
19582,12,7,5
19583,3,2,1
19584,3,2,1
19585,14,10,4
19586,11,8,3
19587,12,5,7
19588,12,5,7
19589,14,10,4
19590,12,5,7
19591,1,0,1
19592,10,6,4
19593,10,7,3
19594,14,10,4
19595,45,25,20
19596,1,1,0
19597,15,12,3
19598,15,12,3
19599,13,9,4
19600,13,9,4
19601,36,21,15
19602,32,25,7
19603,4,4,0
19604,4,4,0
19605,2,2,0
19606,36,21,15
19607,3,2,1
19608,3,2,1
19609,3,2,1
19610,32,25,7
19611,32,25,7
19612,118,102,16
19613,118,102,16
19621,2,2,0
19622,2,2,0
19624,118,102,16
19628,2,2,0
19629,2,2,0
19630,117,101,16
19631,48,41,7
19632,48,41,7
19633,117,101,16
19634,22,22,0
19635,22,22,0
19638,49,43,6
19639,20,18,2
19640,20,18,2
19641,49,43,6
19642,104,97,7
19643,10,8,2
19644,10,8,2
19645,8,3,5
19646,22,20,2
19647,50,42,8
19648,50,42,8
19649,23,21,2
19650,23,21,2
19651,50,42,8
19652,20,17,3
19655,4,1,3
19656,4,1,3
19657,5,0,5
19658,5,0,5
19659,47,46,1
19660,107,97,10
19661,115,110,5
19662,164,131,33
19663,164,131,33
19665,35,17,18
19666,126,88,38
19667,20,12,8
19668,24,16,8
19669,15,14,1
19670,15,14,1
19671,2,0,2
19672,46,18,28
19674,46,18,28
19675,57,33,24
19676,3,1,2
19677,3,1,2
19678,12,10,2
19679,17,15,2
19680,126,88,38
19681,5,2,3
19682,57,33,24
19683,57,33,24
19684,57,33,24
19685,57,33,24
19686,20,19,1
19687,20,19,1
19688,73,63,10
19689,80,66,14
19690,80,66,14
19691,80,66,14
19692,48,41,7
19693,6,4,2
19694,2,0,2
19695,6,4,2
19696,154,121,33
19697,154,121,33
19699,154,121,33
19700,164,131,33
19701,16,15,1
19702,25,24,1
19703,6,6,0
19704,154,121,33
19705,154,121,33
19706,38,32,6
19707,67,57,10
19708,67,57,10
19709,28,23,5
19716,28,23,5
19717,164,131,33
19718,164,131,33
19719,164,131,33
19720,164,131,33
19721,164,131,33
19722,17,17,0
19723,17,17,0
19724,7,5,2
19725,7,5,2
19726,7,5,2
19727,66,53,13
19728,66,53,13
19729,2,2,0
19730,2,2,0
19731,6,6,0
19732,6,6,0
19733,1,1,0
19734,1,1,0
19735,9,6,3
19736,9,6,3
19741,1,1,0
19742,1,1,0
19758,23,16,7
19759,23,16,7
19760,8,4,4
19761,8,4,4
19762,8,4,4
19763,8,4,4
19764,51,47,4
19766,51,47,4
19767,208,148,60
19768,120,92,28
19772,23,20,3
19773,138,109,29
19774,138,109,29
19775,138,109,29
19778,138,109,29
19779,2,0,2
19780,2,0,2
19781,18,3,15
19782,18,3,15
19797,4,3,1
19798,4,3,1
19799,15,7,8
19800,3,2,1
19801,3,2,1
19802,5,3,2
19803,5,3,2
19804,7,3,4
19805,7,3,4
19806,111,85,26
19807,11,5,6
19808,3,2,1
19809,3,2,1
19812,6,3,3
19813,6,3,3
19814,6,3,3
19815,6,3,3
19816,66,47,19
19817,41,18,23
19818,10,4,6
19819,6,2,4
19821,16,6,10
19822,16,6,10
19823,16,6,10
19824,16,6,10
19825,6,2,4
19826,12,10,2
19827,12,10,2
19828,13,11,2
19830,22,4,18
19831,7,3,4
19832,7,3,4
19833,7,3,4
19834,7,3,4
19835,7,3,4
19836,7,3,4
19837,7,3,4
19838,7,3,4
19839,7,3,4
19840,3,3,0
19881,208,148,60
19882,208,148,60
19883,2,2,0
19884,2,2,0
19885,4,2,2
19886,1,1,0
19887,1,1,0
19890,2,0,2
19895,3,2,1
19896,3,0,3
19897,10,4,6
19898,4,3,1
19899,4,3,1
19900,5,3,2
19904,208,148,60
19907,233,172,61
19908,30,24,6
19909,30,24,6
19910,19,16,3
19911,208,148,60
19912,208,148,60
19913,233,172,61
19914,9,4,5
19915,1,0,1
19916,9,4,5
19917,58,42,16
19918,15,6,9
19920,6,5,1
19921,6,5,1
19922,8,0,8
19923,3,2,1
19924,15,6,9
19925,3,2,1
19926,3,2,1
19927,3,2,1
19954,25,20,5
19955,25,20,5
19958,10,3,7
19959,16,9,7
19960,16,9,7
19971,4,0,4
19972,4,0,4
19977,120,92,28
19978,120,92,28
19979,208,148,60
19980,233,172,61
19981,208,148,60
19982,15,14,1
19983,15,14,1
19984,58,47,11
20006,40,25,15
20007,33,19,14
20008,33,19,14
20009,33,19,14
20010,33,19,14
20011,28,19,9
20012,28,19,9
20013,28,19,9
20014,5,0,5
20015,28,19,9
20016,28,19,9
20017,11,4,7
20018,11,4,7
20019,40,25,15
20020,75,41,34
20021,75,41,34
20022,75,41,34
20024,75,41,34
20025,66,32,34
20026,11,8,3
20027,9,7,2
20028,9,7,2
20029,9,7,2
20030,9,7,2
20031,11,8,3
20032,9,9,0
20033,7,7,0
20034,7,7,0
20035,75,41,34
20036,75,41,34
20037,75,41,34
20038,66,32,34
20039,33,20,13
20040,11,5,6
20041,4,3,1
20042,29,22,7
20044,40,25,15
20045,17,12,5
20046,66,32,34
20047,66,32,34
20048,66,32,34
20049,66,32,34
20050,126,103,23
20070,4,3,1
20071,4,3,1
20078,2,0,2
20079,126,103,23
20080,8,8,0
20081,8,8,0
20082,126,103,23
20083,13,12,1
20084,30,26,4
20085,30,26,4
20086,30,26,4
20087,30,26,4
20088,37,29,8
20089,37,29,8
20090,37,29,8
20091,25,12,13
20092,25,12,13
20093,18,14,4
20094,71,51,20
20095,71,51,20
20096,40,26,14
20097,5,4,1
20098,71,51,20
20099,40,26,14
20100,40,26,14
20101,40,26,14
20102,208,148,60
20103,89,67,22
20104,89,67,22
20105,54,34,20
20106,54,34,20
20107,12,10,2
20108,54,34,20
20109,12,4,8
20110,12,4,8
20111,76,66,10
20112,12,6,6
20114,10,9,1
20115,10,9,1
20116,12,6,6
20127,9,4,5
20128,9,4,5
20129,50,25,25
20130,233,172,61
20131,233,172,61
20135,233,172,61
20136,233,172,61
20137,233,172,61
20138,233,172,61
20140,233,172,61
20141,233,172,61
20142,81,66,15
20143,13,9,4
20144,13,9,4
20145,2,0,2
20148,2,0,2
20149,32,18,14
20150,13,9,4
20151,13,9,4
20152,32,18,14
20158,6,4,2
20159,6,4,2
20161,7,4,3
20162,2,0,2
20163,2,0,2
20164,21,11,10
20165,4,4,0
20175,20,16,4
20176,20,17,3
20177,17,14,3
20178,28,14,14
20180,28,14,14
20181,32,19,13
20182,1,1,0
20183,28,14,14
20184,32,19,13
20207,2,2,0
20208,2,2,0
20209,32,19,13
20210,32,19,13
20211,32,19,13
20212,32,19,13
20213,32,19,13
20214,32,19,13
20215,32,19,13
20216,32,19,13
20217,1,1,0
20218,1,1,0
20220,4,2,2
20221,1,0,1
20222,145,107,38
20230,145,107,38
20231,139,115,24
20232,15,12,3
20235,15,12,3
20239,145,107,38
20240,139,115,24
20241,4,3,1
20251,4,3,1
20259,4,4,0
20278,118,99,19
20279,33,27,6
20286,8,7,1
20287,8,7,1
20290,28,23,5
20291,28,23,5
20292,28,23,5
20297,31,27,4
20300,60,32,28
20303,60,32,28
20304,43,38,5
20305,7,7,0
20306,11,11,0
20307,11,11,0
20308,5,5,0
20309,60,32,28
20310,8,8,0
20311,8,8,0
20312,1,1,0
20313,1,1,0
20314,43,38,5
20315,15,12,3
20317,17,16,1
20318,17,16,1
20319,17,16,1
20325,7,6,1
20326,30,27,3
20327,32,26,6
20328,30,27,3
20329,118,99,19
20331,3,2,1
20332,15,10,5
20333,43,38,5
20334,43,38,5
20335,43,38,5
20336,43,38,5
20337,43,38,5
20338,43,38,5
20339,7,1,6
20340,25,21,4
20341,25,21,4
20342,5,0,5
20343,139,115,24
20344,139,115,24
20345,139,115,24
20346,139,115,24
20347,139,115,24
20348,139,115,24
20349,139,115,24
20350,139,115,24
20357,3,3,0
20361,3,3,0
20364,139,115,24
20365,139,115,24
20366,139,115,24
20369,91,70,21
20370,1,1,0
20382,2,1,1
20383,16,8,8
20384,16,8,8
20387,16,8,8
20388,16,8,8
20389,36,26,10
20391,12,9,3
20392,14,9,5
20393,14,9,5
20397,18,3,15
20398,18,3,15
20399,22,11,11
20400,22,11,11
20401,12,9,3
20402,22,11,11
20403,22,11,11
20404,22,11,11
20405,22,11,11
20411,22,16,6
20412,22,16,6
20413,51,37,14
20414,9,7,2
20415,9,7,2
20416,21,11,10
20417,10,7,3
20418,21,11,10
20419,6,4,2
20423,6,4,2
20424,51,37,14
20425,6,4,2
20426,6,4,2
20427,6,4,2
20428,5,3,2
20429,5,3,2
20430,5,3,2
20431,91,70,21
20435,90,72,18
20436,8,8,0
20448,8,8,0
20449,5,5,0
20450,13,10,3
20451,13,10,3
20452,41,31,10
20454,16,9,7
20457,16,9,7
20473,14,14,0
20474,14,14,0
20475,28,26,2
20476,28,26,2
20477,4,0,4
20478,4,0,4
20479,3,0,3
20480,3,0,3
20481,4,0,4
20484,7,0,7
20486,7,0,7
20488,28,26,2
20489,28,26,2
20492,163,112,51
20495,184,159,25
20496,14,13,1
20497,163,112,51
20499,7,5,2
20500,7,5,2
20501,29,27,2
20502,29,27,2
20503,1,1,0
20505,27,22,5
20506,10,10,0
20507,10,10,0
20513,12,12,0
20514,12,12,0
20515,44,36,8
20516,14,14,0
20517,14,14,0
20518,14,14,0
20519,14,14,0
20521,44,36,8
20522,12,11,1
20525,91,70,21
20527,22,13,9
20528,93,74,19
20529,57,48,9
20530,91,70,21
20531,163,112,51
20532,163,112,51
20536,6,0,6
20537,11,9,2
20538,11,9,2
20543,14,6,8
20544,14,6,8
20545,14,6,8
20546,14,6,8
20547,14,6,8
20548,14,6,8
20549,184,159,25
20550,21,21,0
20551,163,112,51
20553,29,27,2
20554,29,27,2
20560,184,159,25
20561,184,159,25
20562,184,159,25
20563,184,159,25
20564,184,159,25
20565,184,159,25
20566,44,33,11
20567,44,33,11
20580,3,3,0
20581,3,3,0
20582,3,3,0
20583,7,5,2
20584,9,3,6
20585,6,2,4
20586,6,2,4
20589,9,3,6
20590,9,3,6
20591,9,3,6
20592,44,33,11
20593,44,33,11
20594,44,33,11
20595,2,2,0
20596,2,2,0
20597,90,72,18
20598,4,4,0
20599,11,8,3
20600,28,25,3
20601,28,25,3
20602,28,15,13
20603,3,3,0
20604,9,7,2
20605,9,7,2
20606,90,72,18
20607,1,1,0
20608,28,15,13
20609,19,0,19
20610,19,0,19
20614,19,17,2
20615,1,0,1
20616,1,0,1
20617,3,3,0
20618,3,3,0
20621,26,24,2
20622,15,14,1
20623,15,14,1
20629,5,3,2
20630,11,9,2
20631,13,10,3
20632,14,10,4
20633,13,10,3
20634,5,4,1
20635,5,4,1
20636,1,1,0
20637,1,1,0
20638,9,3,6
20639,9,3,6
20640,18,18,0
20641,6,5,1
20642,21,16,5
20643,21,16,5
20644,7,1,6
20645,2,1,1
20646,2,1,1
20647,2,1,1
20648,21,16,5
20649,21,16,5
20650,21,16,5
20651,21,16,5
20652,21,16,5
20653,18,17,1
20654,6,4,2
20657,6,4,2
20658,18,14,4
20659,1,0,1
20660,18,14,4
20661,11,5,6
20662,11,5,6
20663,6,5,1
20664,15,14,1
20665,10,2,8
20666,18,14,4
20667,18,14,4
20668,18,14,4
20669,18,14,4
20670,18,18,0
20671,39,30,9
20672,2,0,2
20676,9,3,6
20677,51,42,9
20678,51,42,9
20682,184,159,25
20683,184,159,25
20684,51,45,6
20685,51,45,6
20698,164,131,33
20700,11,7,4
20701,11,7,4
20705,5,3,2
20714,164,131,33
20718,27,19,8
20719,197,178,19
20720,164,131,33
20754,6,5,1
20758,6,5,1
20759,7,7,0
20760,7,7,0
20761,1,0,1
20762,1,0,1
20763,8,6,2
20765,6,5,1
20778,6,5,1
20805,60,44,16
20806,60,44,16
20807,41,36,5
20808,41,36,5
20813,60,44,16
20814,60,44,16
20815,60,44,16
20816,8,5,3
20817,22,16,6
20818,29,23,6
20819,29,23,6
20820,39,27,12
20821,29,23,6
20822,29,23,6
20823,60,44,16
20824,39,27,12
20825,39,27,12
20826,74,63,11
20831,3,2,1
20832,3,2,1
20839,2,2,0
20840,164,131,33
20846,22,13,9
20847,2,1,1
20848,15,12,3
20849,15,12,3
20850,15,12,3
20851,21,17,4
20854,59,35,24
20855,59,35,24
20856,30,23,7
20857,4,4,0
20858,4,4,0
20859,4,4,0
20860,6,6,0
20861,7,7,0
20862,7,7,0
20863,30,23,7
20870,2,0,2
20889,22,15,7
20890,14,9,5
20891,17,12,5
20892,14,9,5
20893,12,2,10
20894,12,2,10
20895,12,2,10
20896,9,4,5
20903,12,2,10
20904,12,2,10
20905,9,4,5
20906,15,10,5
20907,9,4,5
20908,9,4,5
20909,9,4,5
20910,9,4,5
20911,30,23,7
20912,30,23,7
20913,30,23,7
20914,30,23,7
20928,1,1,0
20933,179,137,42
20935,179,137,42
20936,81,59,22
20937,2,2,0
20938,2,2,0
20939,6,6,0
20940,6,6,0
20941,7,5,2
20942,7,5,2
20943,2,0,2
20944,2,0,2
20945,13,12,1
20947,81,59,22
20948,48,41,7
20949,48,41,7
20952,255,170,85
20953,255,170,85
20954,5,3,2
20955,21,6,15
20956,21,6,15
20957,3,1,2
20962,3,1,2
20968,1,0,1
20979,1,0,1
21009,13,8,5
21010,13,8,5
21011,2,0,2
21012,2,0,2
21013,3,1,2
21014,1,0,1
21015,1,0,1
21030,3,2,1
21031,3,2,1
21032,3,2,1
21049,35,17,18
21050,122,96,26
21051,122,96,26
21062,3,3,0
21063,3,3,0
21064,2,0,2
21065,2,0,2
21066,2,0,2
21067,15,11,4
21084,9,9,0
21086,11,8,3
21087,11,8,3
21088,11,8,3
21089,9,6,3
21090,9,6,3
21091,9,6,3
21092,9,6,3
21093,9,6,3
21097,16,3,13
21098,16,3,13
21099,16,3,13
21100,11,8,3
21101,11,8,3
21102,11,8,3
21104,13,9,4
21105,13,9,4
21106,2,2,0
21107,2,2,0
21116,6,6,0
21117,43,29,14
21120,27,18,9
21121,27,18,9
21122,27,18,9
21123,103,72,31
21124,103,72,31
21125,92,72,20
21126,11,10,1
21127,6,6,0
21128,103,72,31
21129,6,4,2
21166,31,27,4
21167,31,27,4
21168,8,7,1
21169,92,72,20
21170,92,72,20
21171,92,72,20
21172,92,72,20
21173,255,170,85
21174,17,16,1
21175,17,16,1
21176,12,7,5
21177,17,11,6
21178,17,11,6
21179,17,11,6
21180,17,11,6
21181,16,10,6
21182,16,10,6
21183,3,1,2
21184,2,1,1
21185,9,8,1
21186,31,17,14
21187,31,17,14
21188,31,17,14
21189,10,10,0
21196,31,17,14
21197,31,17,14
21198,1,1,0
21199,2,2,0
21200,2,2,0
21201,22,17,5
21202,2,2,0
21203,12,7,5
21204,5,1,4
21205,10,10,0
21206,10,10,0
21207,10,10,0
21208,10,10,0
21209,142,104,38
21210,5,0,5
21213,18,10,8
21214,18,10,8
21215,18,13,5
21216,77,56,21
21217,62,45,17
21218,62,45,17
21219,62,45,17
21220,62,45,17
21221,126,96,30
21241,126,96,30
21242,23,13,10
21243,91,65,26
21244,126,96,30
21245,9,4,5
21259,9,4,5
21262,126,96,30
21264,13,8,5
21269,91,65,26
21270,91,65,26
21271,91,65,26
21272,91,65,26
21273,91,65,26
21274,13,6,7
21275,8,1,7
21276,2,0,2
21277,2,0,2
21278,13,6,7
21279,3,3,0
21280,2,1,1
21281,2,1,1
21282,2,1,1
21283,25,15,10
21286,30,25,5
21287,91,60,31
21288,5,2,3
21289,86,45,41
21290,91,60,31
21291,11,9,2
21292,11,9,2
21293,6,5,1
21294,8,2,6
21295,11,9,2
21296,2,1,1
21297,2,1,1
21298,2,1,1
21299,2,1,1
21300,2,1,1
21301,86,45,41
21302,86,45,41
21305,4,1,3
21306,4,1,3
21319,90,57,33
21320,90,57,33
21321,24,12,12
21322,24,12,12
21323,17,4,13
21324,17,4,13
21329,81,40,41
21330,81,40,41
21331,81,40,41
21332,81,40,41
21333,11,11,0
21334,19,15,4
21335,1,0,1
21336,1,0,1
21340,3,0,3
21342,3,3,0
21348,2,2,0
21349,11,8,3
21350,39,29,10
21351,39,29,10
21352,39,29,10
21353,39,29,10
21354,40,21,19
21356,39,29,10
21357,2,2,0
21358,2,2,0
21359,2,0,2
21360,12,8,4
21361,13,4,9
21362,40,21,19
21363,3,2,1
21364,6,4,2
21365,1,1,0
21366,1,1,0
21367,3,1,2
21368,3,0,3
21369,5,3,2
21370,3,0,3
21372,12,12,0
21374,64,45,19
21375,64,45,19
21376,3,0,3
21377,3,0,3
21378,1,0,1
21380,2,0,2
21381,47,29,18
21383,122,96,26
21384,142,104,38
21385,142,104,38
21386,142,104,38
21387,113,83,30
21388,29,26,3
21389,255,170,85
21390,255,170,85
21391,121,98,23
21392,121,98,23
21397,7,7,0
21398,8,8,0
21399,11,11,0
21400,7,7,0
21401,7,7,0
21404,11,11,0
21405,11,11,0
21406,11,11,0
21407,11,11,0
21408,255,170,85
21409,226,173,53
21410,29,27,2
21411,255,170,85
21412,255,170,85
21413,22,6,16
21414,91,65,26
21415,91,65,26
21416,14,13,1
21417,14,13,1
21418,16,11,5
21419,16,11,5
21423,94,78,16
21426,22,19,3
21427,22,19,3
21428,16,13,3
21431,22,19,3
21432,4,1,3
21433,4,1,3
21434,16,13,3
21435,16,13,3
21438,11,7,4
21439,11,7,4
21440,126,96,30
21441,226,173,53
21442,226,173,53
21443,226,173,53
21444,226,173,53
21445,226,173,53
21446,226,173,53
21447,226,173,53
21448,226,173,53
21449,226,173,53
21450,4,1,3
21451,226,173,53
21452,226,173,53
21453,226,173,53
21454,255,170,85
21455,26,12,14
21458,100,69,31
21461,10,8,2
21462,10,8,2
21463,13,10,3
21464,95,50,45
21466,13,10,3
21467,100,69,31
21472,2,0,2
21491,20,13,7
21495,6,6,0
21498,6,3,3
21499,1,0,1
21500,1,0,1
21501,1,0,1
21502,9,6,3
21503,6,1,5
21504,6,1,5
21505,6,1,5
21506,6,3,3
21507,6,3,3
21508,6,3,3
21509,6,3,3
21510,20,13,7
21520,95,50,45
21527,8,1,7
21528,126,96,30
21531,26,18,8
21532,26,18,8
21533,26,18,8
21534,2,0,2
21535,2,0,2
21536,9,5,4
21537,9,5,4
21538,9,5,4
21539,23,11,12
21541,23,11,12
21542,212,105,107
21543,64,51,13
21544,64,51,13
21546,65,58,7
21547,65,58,7
21555,35,30,5
21556,13,9,4
21557,13,9,4
21558,5,0,5
21559,64,51,13
21560,2,0,2
21561,10,4,6
21562,10,4,6
21563,10,5,5
21564,11,6,5
21565,6,0,6
21566,6,0,6
21567,6,0,6
21568,9,4,5
21569,6,0,6
21570,6,0,6
21571,1,1,0
21572,1,1,0
21574,4,2,2
21575,9,4,5
21576,4,4,0
21579,26,17,9
21580,140,115,25
21581,140,115,25
21584,140,115,25
21585,141,134,7
21586,22,22,0
21587,22,22,0
21588,22,22,0
21596,140,115,25
21597,140,115,25
21598,32,30,2
21599,32,30,2
21600,173,127,46
21601,173,127,46
21602,26,17,9
21603,7,1,6
21604,30,17,13
21605,30,17,13
21609,2,0,2
21610,2,0,2
21613,30,17,13
21614,30,17,13
21615,30,17,13
21616,27,19,8
21617,66,41,25
21618,66,41,25
21619,66,41,25
21620,36,21,15
21621,5,3,2
21622,5,3,2
21623,4,2,2
21624,66,41,25
21625,66,41,25
21626,11,3,8
21627,11,3,8
21629,2,0,2
21630,36,21,15
21631,36,21,15
21632,36,21,15
21633,36,21,15
21634,36,21,15
21635,36,21,15
21636,36,21,15
21637,36,21,15
21638,36,21,15
21639,86,75,11
21640,7,4,3
21641,7,4,3
21642,8,7,1
21643,8,7,1
21644,91,76,15
21645,91,76,15
21646,91,76,15
21647,91,76,15
21648,4,3,1
21649,58,48,10
21650,58,48,10
21651,19,14,5
21652,19,14,5
21653,58,48,10
21654,11,7,4
21657,175,130,45
21658,175,130,45
21661,21,15,6
21662,1,0,1
21665,20,15,5
21674,1,0,1
21675,5,3,2
21678,5,3,2
21679,8,4,4
21680,8,4,4
21681,175,130,45
21682,189,159,30
21683,28,24,4
21684,39,34,5
21685,39,34,5
21686,39,34,5
21687,39,34,5
21688,28,24,4
21689,20,19,1
21690,3,2,1
21695,16,15,1
21696,16,15,1
21697,175,130,45
21698,175,130,45
21699,4,0,4
21700,42,31,11
21701,42,31,11
21702,14,12,2
21703,14,12,2
21704,10,8,2
21705,10,8,2
21706,189,159,30
21707,58,32,26
21708,58,32,26
21709,28,24,4
21710,67,55,12
21714,4,3,1
21715,54,46,8
21716,54,46,8
21718,13,10,3
21719,13,10,3
21720,31,26,5
21721,189,159,30
21722,189,159,30
21723,189,159,30
21724,189,159,30
21725,189,159,30
21726,189,159,30
21727,189,159,30
21728,189,159,30
21729,7,2,5
21730,4,1,3
21731,4,1,3
21732,4,1,3
21733,4,1,3
21734,1,0,1
21735,1,0,1
21736,4,1,3
21737,19,14,5
21738,67,54,13
21739,9,8,1
21740,3,2,1
21741,67,54,13
21742,1,0,1
21743,1,0,1
21748,1,0,1
21749,1,0,1
21750,11,7,4
21751,4,3,1
21752,3,3,0
21753,3,3,0
21754,1,1,0
21755,1,1,0
21756,11,10,1
21761,11,10,1
21762,15,6,9
21763,1,0,1
21764,1,0,1
21765,15,6,9
21769,11,11,0
21770,15,6,9
21771,15,6,9
21772,15,6,9
21780,141,134,7
21781,141,134,7
21782,141,134,7
21785,141,134,7
21786,82,70,12
21799,2,1,1
21800,2,1,1
21804,2,1,1
21805,2,1,1
21830,9,8,1
21831,5,3,2
21836,9,8,1
21858,32,24,8
21859,1,0,1
21860,6,0,6
21878,37,26,11
21879,15,2,13
21880,1,1,0
21881,1,1,0
21884,15,2,13
21888,32,24,8
21889,32,24,8
21890,32,24,8
21891,32,24,8
21896,70,60,10
21897,5,2,3
21907,70,60,10
21917,64,61,3
21918,8,6,2
21919,47,38,9
21920,47,38,9
21921,11,9,2
21922,70,60,10
21927,257,221,36
21966,7,3,4
21967,1,0,1
21968,1,0,1
21969,16,15,1
21970,16,15,1
21971,16,15,1
21973,2,2,0
21974,11,10,1
21975,51,40,11
21976,13,6,7
21977,55,44,11
21978,55,44,11
21979,61,49,12
21980,61,49,12
21981,61,49,12
21982,61,49,12
21983,18,16,2
21987,40,32,8
21988,40,32,8
21989,12,9,3
21990,12,9,3
21991,40,32,8
21992,74,42,32
21993,74,42,32
21994,74,42,32
21995,111,95,16
21996,13,11,2
21997,21,16,5
21998,21,16,5
21999,21,16,5
22000,21,16,5
22001,13,11,2
22002,13,11,2
22003,10,9,1
22004,10,9,1
22005,4,1,3
22006,14,11,3
22007,14,11,3
22008,74,42,32
22009,74,42,32
22010,23,19,4
22011,23,19,4
22012,15,15,0
22013,15,15,0
22014,15,15,0
22015,5,5,0
22016,5,5,0
22017,111,95,16
22018,29,20,9
22019,8,5,3
22020,44,37,7
22021,56,43,13
22022,11,0,11
22023,56,43,13
22025,3,1,2
22026,3,1,2
22027,3,1,2
22028,3,1,2
22029,7,4,3
22030,26,21,5
22031,111,95,16
22032,111,95,16
22033,111,95,16
22034,111,95,16
22039,14,13,1
22051,14,13,1
22052,12,7,5
22053,12,7,5
22054,27,21,6
22055,27,21,6
22062,59,48,11
22063,3,3,0
22064,17,8,9
22065,17,8,9
22066,17,8,9
22067,19,12,7
22075,28,15,13
22076,28,15,13
22077,28,15,13
22078,25,10,15
22084,28,15,13
22085,28,15,13
22086,3,1,2
22087,3,1,2
22088,3,1,2
22089,3,1,2
22090,1,0,1
22091,25,10,15
22092,4,0,4
22093,4,0,4
22094,4,0,4
22095,4,0,4
22101,25,10,15
22102,120,105,15
22103,120,105,15
22104,52,42,10
22105,52,42,10
22107,147,136,11
22114,120,105,15
22115,120,105,15
22116,30,29,1
22117,30,29,1
22120,5,5,0
22122,5,5,0
22123,5,5,0
22124,1,1,0
22126,3,3,0
22127,3,3,0
22129,147,136,11
22130,147,136,11
22131,147,136,11
22132,12,9,3
22133,9,5,4
22134,9,5,4
22135,7,6,1
22136,7,6,1
22137,41,31,10
22138,41,31,10
22139,1,1,0
22140,129,113,16
22141,129,113,16
22142,8,8,0
22143,55,48,7
22144,41,30,11
22145,126,102,24
22146,23,19,4
22147,12,10,2
22148,14,11,3
22149,29,25,4
22150,181,149,32
22151,181,149,32
22152,181,149,32
22153,89,66,23
22154,89,66,23
22155,181,149,32
22156,19,12,7
22157,23,16,7
22158,23,16,7
22159,20,14,6
22160,23,8,15
22161,23,8,15
22162,23,8,15
22163,35,21,14
22164,23,8,15
22165,23,8,15
22166,35,21,14
22167,17,12,5
22168,17,12,5
22169,19,12,7
22170,3,1,2
22171,35,21,14
22172,35,21,14
22173,35,21,14
22174,35,21,14
22175,19,19,0
22176,19,19,0
22177,39,36,3
22178,104,88,16
22179,49,33,16
22180,177,138,39
22181,177,138,39
22183,3,1,2
22184,177,138,39
22186,3,1,2
22187,33,18,15
22188,33,18,15
22190,5,4,1
22192,5,4,1
22193,2,2,0
22203,43,21,22
22204,43,21,22
22205,43,21,22
22206,43,21,22
22212,4,3,1
22215,75,75,0
22216,34,30,4
22217,34,30,4
22218,34,21,13
22219,34,21,13
22220,1,0,1
22221,1,0,1
22222,17,11,6
22223,3,3,0
22224,3,3,0
22225,2,2,0
22226,2,2,0
22227,18,14,4
22228,18,14,4
22229,18,14,4
22230,18,14,4
22231,18,14,4
22232,18,14,4
22233,18,14,4
22234,18,14,4
22235,18,14,4
22236,81,52,29
22237,23,21,2
22238,23,21,2
22239,25,17,8
22241,14,10,4
22242,14,10,4
22243,13,9,4
22244,19,8,11
22245,19,8,11
22246,13,8,5
22247,19,8,11
22248,19,8,11
22249,13,8,5
22250,6,0,6
22251,13,8,5
22252,13,8,5
22253,13,8,5
22254,13,8,5
22255,68,52,16
22256,68,52,16
22257,68,52,16
22259,68,52,16
22260,177,144,33
22261,177,144,33
22262,7,2,5
22263,7,2,5
22264,7,2,5
22265,9,4,5
22266,9,4,5
22267,11,1,10
22278,28,13,15
22280,21,7,14
22281,21,7,14
22288,45,39,6
22291,8,8,0
22292,35,20,15
22293,5,3,2
22294,5,3,2
22295,5,3,2
22296,5,3,2
22297,5,3,2
22298,5,3,2
22299,5,3,2
22311,26,15,11
22312,14,10,4
22313,14,10,4
22314,67,38,29
22315,67,38,29
22317,56,39,17
22318,67,38,29
22319,67,38,29
22333,56,39,17
22334,56,39,17
22335,56,39,17
22336,56,39,17
22337,56,39,17
22338,56,39,17
22339,56,39,17
22340,177,144,33
22348,96,86,10
22351,96,86,10
22352,6,5,1
22353,6,5,1
22354,15,15,0
22355,15,15,0
22357,15,8,7
22358,13,8,5
22359,13,2,11
22360,13,2,11
22361,17,7,10
22362,13,2,11
22363,13,2,11
22364,11,7,4
22365,17,7,10
22366,17,7,10
22367,17,7,10
22368,17,7,10
22371,238,164,74
22375,238,164,74
22377,5,2,3
22378,7,6,1
22379,7,6,1
22380,7,6,1
22383,24,17,7
22385,27,19,8
22386,27,19,8
22387,27,19,8
22388,34,29,5
22389,79,38,41
22390,79,38,41
22391,28,24,4
22392,28,24,4
22393,79,38,41
22394,27,17,10
22395,79,38,41
22396,27,17,10
22397,17,6,11
22398,28,23,5
22399,27,17,10
22400,27,17,10
22401,27,17,10
22402,27,17,10
22403,27,17,10
22404,27,17,10
22405,27,17,10
22406,27,17,10
22407,57,37,20
22408,9,6,3
22409,9,6,3
22410,4,2,2
22411,4,2,2
22412,4,2,2
22414,4,2,2
22415,4,2,2
22416,4,2,2
22417,9,6,3
22418,9,6,3
22419,9,6,3
22420,83,52,31
22421,9,2,7
22429,2,0,2
22443,9,2,7
22446,33,26,7
22447,33,26,7
22451,6,3,3
22452,6,3,3
22457,1,1,0
22459,187,137,50
22460,29,22,7
22461,47,38,9
22462,47,38,9
22463,47,38,9
22464,47,38,9
22465,33,26,7
22466,33,26,7
22467,10,7,3
22468,10,7,3
22469,7,5,2
22471,136,111,25
22472,136,111,25
22473,136,111,25
22474,81,81,0
22475,18,18,0
22476,32,32,0
22477,32,32,0
22478,32,32,0
22479,32,32,0
22480,18,18,0
22481,15,14,1
22482,1,0,1
22483,17,17,0
22484,17,17,0
22485,136,111,25
22486,136,111,25
22487,55,49,6
22489,19,17,2
22490,14,11,3
22492,14,11,3
22493,14,11,3
22494,34,26,8
22495,6,4,2
22496,29,22,7
22497,13,9,4
22498,81,81,0
22499,55,49,6
22500,74,53,21
22501,173,154,19
22502,173,154,19
22503,129,113,16
22504,6,6,0
22505,9,9,0
22506,3,0,3
22507,3,0,3
22508,3,0,3
22509,3,0,3
22513,29,29,0
22514,3,1,2
22516,25,24,1
22517,25,24,1
22519,3,1,2
22520,1,1,0
22521,1,1,0
22523,2,2,0
22524,4,3,1
22525,3,3,0
22526,14,12,2
22527,14,12,2
22533,3,0,3
22534,3,0,3
22555,138,97,41
22556,42,24,18
22557,11,7,4
22558,11,7,4
22559,11,7,4
22560,13,9,4
22561,28,8,20
22562,28,8,20
22563,9,4,5
22564,2,0,2
22565,1,1,0
22566,1,1,0
22567,1,1,0
22568,1,1,0
22570,9,4,5
22571,42,24,18
22572,10,6,4
22573,9,4,5
22574,9,4,5
22575,9,4,5
22576,9,4,5
22577,187,127,60
22578,122,94,28
22579,122,94,28
22580,122,94,28
22581,122,94,28
22582,12,11,1
22583,122,94,28
22584,187,127,60
22585,61,54,7
22586,61,54,7
22589,187,127,60
22590,43,34,9
22591,43,34,9
22597,58,45,13
22598,58,45,13
22599,17,13,4
22604,17,13,4
22611,42,36,6
22612,2,0,2
22613,42,36,6
22627,34,28,6
22631,34,28,6
22632,11,11,0
22633,12,8,4
22634,12,8,4
22635,12,9,3
22636,19,9,10
22637,19,9,10
22638,19,9,10
22639,17,14,3
22642,1,1,0
22643,1,1,0
22645,17,14,3
22646,11,8,3
22647,12,9,3
22648,11,8,3
22649,4,2,2
22650,17,14,3
22651,17,14,3
22652,4,4,0
22653,4,4,0
22654,4,4,0
22656,4,4,0
22658,11,5,6
22659,11,5,6
22660,11,5,6
22661,11,5,6
22662,11,5,6
22663,11,5,6
22664,11,5,6
22665,11,5,6
22666,10,5,5
22667,4,4,0
22668,4,4,0
22671,4,2,2
22672,4,2,2
22673,4,2,2
22693,16,10,6
22694,15,9,6
22695,15,9,6
22696,1,0,1
22697,1,0,1
22698,18,11,7
22699,24,12,12
22700,24,12,12
22702,24,12,12
22703,30,16,14
22704,24,12,12
22705,24,12,12
22706,2,0,2
22707,30,16,14
22710,30,16,14
22711,30,16,14
22712,30,16,14
22713,30,16,14
22714,15,13,2
22715,15,13,2
22719,9,9,0
22720,9,9,0
22721,3,3,0
22723,124,99,25
22724,50,40,10
22725,2,2,0
22726,2,2,0
22727,2,2,0
22728,2,2,0
22735,6,5,1
22736,6,5,1
22745,6,6,0
22750,6,6,0
22751,6,5,1
22752,124,99,25
22754,2,0,2
22755,2,0,2
22756,62,50,12
22757,3,3,0
22758,10,10,0
22759,7,6,1
22760,7,6,1
22761,7,6,1
22762,7,6,1
22763,9,7,2
22764,9,7,2
22765,3,0,3
22766,3,0,3
22767,9,7,2
22768,8,8,0
22774,3,3,0
22775,3,3,0
22778,4,0,4
22779,8,8,0
22780,62,50,12
22781,10,9,1
22782,10,9,1
22783,8,4,4
22784,19,17,2
22785,19,17,2
22786,19,11,8
22787,19,11,8
22788,124,99,25
22794,3,3,0
22795,3,3,0
22796,2,0,2
22798,53,20,33
22799,53,20,33
22800,35,28,7
22801,44,34,10
22802,44,34,10
22803,44,34,10
22804,44,34,10
22805,35,27,8
22806,35,27,8
22807,9,6,3
22808,9,6,3
22809,35,27,8
22810,35,28,7
22813,53,20,33
22814,33,26,7
22815,63,47,16
22816,16,14,2
22817,23,19,4
22818,23,19,4
22819,23,19,4
22820,23,19,4
22821,16,14,2
22822,14,12,2
22823,4,2,2
22824,17,15,2
22825,17,15,2
22826,53,20,33
22827,53,20,33
22828,12,10,2
22829,12,10,2
22830,8,8,0
22831,63,47,16
22832,7,3,4
22833,35,28,7
22834,17,6,11
22835,8,6,2
22836,12,7,5
22837,63,47,16
22838,63,47,16
22839,63,47,16
22840,63,47,16
22841,63,47,16
22842,63,47,16
22843,63,47,16
22844,63,47,16
22849,18,14,4
22855,18,14,4
22863,124,99,25
22864,38,30,8
22865,3,1,2
22866,3,1,2
22867,50,40,10
22868,50,40,10
22869,50,40,10
22870,50,40,10
22871,41,30,11
22872,41,30,11
22873,9,4,5
22874,9,4,5
22875,41,30,11
22876,104,69,35
22877,30,27,3
22878,104,69,35
22879,100,72,28
22880,18,16,2
22881,26,20,6
22882,26,20,6
22883,26,20,6
22884,26,20,6
22885,18,16,2
22886,4,0,4
22887,4,0,4
22888,12,11,1
22889,3,2,1
22890,14,12,2
22891,14,12,2
22892,104,69,35
22893,19,12,7
22894,19,12,7
22895,10,10,0
22897,10,10,0
22898,100,72,28
22899,26,16,10
22900,26,16,10
22901,26,16,10
22903,13,11,2
22904,12,11,1
22905,18,14,4
22906,18,14,4
22907,18,14,4
22908,18,14,4
22909,12,10,2
22910,12,10,2
22911,2,0,2
22912,5,3,2
22914,5,3,2
22915,15,13,2
22916,6,1,5
22917,15,13,2
22918,15,13,2
22919,15,13,2
22920,42,38,4
22926,50,38,12
22928,50,38,12
22929,124,99,25
22930,11,4,7
22931,38,30,8
22932,21,11,10
22933,100,72,28
22934,100,72,28
22935,100,72,28
22936,100,72,28
22937,11,11,0
22938,11,11,0
22939,3,2,1
22940,3,2,1
22941,4,2,2
22942,126,88,38
22943,126,88,38
22964,91,71,20
22965,31,25,6
22966,19,18,1
22967,12,0,12
22968,15,14,1
22969,15,14,1
22970,15,14,1
22971,15,14,1
22972,15,14,1
22973,15,14,1
22974,15,14,1
22975,15,14,1
22976,15,14,1
22977,31,25,6
22978,4,4,0
22979,4,4,0
22980,11,7,4
22981,11,7,4
22982,2,1,1
22983,2,1,1
22984,14,9,5
22986,14,9,5
22989,10,8,2
22996,10,8,2
22997,91,71,20
22998,6,6,0
22999,6,6,0
23001,6,2,4
23002,6,2,4
23003,4,0,4
23004,6,2,4
23005,6,2,4
23006,4,0,4
23007,4,0,4
23008,4,0,4
23009,3,1,2
23011,25,21,4
23012,25,21,4
23013,91,71,20
23014,1,0,1
23015,1,0,1
23016,100,78,22
23017,103,90,13
23018,160,117,43
23021,10,10,0
23022,10,10,0
23023,4,4,0
23029,8,6,2
23031,8,7,1
23032,8,7,1
23035,9,4,5
23036,2,0,2
23037,1,0,1
23038,1,0,1
23039,8,6,2
23040,4,0,4
23041,4,0,4
23042,4,0,4
23043,4,0,4
23048,9,4,5
23049,9,4,5
23050,9,4,5
23051,8,6,2
23052,13,12,1
23070,19,17,2
23071,1,1,0
23072,6,6,0
23075,19,17,2
23076,2,2,0
23077,2,2,0
23078,2,2,0
23079,2,2,0
23080,49,27,22
23081,49,27,22
23082,27,22,5
23083,26,20,6
23084,26,20,6
23085,26,20,6
23086,26,20,6
23087,30,22,8
23090,49,27,22
23091,30,22,8
23092,30,24,6
23102,49,27,22
23103,49,27,22
23104,7,7,0
23105,7,7,0
23106,30,24,6
23107,27,22,5
23108,20,3,17
23109,3,1,2
23110,11,7,4
23111,30,24,6
23112,30,24,6
23113,30,24,6
23114,30,24,6
23115,30,24,6
23116,30,24,6
23117,30,24,6
23118,30,24,6
23119,32,29,3
23120,17,17,0
23121,17,17,0
23127,5,5,0
23128,5,5,0
23139,2,2,0
23140,2,2,0
23141,4,4,0
23142,4,4,0
23143,30,23,7
23144,26,18,8
23145,26,18,8
23146,25,17,8
23147,25,17,8
23148,6,3,3
23149,6,3,3
23150,25,17,8
23151,41,19,22
23152,41,19,22
23153,41,19,22
23154,44,27,17
23156,41,19,22
23157,41,19,22
23158,2,2,0
23159,2,2,0
23160,2,2,0
23161,2,2,0
23168,44,27,17
23169,44,27,17
23170,44,27,17
23171,44,27,17
23172,44,27,17
23173,44,27,17
23179,10,3,7
23180,10,3,7
23181,4,1,3
23182,4,1,3
23183,2,0,2
23184,2,0,2
23185,2,0,2
23186,2,0,2
23189,1,1,0
23191,1,1,0
23195,10,2,8
23196,10,2,8
23197,10,0,10
23199,10,2,8
23200,6,0,6
23201,6,0,6
23203,10,0,10
23204,10,0,10
23205,10,0,10
23206,10,0,10
23207,10,0,10
23208,6,0,6
23209,6,0,6
23210,160,117,43
23211,160,117,43
23212,2,0,2
23213,2,0,2
23215,2,2,0
23216,2,2,0
23217,9,2,7
23218,9,2,7
23219,8,6,2
23220,8,6,2
23221,32,29,3
23222,4,2,2
23223,35,32,3
23224,35,32,3
23225,35,32,3
23226,24,24,0
23227,24,24,0
23228,86,80,6
23229,86,80,6
23230,72,69,3
23231,7,7,0
23232,6,6,0
23233,6,6,0
23234,86,80,6
23237,72,69,3
23238,30,27,3
23239,21,11,10
23240,21,11,10
23241,21,11,10
23242,72,69,3
23243,72,69,3
23244,72,69,3
23245,72,69,3
23246,72,69,3
23247,13,12,1
23248,13,12,1
23249,53,40,13
23250,10,6,4
23251,53,40,13
23252,34,24,10
23253,34,24,10
23254,24,24,0
23255,160,117,43
23256,46,37,9
23257,12,9,3
23258,12,9,3
23259,46,37,9
23263,11,4,7
23264,2,1,1
23265,2,1,1
23266,3,0,3
23268,138,97,41
23269,42,35,7
23270,61,51,10
23271,61,51,10
23272,61,51,10
23273,61,51,10
23274,51,43,8
23275,51,43,8
23276,109,67,42
23277,109,67,42
23284,3,3,0
23285,109,67,42
23286,101,82,19
23287,16,16,0
23288,25,23,2
23289,25,23,2
23290,25,23,2
23291,25,23,2
23292,16,16,0
23293,4,0,4
23294,4,0,4
23295,12,12,0
23296,3,1,2
23297,15,14,1
23298,15,14,1
23299,109,67,42
23300,109,67,42
23301,12,12,0
23302,12,12,0
23303,8,7,1
23304,101,82,19
23305,48,37,11
23306,2,0,2
23307,6,5,1
23308,36,18,18
23309,15,14,1
23310,55,47,8
23311,42,35,7
23312,16,12,4
23313,101,82,19
23314,101,82,19
23315,101,82,19
23317,101,82,19
23318,101,82,19
23319,101,82,19
23320,101,82,19
23321,101,82,19
23322,101,82,19
23323,101,82,19
23325,50,40,10
23327,50,40,10
23331,138,97,41
23332,5,5,0
23336,10,7,3
23339,6,6,0
23340,38,33,5
23341,11,11,0
23342,38,33,5
23343,17,12,5
23344,20,12,8
23345,20,12,8
23346,19,13,6
23347,16,1,15
23348,16,1,15
23351,16,1,15
23352,15,8,7
23354,16,1,15
23355,16,1,15
23356,1,0,1
23357,1,0,1
23358,1,0,1
23359,1,0,1
23360,22,13,9
23361,15,8,7
23362,18,13,5
23363,19,14,5
23364,17,12,5
23365,3,0,3
23366,15,8,7
23367,15,8,7
23368,15,8,7
23369,15,8,7
23378,138,97,41
23379,45,38,7
23380,137,106,31
23382,10,4,6
23383,4,4,0
23384,4,4,0
23386,137,106,31
23387,38,33,5
23388,127,85,42
23389,127,85,42
23390,127,85,42
23392,35,26,9
23393,35,26,9
23396,35,26,9
23397,35,26,9
23401,3,3,0
23408,3,3,0
23409,127,85,42
23410,127,85,42
23412,27,18,9
23413,5,4,1
23415,31,23,8
23416,31,23,8
23417,31,23,8
23418,25,18,7
23419,25,18,7
23420,5,2,3
23421,5,2,3
23422,25,18,7
23423,7,6,1
23424,7,6,1
23425,55,29,26
23426,55,29,26
23428,20,16,4
23430,55,29,26
23431,65,54,11
23432,3,3,0
23433,6,4,2
23434,1,0,1
23435,1,0,1
23436,2,2,0
23437,2,2,0
23438,55,29,26
23439,8,8,0
23441,8,8,0
23442,2,2,0
23443,65,54,11
23444,7,1,6
23445,2,1,1
23446,29,21,8
23447,4,3,1
23448,11,6,5
23449,65,54,11
23450,65,54,11
23451,65,54,11
23452,65,54,11
23453,71,55,16
23454,73,71,2
23455,73,71,2
23456,73,71,2
23457,73,71,2
23458,73,71,2
23459,58,35,23
23460,58,35,23
23461,10,10,0
23462,10,10,0
23465,90,86,4
23466,34,28,6
23467,54,43,11
23468,54,43,11
23469,54,43,11
23470,37,32,5
23471,37,32,5
23472,80,46,34
23477,80,46,34
23478,93,83,10
23479,9,8,1
23480,80,46,34
23481,80,46,34
23482,6,3,3
23483,6,3,3
23484,17,17,0
23485,17,17,0
23486,93,83,10
23487,34,29,5
23488,34,29,5
23489,3,3,0
23490,3,3,0
23491,3,3,0
23492,17,13,4
23493,93,83,10
23494,93,83,10
23495,93,83,10
23496,93,83,10
23497,93,83,10
23498,93,83,10
23499,93,83,10
23500,93,83,10
23501,93,83,10
23502,93,83,10
23503,127,85,42
23504,47,34,13
23505,47,34,13
23507,47,34,13
23508,47,34,13
23510,11,5,6
23511,11,5,6
23512,7,6,1
23513,7,6,1
23516,11,5,6
23517,9,3,6
23518,127,85,42
23520,14,12,2
23521,14,11,3
23522,14,11,3
23523,14,11,3
23524,12,9,3
23525,12,9,3
23526,2,0,2
23527,16,5,11
23530,16,5,11
23531,9,7,2
23535,1,0,1
23536,18,13,5
23537,3,0,3
23538,9,7,2
23539,9,7,2
23540,9,7,2
23541,108,91,17
23542,108,91,17
23543,8,6,2
23544,8,6,2
23545,12,7,5
23546,12,7,5
23547,29,24,5
23548,9,4,5
23549,9,4,5
23554,1,1,0
23559,44,40,4
23564,44,40,4
23569,72,63,9
23570,72,63,9
23571,72,63,9
23572,1,0,1
23573,5,5,0
23574,18,14,4
23575,19,13,6
23576,19,13,6
23577,17,14,3
23578,21,4,17
23579,13,11,2
23580,13,11,2
23583,21,4,17
23584,19,12,7
23589,1,0,1
23590,18,14,4
23591,13,11,2
23592,13,11,2
23593,5,5,0
23594,2,0,2
23595,3,0,3
23596,19,12,7
23597,19,12,7
23598,19,12,7
23599,19,12,7
23600,19,12,7
23601,14,11,3
23602,16,11,5
23604,14,11,3
23607,3,0,3
23608,3,0,3
23609,16,11,5
23610,16,11,5
23614,13,13,0
23615,30,30,0
23616,30,30,0
23625,31,31,0
23626,31,31,0
23627,31,31,0
23628,31,31,0
23630,122,94,28
23631,122,94,28
23632,122,94,28
23633,19,15,4
23634,18,14,4
23635,18,14,4
23636,18,14,4
23637,18,14,4
23638,18,15,3
23639,19,15,4
23640,40,9,31
23642,40,9,31
23643,22,17,5
23644,7,7,0
23645,5,5,0
23646,5,5,0
23647,5,5,0
23648,5,5,0
23649,7,7,0
23650,9,8,1
23651,2,1,1
23652,3,1,2
23653,12,11,1
23654,12,11,1
23655,40,9,31
23656,2,2,0
23657,2,2,0
23658,2,2,0
23659,2,2,0
23664,22,17,5
23665,7,1,6
23666,2,1,1
23667,18,14,4
23668,3,0,3
23669,19,15,4
23670,9,5,4
23671,22,17,5
23672,22,17,5
23673,22,17,5
23674,22,17,5
23675,1,0,1
23678,122,94,28
23679,41,33,8
23680,122,94,28
23681,7,7,0
23682,2,2,0
23683,22,14,8
23702,2,2,0
23704,15,13,2
23705,14,11,3
23706,14,11,3
23707,14,11,3
23708,14,12,2
23709,14,12,2
23710,17,2,15
23712,17,2,15
23713,9,7,2
23717,1,1,0
23718,9,7,2
23719,15,13,2
23720,4,1,3
23721,9,7,2
23722,9,7,2
23723,9,7,2
23724,9,7,2
23725,9,7,2
23726,12,6,6
23734,5,2,3
23735,5,2,3
23736,22,14,8
23737,22,14,8
23738,8,8,0
23739,8,8,0
23750,2,2,0
23751,5,4,1
23752,5,4,1
23760,4,4,0
23766,4,4,0
23780,9,6,3
23781,9,6,3
23785,128,94,34
23786,2,2,0
23787,198,139,59
23788,55,36,19
23789,3,3,0
23790,3,3,0
23791,3,3,0
23792,3,3,0
23793,49,43,6
23794,49,43,6
23795,49,43,6
23796,10,7,3
23797,11,5,6
23798,11,5,6
23799,11,5,6
23800,12,7,5
23801,18,6,12
23802,18,6,12
23803,12,9,3
23810,18,6,12
23811,3,1,2
23812,3,1,2
23814,12,9,3
23815,5,2,3
23816,12,9,3
23817,43,36,7
23818,43,36,7
23819,14,8,6
23820,14,8,6
23822,43,36,7
23823,22,15,7
23824,22,15,7
23825,1,0,1
23826,3,2,1
23827,21,12,9
23828,21,12,9
23829,2,0,2
23830,3,3,0
23831,3,3,0
23833,17,17,0
23834,74,57,17
23835,74,57,17
23836,74,57,17
23837,74,57,17
23839,37,21,16
23840,19,14,5
23841,18,13,5
23842,16,3,13
23843,16,3,13
23844,16,3,13
23845,16,9,7
23848,16,3,13
23849,16,3,13
23850,4,4,0
23851,4,4,0
23852,16,9,7
23853,4,0,4
23854,4,0,4
23856,12,7,5
23857,12,7,5
23858,15,10,5
23859,12,7,5
23860,12,7,5
23861,16,9,7
23862,16,9,7
23863,37,21,16
23864,55,47,8
23865,55,47,8
23868,55,47,8
23869,12,9,3
23870,12,9,3
23874,31,20,11
23875,8,2,6
23876,8,2,6
23877,12,9,3
23878,8,2,6
23879,12,9,3
23880,12,9,3
23881,12,9,3
23882,34,20,14
23883,7,7,0
23884,11,11,0
23885,3,3,0
23886,34,20,14
23887,7,7,0
23888,11,11,0
23889,74,57,17
23890,74,57,17
23891,171,139,32
23892,44,44,0
23902,31,20,11
23905,31,20,11
23906,44,44,0
23907,44,44,0
23909,171,139,32
23910,54,53,1
23911,36,33,3
23912,59,54,5
23913,59,54,5
23914,36,33,3
23915,77,67,10
23916,36,36,0
23917,36,36,0
23918,39,37,2
23919,171,139,32
23920,14,14,0
23921,14,14,0
23922,7,6,1
23923,7,6,1
23924,54,53,1
23925,56,43,13
23926,56,43,13
23927,18,16,2
23934,1,1,0
23948,18,16,2
23951,17,10,7
23952,15,10,5
23953,21,8,13
23954,21,8,13
23956,21,8,13
23957,9,3,6
23958,21,8,13
23959,21,8,13
23963,9,3,6
23964,9,3,6
23965,9,3,6
23966,9,3,6
23967,9,3,6
23968,9,3,6
23969,9,3,6
23970,9,3,6
23971,8,8,0
23972,8,8,0
23973,17,17,0
23974,17,17,0
23977,5,4,1
23978,87,74,13
23979,19,12,7
23988,10,9,1
23989,2,2,0
23990,19,10,9
23991,19,10,9
23993,7,4,3
23995,7,4,3
24000,3,3,0
24001,3,3,0
24005,27,22,5
24006,34,29,5
24007,34,29,5
24008,18,15,3
24009,1,1,0
24012,69,49,20
24013,69,49,20
24014,49,39,10
24015,3,3,0
24018,14,14,0
24019,14,14,0
24020,8,3,5
24021,8,3,5
24022,3,0,3
24023,3,0,3
24024,4,0,4
24027,3,0,3
24028,3,0,3
24031,49,39,10
24032,49,39,10
24033,49,39,10
24034,49,39,10
24035,49,39,10
24036,49,39,10
24037,30,21,9
24038,30,21,9
24039,5,2,3
24040,5,2,3
24042,77,56,21
24043,27,25,2
24044,29,26,3
24045,29,26,3
24046,29,26,3
24047,21,19,2
24048,77,56,21
24049,60,58,2
24050,6,6,0
24052,14,13,1
24053,60,58,2
24054,37,28,9
24055,37,28,9
24058,9,7,2
24059,1,0,1
24060,1,0,1
24061,7,7,0
24062,7,7,0
24063,7,7,0
24064,2,2,0
24065,2,2,0
24066,16,16,0
24067,2,2,0
24070,16,16,0
24071,7,7,0
24072,16,16,0
24076,18,16,2
24077,11,6,5
24078,60,58,2
24079,60,58,2
24080,60,58,2
24081,60,58,2
24082,46,35,11
24083,46,35,11
24084,33,22,11
24085,74,57,17
24086,74,57,17
24090,74,57,17
24091,61,50,11
24092,11,11,0
24093,3,3,0
24094,74,57,17
24095,74,57,17
24096,13,13,0
24097,13,13,0
24098,4,4,0
24099,61,50,11
24100,61,50,11
24101,61,50,11
24129,1,1,0
24130,1,1,0
24131,2,1,1
24132,1,0,1
24133,21,20,1
24134,6,6,0
24135,6,6,0
24136,54,53,1
24137,54,53,1
24138,54,53,1
24139,54,53,1
24140,54,53,1
24141,54,53,1
24145,40,26,14
24146,9,8,1
24147,9,8,1
24148,9,8,1
24149,9,8,1
24150,11,7,4
24151,11,7,4
24152,11,7,4
24153,14,4,10
24155,2,1,1
24156,40,31,9
24157,9,6,3
24179,29,17,12
24180,29,17,12
24181,29,17,12
24182,9,1,8
24183,9,1,8
24184,9,1,8
24185,12,6,6
24187,22,12,10
24188,80,71,9
24189,80,71,9
24190,21,20,1
24191,3,3,0
24192,3,3,0
24193,3,3,0
24194,3,3,0
24206,12,12,0
24207,80,71,9
24208,80,71,9
24209,76,66,10
24210,76,66,10
24211,90,69,21
24212,90,69,21
24213,7,4,3
24214,49,35,14
24215,8,7,1
24216,90,69,21
24217,17,11,6
24218,17,11,6
24219,17,11,6
24220,17,11,6
24221,17,11,6
24222,17,11,6
24223,26,7,19
24224,11,9,2
24225,14,12,2
24226,14,12,2
24227,14,12,2
24228,14,12,2
24229,11,9,2
24230,26,7,19
24231,13,10,3
24232,3,2,1
24233,4,2,2
24234,12,9,3
24235,12,9,3
24236,17,11,6
24237,17,11,6
24238,13,10,3
24239,13,10,3
24240,13,10,3
24241,9,6,3
24242,21,5,16
24243,21,5,16
24244,21,5,16
24245,11,7,4
24246,3,2,1
24247,3,2,1
24248,11,7,4
24249,17,11,6
24250,15,5,10
24251,17,11,6
24252,90,69,21
24253,90,69,21
24254,80,71,9
24255,4,4,0
24257,14,10,4
24258,26,24,2
24260,15,7,8
24264,4,4,0
24265,4,4,0
24268,31,27,4
24269,31,27,4
24270,31,27,4
24271,24,24,0
24272,38,32,6
24273,38,32,6
24274,38,32,6
24275,68,66,2
24276,8,8,0
24277,9,9,0
24278,9,9,0
24279,9,9,0
24280,8,8,0
24281,7,7,0
24282,8,8,0
24283,8,8,0
24284,38,32,6
24285,38,32,6
24286,68,66,2
24287,8,6,2
24288,8,6,2
24289,21,21,0
24290,38,32,6
24291,38,32,6
24292,1,1,0
24293,25,16,9
24294,7,7,0
24295,38,32,6
24296,68,66,2
24297,21,21,0
24298,68,66,2
24299,68,66,2
24300,68,66,2
24301,68,66,2
24302,68,66,2
24303,68,66,2
24304,31,29,2
24305,49,46,3
24306,49,46,3
24307,25,23,2
24308,25,23,2
24309,9,6,3
24310,9,6,3
24311,25,23,2
24312,80,71,9
24313,80,71,9
24314,72,70,2
24315,7,7,0
24316,10,10,0
24317,10,10,0
24318,10,10,0
24319,7,7,0
24320,72,70,2
24321,27,27,0
24322,12,10,2
24323,72,70,2
24324,72,70,2
24325,72,70,2
24326,72,70,2
24327,72,70,2
24328,72,70,2
24329,72,70,2
24330,72,70,2
24331,22,14,8
24332,22,14,8
24333,22,14,8
24334,22,14,8
24335,22,14,8
24336,22,14,8
24337,22,14,8
24338,32,29,3
24341,9,6,3
24342,9,6,3
24346,8,5,3
24347,125,105,20
24356,61,46,15
24357,98,85,13
24358,61,46,15
24359,61,46,15
24363,87,79,8
24364,141,119,22
24365,2,2,0
24367,6,0,6
24368,21,15,6
24370,21,15,6
24371,4,1,3
24372,2,0,2
24373,2,0,2
24374,4,1,3
24375,15,13,2
24391,10,10,0
24392,10,10,0
24393,10,10,0
24394,10,10,0
24396,10,10,0
24397,10,10,0
24398,5,4,1
24399,16,13,3
24400,7,6,1
24401,13,6,7
24402,5,3,2
24403,13,12,1
24404,3,2,1
24405,42,29,13
24406,8,4,4
24407,6,0,6
24408,6,0,6
24409,5,1,4
24414,5,1,4
24415,5,1,4
24416,5,1,4
24417,88,80,8
24418,88,80,8
24419,47,43,4
24420,26,22,4
24422,47,43,4
24423,47,43,4
24424,47,43,4
24425,71,58,13
24426,71,58,13
24427,141,119,22
24428,2,2,0
24429,6,0,6
24430,7,6,1
24431,7,6,1
24432,7,6,1
24433,18,18,0
24434,21,21,0
24435,21,21,0
24436,22,20,2
24437,38,37,1
24438,38,37,1
24439,38,37,1
24440,38,37,1
24441,38,37,1
24442,38,37,1
24443,38,37,1
24444,38,37,1
24445,38,37,1
24446,38,37,1
24447,28,14,14
24451,13,4,9
24455,28,14,14
24456,2,2,0
24463,23,15,8
24464,23,15,8
24465,23,15,8
24466,13,10,3
24468,13,10,3
24474,33,30,3
24475,33,30,3
24476,33,30,3
24477,33,30,3
24478,6,1,5
24479,6,2,4
24480,6,2,4
24481,6,2,4
24483,6,1,5
24484,6,2,4
24485,6,2,4
24490,8,6,2
24513,8,6,2
24521,4,0,4
24522,4,0,4
24529,4,0,4
24530,4,0,4
24533,38,32,6
24534,14,5,9
24540,3,0,3
24541,3,0,3
24542,3,0,3
24543,8,0,8
24544,8,0,8
24545,172,143,29
24556,4,4,0
24559,4,4,0
24579,172,143,29
24580,172,143,29
24581,9,8,1
24582,10,8,2
24583,10,8,2
24584,11,8,3
24585,11,8,3
24586,5,2,3
24587,5,2,3
24588,11,8,3
24589,10,2,8
24592,9,8,1
24593,2,0,2
24594,9,8,1
24595,12,12,0
24596,31,29,2
24598,11,11,0
24599,172,143,29
24600,172,143,29
24601,61,43,18
24602,19,13,6
24603,33,23,10
24604,24,17,7
24605,61,43,18
24606,61,43,18
24607,61,43,18
24608,58,46,12
24609,11,11,0
24610,16,15,1
24611,16,15,1
24612,5,5,0
24613,61,43,18
24614,61,43,18
24616,8,6,2
24617,58,46,12
24618,58,46,12
24619,87,74,13
24620,24,20,4
24622,110,83,27
24623,110,83,27
24624,43,37,6
24625,43,37,6
24626,10,9,1
24627,10,9,1
24628,109,67,42
24629,109,67,42
24630,48,37,11
24631,8,3,5
24632,8,3,5
24633,8,3,5
24634,7,2,5
24637,8,3,5
24638,2,2,0
24639,2,2,0
24640,7,2,5
24641,32,25,7
24642,32,25,7
24643,8,8,0
24644,8,8,0
24645,32,25,7
24646,32,25,7
24647,37,35,2
24650,37,35,2
24651,17,11,6
24652,7,7,0
24653,1,0,1
24654,1,0,1
24655,7,7,0
24656,12,6,6
24658,10,7,3
24659,10,7,3
24660,8,6,2
24661,46,44,2
24662,37,31,6
24663,8,6,2
24664,14,9,5
24665,14,9,5
24666,37,31,6
24667,2,2,0
24668,2,2,0
24669,36,18,18
24670,36,18,18
24671,36,18,18
24673,20,13,7
24674,35,18,17
24675,35,18,17
24676,8,6,2
24678,18,11,7
24679,18,11,7
24680,8,6,2
24681,8,6,2
24682,8,6,2
24683,8,6,2
24684,73,66,7
24685,73,66,7
24687,72,63,9
24689,72,63,9
24690,122,94,28
24691,122,94,28
24692,4,2,2
24693,122,94,28
24694,122,94,28
24695,20,6,14
24699,20,6,14
24700,2,2,0
24708,5,5,0
24709,5,5,0
24710,2,2,0
24711,2,2,0
24712,41,33,8
24713,41,33,8
24714,41,33,8
24715,41,33,8
24716,41,33,8
24717,41,33,8
24718,41,33,8
24719,41,33,8
24720,41,33,8
24721,23,9,14
24723,29,10,19
24724,11,10,1
24725,11,10,1
24726,7,6,1
24727,11,10,1
24728,41,33,8
24729,41,33,8
24730,41,33,8
24731,14,10,4
24732,14,10,4
24733,14,10,4
24734,11,7,4
24735,33,9,24
24736,33,9,24
24737,19,8,11
24738,13,8,5
24739,41,33,8
24740,27,23,4
24744,7,7,0
24745,7,7,0
24746,4,4,0
24748,4,4,0
24750,28,18,10
24751,28,18,10
24752,108,91,17
24754,108,91,17
24757,7,5,2
24758,39,33,6
24759,39,33,6
24760,58,35,23
24762,58,35,23
24763,90,86,4
24765,5,5,0
24766,5,5,0
24767,2,2,0
24768,2,2,0
24769,90,86,4
24770,90,86,4
24771,90,86,4
24772,90,86,4
24773,90,86,4
24774,251,174,77
24775,1,0,1
24779,7,7,0
24786,1,0,1
24787,3,3,0
24788,3,3,0
24792,20,18,2
24793,20,18,2
24794,36,20,16
24795,28,26,2
24796,5,5,0
24797,2,2,0
24798,36,20,16
24799,28,26,2
24800,12,10,2
24801,28,26,2
24802,28,26,2
24803,28,26,2
24804,28,26,2
24807,8,4,4
24809,1,0,1
24810,1,0,1
24838,21,11,10
24840,42,25,17
24841,42,25,17
24842,14,6,8
24843,14,6,8
24844,47,41,6
24845,16,10,6
24846,16,10,6
24847,4,2,2
24848,3,1,2
24849,10,9,1
24850,10,9,1
24858,34,24,10
24859,34,24,10
24860,41,37,4
24861,41,37,4
24862,41,37,4
24863,41,37,4
24864,3,3,0
24865,3,3,0
24866,10,10,0
24867,10,10,0
24868,163,125,38
24869,10,9,1
24870,10,8,2
24871,27,20,7
24872,47,37,10
24873,47,37,10
24874,31,22,9
24875,81,58,23
24878,81,58,23
24879,80,64,16
24880,15,15,0
24881,14,6,8
24882,80,64,16
24883,163,125,38
24886,1,0,1
24887,89,74,15
24888,18,12,6
24889,9,7,2
24890,9,7,2
24891,10,8,2
24892,13,3,10
24893,13,3,10
24894,13,11,2
24898,18,12,6
24899,13,11,2
24900,13,11,2
24901,13,11,2
24902,13,11,2
24903,89,74,15
24908,12,10,2
24909,12,10,2
24911,5,2,3
24912,1,0,1
24913,25,21,4
24914,1,0,1
24915,30,25,5
24916,30,25,5
24917,26,21,5
24918,26,21,5
24919,5,2,3
24920,5,2,3
24921,26,21,5
24922,37,16,21
24923,1,1,0
24924,37,16,21
24925,21,18,3
24927,22,19,3
24928,22,19,3
24929,2,0,2
24930,21,18,3
24931,21,18,3
24932,21,18,3
24933,21,18,3
24934,21,18,3
24935,21,18,3
24936,21,18,3
24937,21,18,3
24938,21,18,3
24939,21,18,3
24940,21,18,3
24941,21,18,3
24942,2,2,0
24943,5,5,0
24944,5,5,0
24945,7,7,0
24946,7,7,0
24947,49,36,13
24975,20,14,6
24976,3,1,2
24977,19,14,5
24978,16,13,3
24979,20,14,6
24980,33,9,24
24981,24,14,10
24982,33,9,24
24983,24,14,10
24984,24,14,10
24985,24,14,10
24986,24,14,10
24987,24,14,10
24988,24,14,10
24989,24,14,10
24990,24,14,10
24992,87,81,6
25019,87,81,6
25022,11,11,0
25023,8,8,0
25024,8,8,0
25026,95,75,20
25027,88,73,15
25028,13,11,2
25029,124,107,17
25030,124,107,17
25031,124,107,17
25032,53,45,8
25122,164,112,52
25123,164,112,52
25124,164,112,52
25125,105,95,10
25126,20,20,0
25127,20,20,0
25128,164,112,52
25129,164,112,52
25130,4,4,0
25131,4,4,0
25132,5,4,1
25133,5,4,1
25134,5,4,1
25135,44,33,11
25136,105,95,10
25137,22,14,8
25138,79,65,14
25139,79,65,14
25140,79,65,14
25141,43,32,11
25142,43,32,11
25143,8,5,3
25145,8,6,2
25146,45,35,10
25147,105,95,10
25148,105,95,10
25149,105,95,10
25150,105,95,10
25151,105,95,10
25152,105,95,10
25153,105,95,10
25154,105,95,10
25155,251,174,77
25156,14,9,5
25157,1,0,1
25158,13,8,5
25159,13,8,5
25160,12,8,4
25161,12,8,4
25162,13,3,10
25163,13,3,10
25165,13,3,10
25166,9,5,4
25167,13,3,10
25168,2,0,2
25169,9,5,4
25170,9,5,4
25171,9,5,4
25172,9,5,4
25173,15,13,2
25174,15,13,2
25191,29,15,14
25197,29,15,14
25198,4,4,0
25199,56,43,13
25210,63,49,14
25211,63,49,14
25212,63,49,14
25213,63,49,14
25214,54,44,10
25215,5,0,5
25216,5,0,5
25217,153,99,54
25218,153,99,54
25219,100,76,24
25220,12,11,1
25221,25,21,4
25222,25,21,4
25223,25,21,4
25224,12,11,1
25225,4,1,3
25226,4,1,3
25227,153,99,54
25228,100,76,24
25229,14,10,4
25230,14,10,4
25231,37,22,15
25232,15,10,5
25234,66,54,12
25240,4,2,2
25241,4,3,1
25242,4,3,1
25243,3,3,0
25244,11,6,5
25245,11,6,5
25256,11,6,5
25259,1,0,1
25260,57,48,9
25261,56,43,13
25262,25,15,10
25263,100,76,24
25264,100,76,24
25265,100,76,24
25268,100,76,24
25269,100,76,24
25270,100,76,24
25271,100,76,24
25273,100,76,24
25274,100,76,24
25275,100,76,24
25278,15,13,2
25280,37,32,5
25281,37,32,5
25282,6,4,2
25283,7,5,2
25284,7,5,2
25285,7,5,2
25286,7,5,2
25288,7,5,2
25289,7,5,2
25309,7,5,2
25310,7,5,2
25311,12,12,0
25312,12,12,0
25314,4,3,1
25315,4,3,1
25318,3,2,1
25319,3,0,3
25320,4,3,1
25322,4,3,1
25323,3,2,1
25324,3,2,1
25325,5,3,2
25326,5,3,2
25327,81,52,29
25330,88,39,49
25331,88,39,49
25332,26,22,4
25333,40,20,20
25334,40,20,20
25336,40,20,20
25337,40,20,20
25340,40,20,20
25341,40,20,20
25343,30,14,16
25344,1,0,1
25345,1,0,1
25348,16,4,12
25349,6,6,0
25350,6,6,0
25351,6,4,2
25352,6,4,2
25353,3,0,3
25354,3,0,3
25355,6,4,2
25358,6,6,0
25360,6,6,0
25361,16,4,12
25362,40,20,20
25363,40,20,20
25381,49,29,20
25382,27,17,10
25383,32,24,8
25384,32,24,8
25385,32,24,8
25386,31,26,5
25387,49,29,20
25388,4,0,4
25389,4,0,4
25390,4,0,4
25391,49,29,20
25392,73,40,33
25393,16,13,3
25394,4,4,0
25395,4,4,0
25396,73,40,33
25397,3,1,2
25398,28,15,13
25399,28,15,13
25400,25,8,17
25401,5,2,3
25402,5,2,3
25403,28,15,13
25404,25,8,17
25405,49,29,20
25406,24,10,14
25407,19,0,19
25408,5,0,5
25409,5,0,5
25410,19,0,19
25411,19,0,19
25412,19,0,19
25413,9,6,3
25414,73,40,33
25415,73,40,33
25416,73,40,33
25417,69,45,24
25429,5,5,0
25430,5,5,0
25431,69,45,24
25432,44,27,17
25433,21,14,7
25434,44,27,17
25435,44,27,17
25436,44,31,13
25437,9,9,0
25438,44,27,17
25439,27,19,8
25440,27,19,8
25441,9,6,3
25442,6,3,3
25443,6,3,3
25444,3,2,1
25445,22,16,6
25446,25,12,13
25447,7,6,1
25448,6,5,1
25449,6,5,1
25450,7,5,2
25451,7,5,2
25452,2,0,2
25453,2,0,2
25454,7,3,4
25457,7,3,4
25458,11,8,3
25460,6,6,0
25461,27,19,8
25462,21,14,7
25463,44,27,17
25464,6,4,2
25465,6,4,2
25466,44,31,13
25467,44,31,13
25468,29,19,10
25469,7,5,2
25470,46,32,14
25471,46,32,14
25472,46,32,14
25473,46,32,14
25474,36,28,8
25475,36,28,8
25476,9,6,3
25477,9,6,3
25478,36,28,8
25479,81,52,29
25480,81,52,29
25482,2,2,0
25483,7,7,0
25484,7,7,0
25495,81,52,29
25496,72,57,15
25497,11,11,0
25498,14,13,1
25499,14,13,1
25500,14,13,1
25501,14,13,1
25503,6,6,0
25504,81,52,29
25505,81,52,29
25506,46,32,14
25507,19,12,7
25508,19,12,7
25510,7,7,0
25511,72,57,15
25512,4,3,1
25514,28,19,9
25515,29,19,10
25516,15,10,5
25517,72,57,15
25518,72,57,15
25519,72,57,15
25520,72,57,15
25537,4,0,4
25538,4,0,4
25539,59,45,14
25540,72,41,31
25541,31,22,9
25542,6,2,4
25543,56,37,19
25544,56,37,19
25545,56,37,19
25546,40,27,13
25547,72,41,31
25548,72,41,31
25549,12,10,2
25550,12,10,2
25551,72,41,31
25552,80,48,32
25553,11,8,3
25554,23,13,10
25555,23,13,10
25556,23,13,10
25557,23,13,10
25558,11,8,3
25559,72,41,31
25560,72,41,31
25561,8,6,2
25562,8,6,2
25563,80,48,32
25565,4,0,4
25566,1,0,1
25567,2,1,1
25568,24,12,12
25579,3,0,3
25580,3,0,3
25582,3,0,3
25583,3,0,3
25584,32,21,11
25585,17,10,7
25586,80,48,32
25587,80,48,32
25588,80,48,32
25589,80,48,32
25590,80,48,32
25591,80,48,32
25592,80,48,32
25593,80,48,32
25594,10,4,6
25595,18,11,7
25607,27,12,15
25608,27,12,15
25617,5,4,1
25618,5,4,1
25619,3,1,2
25623,10,6,4
25626,3,3,0
25627,3,3,0
25628,5,4,1
25630,8,6,2
25631,2,2,0
25632,2,2,0
25633,8,8,0
25634,8,6,2
25635,35,20,15
25638,109,57,52
25639,109,57,52
25640,29,21,8
25641,29,21,8
25645,40,20,20
25646,40,20,20
25647,4,2,2
25650,1,1,0
25651,1,1,0
25654,44,30,14
25655,44,30,14
25658,19,15,4
25660,2,2,0
25661,19,15,4
25662,19,15,4
25663,19,15,4
25664,19,15,4
25665,19,15,4
25666,19,15,4
25667,19,15,4
25668,44,30,14
25669,44,30,14
25670,11,9,2
25672,6,4,2
25673,6,4,2
25674,11,9,2
25677,16,13,3
25678,16,13,3
25679,16,13,3
25680,16,13,3
25681,16,14,2
25682,26,13,13
25683,2,2,0
25684,2,2,0
25685,26,13,13
25686,38,30,8
25687,38,30,8
25688,16,11,5
25709,4,1,3
25710,38,30,8
25711,38,30,8
25712,38,30,8
25713,14,12,2
25714,3,2,1
25730,3,2,1
25733,48,37,11
25735,14,10,4
25746,7,5,2
25747,7,5,2
25748,6,2,4
25749,6,2,4
25750,7,5,2
25751,7,5,2
25752,48,37,11
25753,33,29,4
25754,5,3,2
25755,5,3,2
25756,33,29,4
25757,22,16,6
25758,44,30,14
25759,43,36,7
25760,44,30,14
25761,24,15,9
25772,24,15,9
25773,9,4,5
25775,9,4,5
25776,9,4,5
25777,43,36,7
25780,43,36,7
25781,60,47,13
25782,3,0,3
25789,18,18,0
25790,18,18,0
25792,6,0,6
25793,6,0,6
25794,47,38,9
25795,15,12,3
25796,15,12,3
25797,11,10,1
25798,3,0,3
25799,2,0,2
25800,2,0,2
25805,3,0,3
25806,28,22,6
25807,28,22,6
25808,28,22,6
25810,28,22,6
25811,36,28,8
25812,36,28,8
25813,36,28,8
25814,28,22,6
25815,28,22,6
25816,28,22,6
25820,3,1,2
25821,3,1,2
25822,13,9,4
25823,36,28,8
25824,1,0,1
25825,1,0,1
25826,1,1,0
25841,1,1,0
25843,9,5,4
25844,20,11,9
25845,20,11,9
25846,20,11,9
25847,4,4,0
25848,20,11,9
25850,21,17,4
25851,21,17,4
25852,8,7,1
25853,6,6,0
25854,33,28,5
25855,33,28,5
25856,12,7,5
25857,33,28,5
25858,33,28,5
25859,2,2,0
25861,6,4,2
25862,7,4,3
25863,5,4,1
25864,7,0,7
25866,6,3,3
25867,1,0,1
25868,6,3,3
25869,1,0,1
25872,33,28,5
25873,30,29,1
25874,47,38,9
25875,47,38,9
25876,47,38,9
25877,41,36,5
25878,47,38,9
25879,41,36,5
25880,41,36,5
25881,41,36,5
25882,41,36,5
25883,41,36,5
25884,41,36,5
25885,41,36,5
25886,11,6,5
25887,40,31,9
25888,65,37,28
25889,65,37,28
25890,65,37,28
25891,27,12,15
25892,27,12,15
25895,27,12,15
25896,2,0,2
25897,27,12,15
25898,27,12,15
25899,55,22,33
25900,26,19,7
25901,2,0,2
25902,27,17,10
25903,27,17,10
25904,27,17,10
25905,26,20,6
25906,55,22,33
25907,55,22,33
25908,31,12,19
25909,10,5,5
25910,19,5,14
25911,19,5,14
25912,19,5,14
25913,10,5,5
25914,31,17,14
25915,1,1,0
25917,31,12,19
25918,8,2,6
25919,24,19,5
25920,55,22,33
25921,1,0,1
25922,8,0,8
25923,24,5,19
25924,24,5,19
25925,24,5,19
25926,24,5,19
25927,24,5,19
25928,24,5,19
25929,24,5,19
25930,24,5,19
25931,14,1,13
25932,31,12,19
25933,31,12,19
25934,31,12,19
25935,31,12,19
25936,31,12,19
25937,31,12,19
25938,31,12,19
25939,31,12,19
25940,31,12,19
25941,31,12,19
25942,27,23,4
25947,27,23,4
25948,18,13,5
25949,17,13,4
25950,17,13,4
25951,17,13,4
25952,17,13,4
25953,16,1,15
25954,16,1,15
25955,10,5,5
25956,16,1,15
25957,16,1,15
25958,1,0,1
25959,10,5,5
25960,10,5,5
25961,10,5,5
25962,10,5,5
25963,10,5,5
25964,10,5,5
25965,10,5,5
25966,10,5,5
25970,4,0,4
25974,13,7,6
25975,13,7,6
25979,109,57,52
25984,6,2,4
25985,9,5,4
25986,4,1,3
25987,4,1,3
25989,9,5,4
25996,109,57,52
25997,65,37,28
26011,152,101,51
26035,11,11,0
26036,4,4,0
26045,30,26,4
26046,30,26,4
26047,27,4,23
26048,30,26,4
26049,30,26,4
26050,27,4,23
26080,3,3,0
26081,13,5,8
26082,9,3,6
26083,30,10,20
26084,6,2,4
26085,6,2,4
26086,30,10,20
26087,25,12,13
26088,2,0,2
26094,70,69,1
26096,3,3,0
26097,3,3,0
26099,8,4,4
26100,5,3,2
26101,5,3,2
26102,61,47,14
26104,10,8,2
26105,10,8,2
26106,30,26,4
26108,16,9,7
26109,1,1,0
26110,16,9,7
26111,1,0,1
26112,1,0,1
26115,30,26,4
26116,9,5,4
26117,61,47,14
26118,22,18,4
26121,22,18,4
26122,4,0,4
26127,44,40,4
26128,69,55,14
26129,38,36,2
26130,89,74,15
26131,89,74,15
26135,115,102,13
26136,115,102,13
26137,7,7,0
26138,115,102,13
26139,89,74,15
26140,89,74,15
26141,115,102,13
26144,10,3,7
26145,32,32,0
26146,32,32,0
26151,2,2,0
26152,2,2,0
26153,2,2,0
26156,2,2,0
26157,2,2,0
26158,6,6,0
26159,6,6,0
26160,2,2,0
26161,2,2,0
26163,2,2,0
26164,2,2,0
26165,32,32,0
26166,32,32,0
26168,44,40,4
26169,21,19,2
26170,21,19,2
26171,115,102,13
26172,115,102,13
26173,115,102,13
26174,115,102,13
26175,32,29,3
26176,6,0,6
26177,6,0,6
26181,42,38,4
26183,9,9,0
26184,41,38,3
26185,41,38,3
26186,4,4,0
26189,42,38,4
26190,8,8,0
26196,8,8,0
26197,8,8,0
26199,8,8,0
26200,2,0,2
26201,36,32,4
26202,36,32,4
26205,36,32,4
26206,36,32,4
26207,36,32,4
26214,36,32,4
26215,36,32,4
26216,41,35,6
26217,12,10,2
26218,12,10,2
26219,51,51,0
26220,8,8,0
26221,65,58,7
26222,65,58,7
26226,73,69,4
26227,65,58,7
26228,65,58,7
26230,15,12,3
26231,2,2,0
26234,8,8,0
26235,10,9,1
26236,7,7,0
26238,13,13,0
26239,2,1,1
26240,13,13,0
26241,13,13,0
26242,13,13,0
26243,29,29,0
26244,73,69,4
26245,73,69,4
26246,73,69,4
26247,73,69,4
26248,73,69,4
26249,73,69,4
26250,1,0,1
26251,73,69,4
26252,73,69,4
26264,76,66,10
26266,76,66,10
26280,12,12,0
26287,11,7,4
26288,11,7,4
26289,12,4,8
26290,12,4,8
26292,12,4,8
26293,19,16,3
26299,12,4,8
26300,12,4,8
26302,11,7,4
26303,11,7,4
26304,19,16,3
26305,15,10,5
26306,19,16,3
26307,19,16,3
26308,19,16,3
26309,19,16,3
26314,1,1,0
26315,6,4,2
26316,6,4,2
26317,7,5,2
26320,11,3,8
26321,11,3,8
26322,10,7,3
26323,7,5,2
26324,10,7,3
26325,39,37,2
26326,6,5,1
26327,6,5,1
26328,37,36,1
26329,37,36,1
26330,37,36,1
26331,37,36,1
26332,29,29,0
26335,52,52,0
26336,52,52,0
26339,52,52,0
26340,56,56,0
26341,9,9,0
26342,6,6,0
26343,6,6,0
26344,6,6,0
26345,6,6,0
26346,7,7,0
26347,8,8,0
26348,52,52,0
26349,52,52,0
26350,7,7,0
26351,7,7,0
26352,5,5,0
26353,56,56,0
26359,38,37,1
26360,17,13,4
26361,56,56,0
26362,56,56,0
26363,56,56,0
26364,56,56,0
26365,56,56,0
26366,56,56,0
26367,2,0,2
26380,1,0,1
26381,1,0,1
26382,60,33,27
26383,60,33,27
26384,6,2,4
26385,6,2,4
26386,8,0,8
26387,6,2,4
26388,6,2,4
26389,8,0,8
26392,1,0,1
26394,110,69,41
26395,21,16,5
26396,21,15,6
26397,21,15,6
26398,21,15,6
26399,21,15,6
26400,22,16,6
26401,22,16,6
26402,2,0,2
26403,40,14,26
26404,40,14,26
26405,40,14,26
26406,18,9,9
26412,40,14,26
26413,40,14,26
26414,3,3,0
26415,3,3,0
26418,18,9,9
26419,10,0,10
26420,3,3,0
26421,3,3,0
26422,21,16,5
26423,9,5,4
26424,18,9,9
26425,18,9,9
26426,18,9,9
26427,18,9,9
26428,18,9,9
26429,18,9,9
26430,18,9,9
26431,18,9,9
26432,44,33,11
26435,20,0,20
26436,20,0,20
26437,11,7,4
26445,20,0,20
26446,1,1,0
26447,11,7,4
26448,10,10,0
26449,10,0,10
26450,4,1,3
26451,11,7,4
26452,11,7,4
26453,11,7,4
26454,11,7,4
26455,11,7,4
26456,11,7,4
26457,11,7,4
26458,11,7,4
26459,44,33,11
26460,44,33,11
26461,44,33,11
26464,20,15,5
26465,1,0,1
26466,1,0,1
26467,17,13,4
26468,17,13,4
26469,17,13,4
26470,18,15,3
26471,21,17,4
26472,67,43,24
26473,110,69,41
26474,38,24,14
26475,38,24,14
26476,52,32,20
26477,52,32,20
26478,100,94,6
26480,2,2,0
26481,69,57,12
26482,69,57,12
26486,1,0,1
26487,1,0,1
26489,35,33,2
26499,49,44,5
26501,25,17,8
26502,25,17,8
26503,25,17,8
26504,25,17,8
26505,96,81,15
26509,23,17,6
26510,23,17,6
26511,69,57,12
26512,1,1,0
26540,1,1,0
26541,15,9,6
26542,15,9,6
26544,88,73,15
26545,88,73,15
26546,88,73,15
26547,88,73,15
26548,62,52,10
26549,62,52,10
26550,62,52,10
26551,20,15,5
26552,20,15,5
26553,20,15,5
26554,20,15,5
26555,62,52,10
26556,62,52,10
26560,69,57,12
26572,100,94,6
26573,100,94,6
26574,11,8,3
26575,11,8,3
26576,16,6,10
26577,16,6,10
26578,12,9,3
26579,16,6,10
26582,12,9,3
26586,5,5,0
26605,1,1,0
26618,12,9,3
26621,12,9,3
26622,12,9,3
26623,12,9,3
26624,12,9,3
26625,100,94,6
26626,147,123,24
26627,12,12,0
26628,21,18,3
26629,21,18,3
26630,21,18,3
26631,12,12,0
26632,3,0,3
26633,3,0,3
26634,13,13,0
26635,11,11,0
26636,100,94,6
26637,100,94,6
26638,88,73,15
26640,5,5,0
26641,4,3,1
26642,88,73,15
26643,43,32,11
26644,5,5,0
26645,5,5,0
26646,21,21,0
26647,21,21,0
26648,10,9,1
26649,88,73,15
26650,88,73,15
26651,147,123,24
26652,27,18,9
26653,27,18,9
26654,27,18,9
26655,2,1,1
26658,26,24,2
26659,26,24,2
26660,12,8,4
26664,53,48,5
26665,9,8,1
26666,16,11,5
26667,19,11,8
26668,16,11,5
26669,19,11,8
26670,19,11,8
26673,14,12,2
26677,21,20,1
26678,21,20,1
26679,16,8,8
26680,16,8,8
26681,14,6,8
26682,14,6,8
26683,56,34,22
26684,147,123,24
26685,147,123,24
26686,147,123,24
26697,147,123,24
26711,67,58,9
26716,9,1,8
26718,9,1,8
26719,5,2,3
26720,5,2,3
26723,5,2,3
26724,5,2,3
26725,4,4,0
26726,4,4,0
26727,7,1,6
26728,7,1,6
26731,7,1,6
26732,7,5,2
26736,53,48,5
26752,5,3,2
26753,5,3,2
26754,15,12,3
26760,15,0,15
26761,15,0,15
26762,5,3,2
26764,5,3,2
26765,14,12,2
26766,1,0,1
26767,5,3,2
26768,5,3,2
26769,5,3,2
26770,5,3,2
26771,5,3,2
26772,5,3,2
26773,5,3,2
26774,5,3,2
26775,5,3,2
26776,2,2,0
26777,2,2,0
26778,13,13,0
26779,13,13,0
26783,53,48,5
26789,25,24,1
26790,22,19,3
26791,22,19,3
26792,22,19,3
26793,19,18,1
26794,19,18,1
26795,19,18,1
26796,5,0,5
26797,19,18,1
26798,19,18,1
26802,18,14,4
26804,18,14,4
26805,24,15,9
26806,24,15,9
26809,9,6,3
26810,9,6,3
26811,23,23,0
26812,23,23,0
26813,12,2,10
26814,12,2,10
26815,23,23,0
26818,11,11,0
26819,12,2,10
26820,12,2,10
26821,12,2,10
26822,12,2,10
26823,3,0,3
26824,24,15,9
26825,24,15,9
26826,24,15,9
26827,24,15,9
26828,24,15,9
26829,24,15,9
26830,24,15,9
26831,24,15,9
26832,67,58,9
26838,8,8,0
26839,8,8,0
26860,100,94,6
26862,2,2,0
26863,30,14,16
26864,3,0,3
26865,13,8,5
26866,1,0,1
26867,1,0,1
26868,10,7,3
26869,10,7,3
26870,11,8,3
26871,11,1,10
26872,11,1,10
26873,7,4,3
26874,11,1,10
26876,7,4,3
26877,7,4,3
26878,7,4,3
26879,7,4,3
26880,30,14,16
26882,2,2,0
26883,2,2,0
26886,56,34,22
26887,56,34,22
26888,147,123,24
26891,1,1,0
26892,1,0,1
26894,4,3,1
26897,83,79,4
26898,49,47,2
26899,12,10,2
26900,12,10,2
26902,31,25,6
26903,49,47,2
26907,30,23,7
26908,30,23,7
26909,4,2,2
26910,4,2,2
26911,5,3,2
26913,30,23,7
26914,30,23,7
26915,21,14,7
26916,21,14,7
26917,21,14,7
26918,19,12,7
26919,19,12,7
26920,19,12,7
26921,5,0,5
26922,5,0,5
26923,5,0,5
26924,5,0,5
26925,19,12,7
26926,19,12,7
26927,22,1,21
26928,22,1,21
26929,22,1,21
26930,21,16,5
26931,3,2,1
26932,4,3,1
26933,8,5,3
26934,26,19,7
26935,22,16,6
26936,8,7,1
26937,9,5,4
26938,9,5,4
26939,9,5,4
26940,9,5,4
26941,8,7,1
26942,29,16,13
26943,12,9,3
26944,1,0,1
26945,10,8,2
26946,10,8,2
26947,16,13,3
26948,16,13,3
26949,16,13,3
26950,16,13,3
26951,26,19,7
26952,55,34,21
26953,55,34,21
26954,7,7,0
26955,39,32,7
26956,4,4,0
26959,26,17,9
26960,25,20,5
26963,25,20,5
26964,26,21,5
26965,2,0,2
26966,2,0,2
26967,2,0,2
26968,2,0,2
26969,26,17,9
26972,26,6,20
26973,26,6,20
26974,26,6,20
26975,21,16,5
26979,26,6,20
26980,26,6,20
26981,21,16,5
26982,22,17,5
26983,21,16,5
26984,21,16,5
26985,21,16,5
26986,21,16,5
26987,21,16,5
26988,21,16,5
26989,21,16,5
26990,21,16,5
26991,21,16,5
26992,21,16,5
26993,39,32,7
26995,31,20,11
26996,31,23,8
26997,31,23,8
26998,31,23,8
26999,29,22,7
27000,29,22,7
27001,29,22,7
27002,33,10,23
27003,33,10,23
27004,33,10,23
27005,33,10,23
27006,25,18,7
27007,6,6,0
27008,4,4,0
27009,4,4,0
27010,4,4,0
27011,4,4,0
27012,6,6,0
27013,7,7,0
27014,33,10,23
27015,33,10,23
27016,33,10,23
27017,25,18,7
27018,25,18,7
27019,31,20,11
27020,4,1,3
27021,25,18,7
27022,25,18,7
27023,25,18,7
27024,25,18,7
27025,25,18,7
27026,25,18,7
27027,25,18,7
27028,25,18,7
27029,27,25,2
27031,5,5,0
27045,21,15,6
27046,21,15,6
27047,21,15,6
27048,21,15,6
27049,21,15,6
27051,21,15,6
27052,21,15,6
27054,1,1,0
27055,33,23,10
27056,15,13,2
27057,15,13,2
27058,9,6,3
27060,33,28,5
27061,37,31,6
27062,37,31,6
27063,37,31,6
27064,37,31,6
27065,31,25,6
27066,31,25,6
27067,31,25,6
27068,12,6,6
27069,31,25,6
27070,31,25,6
27071,41,12,29
27072,41,12,29
27075,41,12,29
27076,35,29,6
27086,41,12,29
27087,41,12,29
27088,3,3,0
27089,3,3,0
27090,35,29,6
27091,12,2,10
27092,4,3,1
27095,6,1,5
27096,6,1,5
27097,6,2,4
27098,6,1,5
27099,6,1,5
27100,6,2,4
27101,6,2,4
27102,6,2,4
27103,6,2,4
27104,30,25,5
27105,33,27,6
27106,30,25,5
27108,33,28,5
27109,9,5,4
27110,35,29,6
27111,35,29,6
27112,35,29,6
27113,35,29,6
27114,35,29,6
27115,35,29,6
27116,35,29,6
27117,35,29,6
27118,83,79,4
27119,83,79,4
27121,35,12,23
27124,35,12,23
27125,37,33,4
27137,35,12,23
27138,37,33,4
27139,10,4,6
27140,8,7,1
27141,9,5,4
27142,37,33,4
27143,37,33,4
27144,37,33,4
27145,37,33,4
27146,4,1,3
27148,23,20,3
27151,48,37,11
27152,48,37,11
27153,48,37,11
27154,48,37,11
27155,18,16,2
27156,25,21,4
27157,25,21,4
27158,6,2,4
27159,6,2,4
27160,25,21,4
27161,25,21,4
27162,26,24,2
27166,40,24,16
27167,40,24,16
27168,31,29,2
27172,31,29,2
27173,3,3,0
27174,31,29,2
27175,31,29,2
27176,31,29,2
27177,31,29,2
27178,24,19,5
27179,27,23,4
27180,27,23,4
27181,27,23,4
27182,27,23,4
27183,27,22,5
27184,27,22,5
27185,27,22,5
27186,5,1,4
27187,5,1,4
27188,27,22,5
27189,24,19,5
27190,23,19,4
27191,4,1,3
27192,24,19,5
27193,12,0,12
27194,12,0,12
27195,12,0,12
27196,12,7,5
27197,12,0,12
27210,1,1,0
27211,1,1,0
27212,4,2,2
27213,12,7,5
27214,12,8,4
27215,11,4,7
27216,11,4,7
27217,11,4,7
27218,5,0,5
27219,5,0,5
27220,5,0,5
27221,11,4,7
27222,11,4,7
27223,12,8,4
27224,67,57,10
27225,67,57,10
27226,22,10,12
27227,22,10,12
27228,22,10,12
27229,13,7,6
27230,13,7,6
27231,13,7,6
27232,31,18,13
27233,31,18,13
27234,31,18,13
27235,25,17,8
27236,4,2,2
27237,3,2,1
27238,14,8,6
27239,8,7,1
27240,12,7,5
27241,12,7,5
27242,12,7,5
27243,12,7,5
27244,8,7,1
27245,24,9,15
27246,11,8,3
27250,22,16,6
27251,53,37,16
27252,53,37,16
27255,20,12,8
27256,20,12,8
27257,5,3,2
27260,5,3,2
27264,6,4,2
27268,6,4,2
27270,4,4,0
27271,4,4,0
27273,53,37,16
27274,12,7,5
27275,12,7,5
27277,12,7,5
27278,12,7,5
27279,7,5,2
27280,7,5,2
27284,3,3,0
27289,3,3,0
27290,5,3,2
27291,7,3,4
27292,49,42,7
27293,3,3,0
27294,15,15,0
27295,15,15,0
27307,6,2,4
27308,6,2,4
27309,6,1,5
27310,6,1,5
27311,6,1,5
27312,6,1,5
27326,23,17,6
27327,3,0,3
27328,3,0,3
27329,3,0,3
27330,23,17,6
27339,9,2,7
27340,9,2,7
27342,1,1,0
27343,1,1,0
27348,20,16,4
27349,18,14,4
27350,18,14,4
27351,18,14,4
27352,18,14,4
27353,23,17,6
27354,2,0,2
27355,20,0,20
27356,20,0,20
27357,15,11,4
27365,20,0,20
27366,15,11,4
27367,9,1,8
27368,2,1,1
27369,23,19,4
27370,20,16,4
27371,4,0,4
27372,15,11,4
27373,15,11,4
27374,15,11,4
27375,15,11,4
27376,15,11,4
27377,15,11,4
27378,5,5,0
27379,5,5,0
27380,3,3,0
27385,11,11,0
27388,15,15,0
27389,15,15,0
27394,14,12,2
27395,10,9,1
27396,2,2,0
27397,3,3,0
27398,31,22,9
27399,31,22,9
27418,53,37,16
27432,3,0,3
27433,3,0,3
27434,13,5,8
27435,13,5,8
27436,8,6,2
27437,8,6,2
27438,7,3,4
27442,7,3,4
27443,26,23,3
27447,23,18,5
27448,23,18,5
27449,23,18,5
27450,23,18,5
27451,1,1,0
27452,1,1,0
27453,4,2,2
27454,4,2,2
27455,5,3,2
27456,15,0,15
27457,15,0,15
27458,7,5,2
27459,23,18,5
27460,27,22,5
27461,27,22,5
27470,23,18,5
27476,31,4,27
27477,31,4,27
27478,25,21,4
27484,31,4,27
27485,25,21,4
27486,11,1,10
27487,3,2,1
27489,29,25,4
27490,27,22,5
27491,27,22,5
27503,25,22,3
27504,25,22,3
27506,25,21,4
27507,25,21,4
27508,25,21,4
27509,25,21,4
27510,25,21,4
27511,25,21,4
27512,25,21,4
27513,25,21,4
27514,23,18,5
27515,1,1,0
27516,27,27,0
27517,27,27,0
27518,27,27,0
27519,27,27,0
27520,27,27,0
27521,27,27,0
27522,27,27,0
27523,8,4,4
27529,8,4,4
27530,9,3,6
27531,3,1,2
27532,6,4,2
27533,9,3,6
27534,8,4,4
27535,8,6,2
27536,8,6,2
27537,8,6,2
27538,9,5,4
27539,9,5,4
27540,3,0,3
27541,3,0,3
27542,9,5,4
27543,14,2,12
27544,14,2,12
27545,9,7,2
27546,9,7,2
27547,8,4,4
27552,17,15,2
27553,19,16,3
27554,19,16,3
27555,19,16,3
27556,18,16,2
27562,19,3,16
27563,19,3,16
27564,25,23,2
27568,25,23,2
27569,17,15,2
27570,4,1,3
27571,25,23,2
27572,25,23,2
27573,25,23,2
27574,25,23,2
27575,25,23,2
27576,25,23,2
27577,25,23,2
27578,25,23,2
27579,10,5,5
27580,6,4,2
27584,10,5,5
27585,6,4,2
27586,6,4,2
27587,6,4,2
27588,6,4,2
27589,6,5,1
27590,13,5,8
27591,22,21,1
27592,22,21,1
27593,8,8,0
27594,8,8,0
27595,4,3,1
27596,17,8,9
27597,21,11,10
27598,7,5,2
27599,7,5,2
27600,7,5,2
27602,5,2,3
27603,5,2,3
27604,10,4,6
27605,10,4,6
27606,5,2,3
27607,5,2,3
27608,10,4,6
27609,19,6,13
27610,19,6,13
27611,9,6,3
27612,1,0,1
27613,21,11,10
27614,21,11,10
27615,21,11,10
27617,21,11,10
27618,21,11,10
27638,8,4,4
27639,8,4,4
27640,8,4,4
27641,8,4,4
27644,35,17,18
27645,7,5,2
27646,10,8,2
27647,9,7,2
27648,9,7,2
27649,9,7,2
27650,11,9,2
27651,12,0,12
27652,12,0,12
27653,8,6,2
27655,8,6,2
27656,7,5,2
27657,10,8,2
27658,8,6,2
27659,8,6,2
27660,18,15,3
27661,17,13,4
27662,17,13,4
27663,17,13,4
27664,20,17,3
27665,21,4,17
27666,21,4,17
27667,9,6,3
27671,21,4,17
27672,9,6,3
27673,1,0,1
27674,19,15,4
27675,3,0,3
27676,9,6,3
27677,9,6,3
27678,9,6,3
27679,9,6,3
27680,9,6,3
27681,9,6,3
27682,9,6,3
27683,9,6,3
27684,11,10,1
27685,10,9,1
27686,10,9,1
27687,10,9,1
27688,10,9,1
27689,9,9,0
27690,9,7,2
27691,9,7,2
27692,13,12,1
27695,9,7,2
27696,1,1,0
27697,1,1,0
27699,13,12,1
27700,6,1,5
27701,9,9,0
27702,11,10,1
27703,7,3,4
27704,13,12,1
27705,18,18,0
27706,18,18,0
27707,18,18,0
27708,18,8,10
27709,18,8,10
27713,18,8,10
27714,18,8,10
27715,18,8,10
27716,3,3,0
27721,3,3,0
27722,12,12,0
27723,14,13,1
27724,14,13,1
27725,14,13,1
27726,14,13,1
27727,18,15,3
27728,11,10,1
27736,11,10,1
27737,7,1,6
27738,13,13,0
27740,5,1,4
27741,11,10,1
27742,11,10,1
27743,11,10,1
27744,11,10,1
27745,25,20,5
27747,6,6,0
27748,18,12,6
27749,16,11,5
27750,16,11,5
27751,16,11,5
27752,16,11,5
27753,18,13,5
27754,2,0,2
27755,17,2,15
27756,17,2,15
27765,17,2,15
27766,17,11,6
27776,17,2,15
27777,17,2,15
27778,17,11,6
27779,6,1,5
27780,2,1,1
27781,18,12,6
27782,18,12,6
27783,17,11,6
27784,17,11,6
27785,17,11,6
27786,26,23,3
27787,24,20,4
27788,24,20,4
27789,24,20,4
27790,24,20,4
27791,27,20,7
27792,27,20,7
27793,27,20,7
27794,9,4,5
27795,9,4,5
27796,9,4,5
27797,9,4,5
27798,27,20,7
27799,27,20,7
27800,25,0,25
27801,25,0,25
27802,15,11,4
27807,25,0,25
27808,1,1,0
27809,15,11,4
27810,16,3,13
27811,2,1,1
27812,4,4,0
27813,4,4,0
27814,4,4,0
27815,4,4,0
27821,27,23,4
27822,7,5,2
27828,5,1,4
27829,15,11,4
27830,15,11,4
27831,15,11,4
27832,15,11,4
27833,15,11,4
27834,15,11,4
27835,15,11,4
27836,15,11,4
27837,15,11,4
27838,15,11,4
27839,15,11,4
27840,16,7,9
27841,16,7,9
27842,2,1,1
27843,2,1,1
27852,7,5,2
27865,7,5,2
27870,3,3,0
27871,3,3,0
27872,3,3,0
27874,14,4,10
27875,14,4,10
27876,3,0,3
27877,14,4,10
27888,3,0,3
27889,3,0,3
27890,3,0,3
27891,3,0,3
27892,3,0,3
27893,3,0,3
27894,3,0,3
27895,18,15,3
27896,21,17,4
27897,19,16,3
27898,19,16,3
27899,26,6,20
27900,26,6,20
27901,7,4,3
27902,7,4,3
27903,1,0,1
27904,7,4,3
27905,7,4,3
27906,7,4,3
27907,7,4,3
27908,7,4,3
27909,7,4,3
27910,7,4,3
27911,7,4,3
27912,7,4,3
27913,7,4,3
27914,12,8,4
27915,16,5,11
27916,16,5,11
27917,13,5,8
27918,13,5,8
27919,13,5,8
27920,13,5,8
27921,22,17,5
27922,16,5,11
27923,8,5,3
27924,8,5,3
27925,10,5,5
27926,10,5,5
27927,9,4,5
27928,9,4,5
27929,3,0,3
27930,3,0,3
27931,9,4,5
27932,9,0,9
27933,9,0,9
27934,9,0,9
27935,10,6,4
27936,1,0,1
27937,4,1,3
27938,4,1,3
27939,12,6,6
27940,3,2,1
27941,6,2,4
27942,5,2,3
27943,5,2,3
27944,5,1,4
27945,5,1,4
27949,5,2,3
27950,5,2,3
27959,26,6,20
27960,16,5,11
27961,88,62,26
27972,3,0,3
27973,3,0,3
27974,3,0,3
27975,3,0,3
27976,12,8,4
27977,71,55,16
27978,71,55,16
27979,71,55,16
27980,71,55,16
27981,69,49,20
27982,69,49,20
27983,69,49,20
27984,96,43,53
27985,96,43,53
27989,2,0,2
27990,96,43,53
27991,106,86,20
27992,23,17,6
27993,26,23,3
27994,26,23,3
27995,26,23,3
27996,26,23,3
27997,23,17,6
27998,23,16,7
27999,18,17,1
28000,18,17,1
28001,96,43,53
28002,96,43,53
28004,19,13,6
28005,19,13,6
28006,106,86,20
28007,46,32,14
28008,21,9,12
28009,21,9,12
28010,10,9,1
28011,4,2,2
28012,4,2,2
28013,69,55,14
28014,88,62,26
28015,42,24,18
28016,106,86,20
28017,106,86,20
28018,106,86,20
28019,106,86,20
28035,5,4,1
28037,1,0,1
28041,16,15,1
28042,16,15,1
28043,14,9,5
28044,14,9,5
28045,7,0,7
28046,7,2,5
28047,7,2,5
28048,7,0,7
28049,6,2,4
28050,6,2,4
28051,7,0,7
28061,12,4,8
28062,12,4,8
28063,96,43,53
28064,96,43,53
28065,16,4,12
28066,16,4,12
28067,21,13,8
28068,21,13,8
28069,4,2,2
28070,4,2,2
28071,106,86,20
28072,106,86,20
28073,31,18,13
28074,31,18,13
28075,1,1,0
28084,1,1,0
28085,3,3,0
28086,121,97,24
28087,121,97,24
28088,121,97,24
28089,29,26,3
28090,29,26,3
28091,18,11,7
28092,18,11,7
28093,29,26,3
28094,24,22,2
28095,24,22,2
28097,8,6,2
28098,8,6,2
28099,11,4,7
28100,11,4,7
28101,11,9,2
28104,11,9,2
28105,11,9,2
28106,11,9,2
28107,11,9,2
28109,3,2,1
28110,3,2,1
28112,23,18,5
28113,25,15,10
28114,25,15,10
28115,25,15,10
28116,25,15,10
28117,24,18,6
28123,38,14,24
28124,38,14,24
28125,13,8,5
28132,38,14,24
28133,13,8,5
28138,24,19,5
28139,13,8,5
28140,13,8,5
28141,13,8,5
28142,13,8,5
28143,13,8,5
28144,13,8,5
28145,13,8,5
28146,13,8,5
28147,13,8,5
28148,13,8,5
28149,2,2,0
28157,2,2,0
28166,18,14,4
28167,18,14,4
28168,15,10,5
28169,15,10,5
28170,21,7,14
28171,21,7,14
28172,35,25,10
28176,14,11,3
28177,4,2,2
28178,35,25,10
28179,35,25,10
28180,35,25,10
28181,35,25,10
28182,35,26,9
28183,23,20,3
28184,23,20,3
28185,20,18,2
28188,27,9,18
28189,27,9,18
28190,23,21,2
28191,23,21,2
28194,17,14,3
28195,18,16,2
28196,17,14,3
28197,35,26,9
28198,4,2,2
28199,23,21,2
28200,23,21,2
28201,23,21,2
28202,23,21,2
28203,23,21,2
28204,23,21,2
28205,23,21,2
28206,23,21,2
28213,2,0,2
28227,9,9,0
28228,17,17,0
28229,19,19,0
28230,19,19,0
28236,20,17,3
28237,20,17,3
28242,8,7,1
28243,2,0,2
28244,8,7,1
28245,8,6,2
28246,8,6,2
28247,3,0,3
28248,3,0,3
28249,8,6,2
28257,2,0,2
28258,6,6,0
28260,2,0,2
28261,6,6,0
28262,6,6,0
28263,6,6,0
28264,39,31,8
28265,12,11,1
28271,2,0,2
28273,16,5,11
28274,20,10,10
28275,20,10,10
28276,20,10,10
28277,21,12,9
28278,21,12,9
28279,3,0,3
28280,3,0,3
28281,21,12,9
28282,16,5,11
28283,16,5,11
28284,16,5,11
28285,19,11,8
28286,6,2,4
28287,20,10,10
28288,8,6,2
28289,9,4,5
28290,9,4,5
28291,9,4,5
28292,23,9,14
28293,23,9,14
28294,9,6,3
28295,5,2,3
28296,10,6,4
28297,10,6,4
28298,16,5,11
28299,2,1,1
28300,2,1,1
28302,16,5,11
28303,17,10,7
28304,16,5,11
28335,16,7,9
28336,16,7,9
28337,22,17,5
28338,22,17,5
28339,13,3,10
28340,13,3,10
28341,15,10,5
28343,16,7,9
28344,16,7,9
28345,16,11,5
28346,13,3,10
28347,13,3,10
28348,13,3,10
28349,13,8,5
28350,13,8,5
28351,10,2,8
28352,10,2,8
28353,10,2,8
28354,10,2,8
28355,6,0,6
28356,6,0,6
28358,6,0,6
28385,10,2,8
28386,10,2,8
28387,4,1,3
28388,10,2,8
28389,4,1,3
28390,4,1,3
28391,14,9,5
28392,14,9,5
28393,11,7,4
28394,11,7,4
28398,14,9,5
28399,14,9,5
28400,6,3,3
28403,8,8,0
28404,8,8,0
28405,11,11,0
28406,9,9,0
28407,9,9,0
28408,9,9,0
28409,9,9,0
28410,14,14,0
28411,14,14,0
28413,14,14,0
28414,12,12,0
28415,11,11,0
28416,14,14,0
28417,14,14,0
28418,14,14,0
28460,15,13,2
28461,16,13,3
28462,16,13,3
28463,15,13,2
28467,17,5,12
28468,17,5,12
28469,24,22,2
28471,1,1,0
28472,4,2,2
28473,24,22,2
28474,24,22,2
28475,24,22,2
28476,24,22,2
28477,24,22,2
28478,24,22,2
28479,24,22,2
28480,2,2,0
28522,11,11,0
28526,4,4,0
28528,9,9,0
28529,9,9,0
28530,11,11,0
28584,4,4,0
28585,4,4,0
28586,75,69,6
28587,75,69,6
28589,1,1,0
28613,10,7,3
28614,7,4,3
28615,7,4,3
28616,7,4,3
28617,7,4,3
28618,11,8,3
28619,12,4,8
28620,12,4,8
28621,12,4,8
28622,10,10,0
28629,15,11,4
28630,1,0,1
28638,10,7,3
28639,10,10,0
28640,10,10,0
28641,10,10,0
28644,16,15,1
28645,17,16,1
28646,17,16,1
28647,17,16,1
28648,17,16,1
28649,8,4,4
28650,8,4,4
28651,22,18,4
28652,22,18,4
28653,9,6,3
28654,9,6,3
28655,22,18,4
28656,4,2,2
28657,4,2,2
28658,8,4,4
28659,6,4,2
28660,6,4,2
28667,8,4,4
28668,23,14,9
28669,23,14,9
28670,23,23,0
28671,15,12,3
28672,18,13,5
28673,18,13,5
28674,18,13,5
28675,18,13,5
28676,15,12,3
28677,39,27,12
28678,11,10,1
28679,23,23,0
28685,1,0,1
28686,18,16,2
28687,19,17,2
28688,19,17,2
28689,20,18,2
28690,33,12,21
28692,33,12,21
28693,19,17,2
28695,22,22,0
28696,19,17,2
28697,19,17,2
28698,19,17,2
28699,19,17,2
28700,19,17,2
28701,19,17,2
28702,19,17,2
28703,19,17,2
28704,21,18,3
28705,2,2,0
28706,2,2,0
28707,32,14,18
28708,23,17,6
28709,26,18,8
28710,26,18,8
28711,26,18,8
28712,26,18,8
28713,21,18,3
28716,30,11,19
28717,30,11,19
28718,17,13,4
28725,30,11,19
28726,17,13,4
28727,1,0,1
28728,21,17,4
28729,2,0,2
28730,23,17,6
28731,4,0,4
28732,17,13,4
28733,17,13,4
28734,17,13,4
28735,17,13,4
28736,17,13,4
28737,17,13,4
28738,17,13,4
28739,17,13,4
28772,23,14,9
28773,23,14,9
28774,23,14,9
28775,11,3,8
28776,11,3,8
28778,11,3,8
28779,11,3,8
28780,23,14,9
28781,23,14,9
28782,23,14,9
28787,2,0,2
28788,16,15,1
28789,13,7,6
28790,23,23,0
28791,23,23,0
28792,23,23,0
28793,23,23,0
28799,11,3,8
28800,11,3,8
28801,10,8,2
28802,10,8,2
28803,9,6,3
28804,20,12,8
28805,4,0,4
28806,20,12,8
28807,9,6,3
28808,9,6,3
28809,9,6,3
28810,1,1,0
28811,10,8,2
28812,14,11,3
28813,22,17,5
28814,22,17,5
28815,22,17,5
28816,25,21,4
28817,25,21,4
28818,6,3,3
28819,6,3,3
28820,25,21,4
28821,22,0,22
28822,22,0,22
28823,23,20,3
28824,2,1,1
28825,4,0,4
28826,20,17,3
28827,20,17,3
28828,23,19,4
28829,6,5,1
28830,7,3,4
28831,7,3,4
28832,7,3,4
28833,28,19,9
28834,7,5,2
28835,8,6,2
28836,14,11,3
28837,14,12,2
28838,14,12,2
28839,14,12,2
28840,14,12,2
28841,14,12,2
28842,14,12,2
28843,14,12,2
28844,14,12,2
28845,20,17,3
28846,16,12,4
28847,16,12,4
28848,16,12,4
28849,16,12,4
28850,15,11,4
28852,16,4,12
28853,16,4,12
28854,16,4,12
28855,23,19,4
28860,16,4,12
28868,16,12,4
28869,23,19,4
28870,23,19,4
28871,23,19,4
28873,15,9,6
28874,10,9,1
28878,14,13,1
28879,14,13,1
28880,9,8,1
28881,18,9,9
28882,14,13,1
28884,15,9,6
28885,14,13,1
28886,14,13,1
28914,8,5,3
28915,8,5,3
28920,24,20,4
28921,2,1,1
28922,2,1,1
28927,17,14,3
28928,17,14,3
28940,16,16,0
28941,19,18,1
28942,19,18,1
28943,19,18,1
28944,21,19,2
28945,2,0,2
28946,2,0,2
28951,21,19,2
28952,13,13,0
28958,13,13,0
28959,16,16,0
28960,5,0,5
28961,13,13,0
28962,13,13,0
28963,13,13,0
28964,13,13,0
28965,13,13,0
28966,13,13,0
28967,13,13,0
28968,13,11,2
28969,13,11,2
28970,3,1,2
28971,3,1,2
29005,6,5,1
29006,6,5,1
29007,2,0,2
29021,14,8,6
29022,14,8,6
29024,7,1,6
29025,8,6,2
29031,2,2,0
29034,13,13,0
29035,13,13,0
29036,31,31,0
29064,31,31,0
29067,27,22,5
29068,27,22,5
29109,13,10,3
29110,13,10,3
29111,13,10,3
29112,14,11,3
29113,12,1,11
29114,12,1,11
29115,18,15,3
29117,12,1,11
29118,18,15,3
29119,18,15,3
29120,18,15,3
29121,18,15,3
29122,18,15,3
29123,18,15,3
29126,14,13,1
29127,16,15,1
29128,20,19,1
29133,20,6,14
29134,11,10,1
29136,11,10,1
29137,11,10,1
29138,11,10,1
29139,11,10,1
29140,11,10,1
29141,11,10,1
29142,11,10,1
29143,11,10,1
29144,11,10,1
29145,11,10,1
29146,66,59,7
29147,66,59,7
29150,7,4,3
29151,7,4,3
29152,7,4,3
29153,3,0,3
29154,3,0,3
29155,10,5,5
29156,10,5,5
29157,22,10,12
29160,22,10,12
29161,22,10,12
29169,10,6,4
29170,2,1,1
29171,4,1,3
29172,10,6,4
29173,29,26,3
29174,29,26,3
29175,29,26,3
29176,29,26,3
29177,24,22,2
29178,24,22,2
29179,24,22,2
29180,24,22,2
29181,66,59,7
29182,10,9,1
29183,10,9,1
29184,10,9,1
29185,10,9,1
29186,10,9,1
29187,10,9,1
29188,10,1,9
29189,10,9,1
29192,8,7,1
29193,8,7,1
29194,83,76,7
29195,83,76,7
29196,39,35,4
29197,39,35,4
29199,16,9,7
29200,16,9,7
29201,10,7,3
29204,10,7,3
29205,7,1,6
29206,4,3,1
29208,10,7,3
29209,10,7,3
29210,10,7,3
29211,10,7,3
29212,10,7,3
29214,5,5,0
29215,5,5,0
29216,83,76,7
29217,83,76,7
29218,6,3,3
29219,6,3,3
29220,5,4,1
29221,5,4,1
29222,2,2,0
29227,37,20,17
29228,37,20,17
29229,37,20,17
29230,37,20,17
29231,37,20,17
29232,37,20,17
29233,22,12,10
29234,37,20,17
29235,37,20,17
29236,24,14,10
29237,24,14,10
29238,24,14,10
29239,37,20,17
29242,14,4,10
29243,37,20,17
29246,41,31,10
29247,1,1,0
29248,1,1,0
29249,4,3,1
29250,2,1,1
29251,41,31,10
29252,2,2,0
29253,2,2,0
29254,14,10,4
29255,27,20,7
29256,27,20,7
29257,7,3,4
29258,7,3,4
29259,7,3,4
29260,7,3,4
29264,27,20,7
29265,2,2,0
29266,2,2,0
29267,18,14,4
29268,15,11,4
29269,15,11,4
29270,15,11,4
29271,7,2,5
29272,7,2,5
29273,7,2,5
29274,7,2,5
29275,15,11,4
29276,15,11,4
29277,17,17,0
29279,9,9,0
29280,15,12,3
29281,15,12,3
29282,27,20,7
29283,121,97,24
29284,121,97,24
29325,2,1,1
29326,12,6,6
29327,12,6,6
29334,19,8,11
29335,19,8,11
29336,17,8,9
29337,17,8,9
29338,19,8,11
29339,19,8,11
29343,13,4,9
29344,13,8,5
29345,12,5,7
29346,12,5,7
29347,12,5,7
29348,12,5,7
29349,17,8,9
29350,13,4,9
29351,13,4,9
29352,7,7,0
29353,7,7,0
29360,18,13,5
29361,13,4,9
29362,2,2,0
29363,18,13,5
29364,13,8,5
29365,2,2,0
29366,6,2,4
29367,6,2,4
29368,7,7,0
29369,7,7,0
29370,7,7,0
29371,7,7,0
29372,13,4,9
29373,35,26,9
29377,35,26,9
29378,25,18,7
29379,25,18,7
29380,25,18,7
29381,23,15,8
29382,23,15,8
29383,7,0,7
29384,7,0,7
29385,23,15,8
29386,32,7,25
29389,32,7,25
29390,32,7,25
29391,38,22,16
29392,18,11,7
29393,18,11,7
29394,18,11,7
29395,15,14,1
29396,5,4,1
29397,19,2,17
29398,9,6,3
29399,10,4,6
29400,10,4,6
29401,10,4,6
29402,10,4,6
29403,9,6,3
29404,19,2,17
29405,22,7,15
29406,2,1,1
29407,2,1,1
29408,11,7,4
29409,18,11,7
29410,8,2,6
29411,8,2,6
29412,18,11,7
29413,22,17,5
29414,18,11,7
29415,22,17,5
29416,24,18,6
29417,24,18,6
29418,24,18,6
29419,24,18,6
29420,25,20,5
29433,24,4,20
29434,24,4,20
29435,24,4,20
29436,29,23,6
29448,24,4,20
29449,24,4,20
29450,29,23,6
29451,11,1,10
29452,2,1,1
29453,24,18,6
29454,22,17,5
29455,6,2,4
29456,29,23,6
29457,29,23,6
29458,29,23,6
29459,29,23,6
29460,29,23,6
29461,29,23,6
29462,29,23,6
29463,29,23,6
29501,18,13,5
29502,17,12,5
29503,17,12,5
29504,18,13,5
29508,18,3,15
29509,18,3,15
29510,18,3,15
29511,12,7,5
29514,18,3,15
29515,18,3,15
29516,12,7,5
29517,12,7,5
29518,12,7,5
29519,12,7,5
29520,12,7,5
29521,12,7,5
29522,12,7,5
29523,12,7,5
29524,12,7,5
29546,22,22,0
29547,17,17,0
29548,17,17,0
29549,18,17,1
29550,18,17,1
29551,18,17,1
29552,18,17,1
29553,18,17,1
29554,16,14,2
29555,16,14,2
29556,3,0,3
29557,3,0,3
29558,16,14,2
29559,2,0,2
29569,12,12,0
29570,12,12,0
29571,12,12,0
29572,27,22,5
29582,12,12,0
29583,12,12,0
29584,27,22,5
29603,11,5,6
29604,2,2,0
29605,18,17,1
29606,7,3,4
29607,27,22,5
29608,27,22,5
29609,27,22,5
29610,27,22,5
29611,20,20,0
29614,22,22,0
29615,22,22,0
29616,22,22,0
29617,20,20,0
29624,15,15,0
29625,15,15,0
29626,18,18,0
29629,18,18,0
29630,2,1,1
29631,17,16,1
29632,18,18,0
29633,18,18,0
29634,18,18,0
29635,18,18,0
29636,18,18,0
29637,18,18,0
29638,18,18,0
29639,18,18,0
29640,18,18,0
29645,11,11,0
29646,11,11,0
29647,18,18,0
29648,18,18,0
29651,18,18,0
29652,18,18,0
29653,22,22,0
29654,2,2,0
29675,9,0,9
29680,4,0,4
29681,2,2,0
29682,9,6,3
29683,9,6,3
29684,31,8,23
29685,20,6,14
29686,20,6,14
29687,20,6,14
29688,20,6,14
29689,31,8,23
29690,10,4,6
29691,10,4,6
29692,15,12,3
29693,12,9,3
29694,12,9,3
29695,12,9,3
29696,12,9,3
29697,15,13,2
29700,22,4,18
29701,22,4,18
29702,10,7,3
29711,10,7,3
29712,7,1,6
29713,2,1,1
29714,15,12,3
29715,10,4,6
29716,10,4,6
29717,1,0,1
29718,4,0,4
29719,10,7,3
29720,10,7,3
29721,10,7,3
29722,10,7,3
29723,11,9,2
29724,11,9,2
29725,11,9,2
29728,11,1,10
29729,11,1,10
29730,5,3,2
29731,5,3,2
29732,5,3,2
29733,5,3,2
29734,5,3,2
29735,5,3,2
29736,5,3,2
29737,15,12,3
29738,16,12,4
29739,16,10,6
29740,16,10,6
29741,3,0,3
29742,3,0,3
29743,16,10,6
29745,15,0,15
29746,15,0,15
29747,12,5,7
29748,12,5,7
29749,12,5,7
29750,12,5,7
29751,12,5,7
29752,12,5,7
29753,12,5,7
29754,12,5,7
29867,26,11,15
29868,3,2,1
29869,3,2,1
29870,11,8,3
29871,11,8,3
29872,26,11,15
29873,23,16,7
29875,18,13,5
29876,18,13,5
29877,18,13,5
29878,18,13,5
29879,18,12,6
29880,18,12,6
29881,18,12,6
29882,5,0,5
29883,5,0,5
29884,18,12,6
29885,18,12,6
29891,21,2,19
29892,21,2,19
29893,21,2,19
29894,15,11,4
29902,21,2,19
29903,15,11,4
29904,1,0,1
29905,21,16,5
29906,1,0,1
29907,6,0,6
29908,15,11,4
29909,15,11,4
29910,15,11,4
29911,15,11,4
29912,17,14,3
29914,16,12,4
29915,16,12,4
29916,16,12,4
29917,16,12,4
29918,16,13,3
29920,27,5,22
29921,27,5,22
29922,21,18,3
29926,27,5,22
29927,21,18,3
29928,17,14,3
29929,6,2,4
29930,21,18,3
29931,21,18,3
29932,21,18,3
29935,21,18,3
29944,6,2,4
29945,6,2,4
29946,7,1,6
29947,5,2,3
29948,5,2,3
29949,7,1,6
29950,88,62,26
29984,71,55,16
29985,71,55,16
29989,71,55,16
29990,71,55,16
30010,69,49,20
30011,96,43,53
30012,96,43,53
30059,23,23,0
30060,23,23,0
30061,23,23,0
30062,6,3,3
30063,6,3,3
30064,21,19,2
30065,21,19,2
30066,21,19,2
30069,19,19,0
30071,96,43,53
30072,69,49,20
30073,69,49,20
30074,18,12,6
30075,18,12,6
30076,18,12,6
30077,18,12,6
30078,18,12,6
30079,20,15,5
30080,1,0,1
30081,30,5,25
30082,30,5,25
30085,30,5,25
30086,14,8,6
30098,30,5,25
30099,30,5,25
30100,14,8,6
30101,1,1,0
30102,9,3,6
30103,5,5,0
30104,4,3,1
30105,4,3,1
30106,20,13,7
30107,69,49,20
30108,69,49,20
30109,4,0,4
30110,14,8,6
30111,14,8,6
30112,14,8,6
30113,14,8,6
30114,24,24,0
30115,24,24,0
30116,24,24,0
30117,24,24,0
30118,24,24,0
30119,24,24,0
30120,24,24,0
30121,24,24,0
30122,24,24,0
30123,24,24,0
30124,106,86,20
30125,23,17,6
30126,26,23,3
30127,26,23,3
30128,23,17,6
30129,23,16,7
30130,18,17,1
30131,96,43,53
30132,96,43,53
30133,15,11,4
30136,13,9,4
30137,13,9,4
30138,13,9,4
30139,15,11,4
30146,16,0,16
30147,16,0,16
30148,16,0,16
30149,14,6,8
30155,16,0,16
30156,14,6,8
30157,6,0,6
30158,15,11,4
30159,14,6,8
30160,14,6,8
30161,14,6,8
30162,14,6,8
30163,19,13,6
30164,19,13,6
30165,7,5,2
30166,4,0,4
30167,4,0,4
30170,106,86,20
30175,2,2,0
30176,2,2,0
30177,15,12,3
30178,15,12,3
30179,9,9,0
30180,9,9,0
30181,9,9,0
30182,9,9,0
30184,7,2,5
30185,21,14,7
30186,21,14,7
30194,21,14,7
30205,17,8,9
30206,71,51,20
30207,71,51,20
30208,20,17,3
30209,20,17,3
30210,13,11,2
30211,14,9,5
30212,14,9,5
30213,14,9,5
30214,14,9,5
30215,15,12,3
30216,3,1,2
30220,20,17,3
30221,20,17,3
30222,5,1,4
30223,5,1,4
30225,5,1,4
30226,5,1,4
30227,20,17,3
30228,9,9,0
30229,7,7,0
30230,5,5,0
30231,5,5,0
30232,5,5,0
30233,5,5,0
30234,7,7,0
30235,11,9,2
30236,2,0,2
30237,8,8,0
30238,8,8,0
30239,20,17,3
30240,20,17,3
30241,16,5,11
30242,4,2,2
30243,3,3,0
30245,12,12,0
30246,20,17,3
30247,20,17,3
30248,1,1,0
30249,4,2,2
30250,13,11,2
30251,8,4,4
30252,9,9,0
30253,9,9,0
30254,9,9,0
30255,9,9,0
30257,10,9,1
30258,4,3,1
30259,4,2,2
30260,4,3,1
30276,21,11,10
30277,19,16,3
30278,17,13,4
30279,17,13,4
30280,17,13,4
30281,17,13,4
30282,19,16,3
30283,19,0,19
30286,19,0,19
30287,10,7,3
30293,19,0,19
30294,10,7,3
30295,1,0,1
30296,20,16,4
30297,4,0,4
30298,10,7,3
30299,10,7,3
30300,10,7,3
30301,10,7,3
30302,10,7,3
30303,10,7,3
30304,10,7,3
30305,10,7,3
30306,21,11,10
30307,34,20,14
30308,34,20,14
30365,6,4,2
30366,6,4,2
30367,6,4,2
30368,9,5,4
30369,9,5,4
30370,2,0,2
30371,2,0,2
30372,12,4,8
30373,12,4,8
30374,7,5,2
30375,7,5,2
30382,35,20,15
30383,35,20,15
30384,35,20,15
30385,7,2,5
30386,7,2,5
30387,7,2,5
30388,7,2,5
30389,7,2,5
30390,7,2,5
30391,35,20,15
30392,35,20,15
30393,7,5,2
30394,7,5,2
30396,7,5,2
30397,7,5,2
30398,56,30,26
30401,37,23,14
30431,34,20,14
30454,34,20,14
30456,34,20,14
30459,91,50,41
30460,91,50,41
30461,91,50,41
30495,1,1,0
30496,7,7,0
30565,4,1,3
30566,1,0,1
30567,1,0,1
30568,1,0,1
30583,2,2,0
30584,2,2,0
30609,8,4,4
30612,8,5,3
30613,8,5,3
30614,5,1,4
30615,5,1,4
30616,8,5,3
30617,8,5,3
30625,1,1,0
30626,1,1,0
30627,7,7,0
30628,7,7,0
30637,91,50,41
30647,43,21,22
30648,16,10,6
30649,16,10,6
30650,10,6,4
30651,8,5,3
30652,91,50,41
30653,91,50,41
30709,31,23,8
30710,8,6,2
30711,8,6,2
30714,31,23,8
30728,43,21,22
30729,43,21,22
30730,43,21,22
30731,43,21,22
30732,43,21,22
30733,43,21,22
30774,3,3,0
30783,88,62,26
30784,106,86,20
30785,106,86,20
30786,106,86,20
30787,106,86,20
30788,71,51,20
30789,14,7,7
30790,23,18,5
30791,3,0,3
30792,3,0,3
30793,23,18,5
30794,6,5,1
30795,8,5,3
30796,8,5,3
30797,6,5,1
30798,31,19,12
30799,9,7,2
30800,7,5,2
30801,7,5,2
30802,14,7,7
30803,13,10,3
30804,13,10,3
30805,13,10,3
30806,13,10,3
30807,13,10,3
30808,13,10,3
30809,13,10,3
30810,13,10,3
30811,13,10,3
30812,13,10,3
30813,26,21,5
30814,26,21,5
30815,23,18,5
30816,29,4,25
30817,29,4,25
30818,29,4,25
30819,30,25,5
30820,2,1,1
30821,3,0,3
30822,22,18,4
30823,22,18,4
30824,25,20,5
30836,6,6,0
30840,15,15,0
30841,15,15,0
30842,15,15,0
30843,6,2,4
30844,6,2,4
30845,21,17,4
30846,21,17,4
30847,16,15,1
30848,1,0,1
30850,14,14,0
30851,22,21,1
30853,1,1,0
30862,1,1,0
30868,17,17,0
30869,17,17,0
30870,17,17,0
30871,17,17,0
30872,17,17,0
30873,17,17,0
30874,17,17,0
30875,17,17,0
30876,15,5,10
30877,13,10,3
30878,13,10,3
30879,12,7,5
30880,5,2,3
30881,15,5,10
30882,12,7,5
30883,4,1,3
30884,4,1,3
30885,12,7,5
30886,11,9,2
30887,11,9,2
30889,11,9,2
30890,3,1,2
30891,11,9,2
30892,24,16,8
30893,13,7,6
30894,13,7,6
30895,13,7,6
30896,15,10,5
30899,13,4,9
30900,13,4,9
30901,13,4,9
30902,13,4,9
30903,14,8,6
30904,13,4,9
30905,14,8,6
30906,6,3,3
30907,3,2,1
30908,3,2,1
30909,3,2,1
30910,16,8,8
30912,4,1,3
30913,14,8,6
30946,5,5,0
30947,5,5,0
30949,21,21,0
30950,22,19,3
30951,22,19,3
30952,22,19,3
30953,24,23,1
30955,1,1,0
30956,1,1,0
30958,26,24,2
30969,6,3,3
30970,6,3,3
30971,23,18,5
30972,26,24,2
30973,23,18,5
30974,19,19,0
30975,4,4,0
30976,5,5,0
30977,5,5,0
30978,19,19,0
30979,12,6,6
30980,14,7,7
30981,14,7,7
30982,19,19,0
30983,4,2,2
30984,4,2,2
30991,11,7,4
30992,19,19,0
30993,19,19,0
30994,19,19,0
30995,19,19,0
30996,19,19,0
30997,19,19,0
30998,19,19,0
31002,7,5,2
31003,7,5,2
31004,7,5,2
31005,14,12,2
31006,13,11,2
31007,13,11,2
31008,13,11,2
31009,14,12,2
31010,15,0,15
31011,15,0,15
31012,12,10,2
31016,13,11,2
31017,12,10,2
31020,12,10,2
31021,12,10,2
31022,12,10,2
31023,12,10,2
31024,9,8,1
31025,15,13,2
31026,9,8,1
31027,5,0,5
31028,16,15,1
31029,3,2,1
31030,16,15,1
31031,12,12,0
31032,14,13,1
31033,14,13,1
31034,14,13,1
31035,16,16,0
31036,3,3,0
31037,3,3,0
31038,10,10,0
31045,10,10,0
31046,1,0,1
31047,14,13,1
31048,12,12,0
31049,4,1,3
31050,10,10,0
31051,10,10,0
31052,10,10,0
31053,10,10,0
31054,10,8,2
31055,1,0,1
31056,1,0,1
31057,9,9,0
31058,9,9,0
31059,10,10,0
31060,10,10,0
31064,10,10,0
31065,10,10,0
31066,10,10,0
31093,9,4,5
31094,14,7,7
31095,10,9,1
31096,10,9,1
31097,2,0,2
31098,18,11,7
31099,18,11,7
31100,18,11,7
31101,18,11,7
31102,18,11,7
31103,18,11,7
31104,27,18,9
31105,18,11,7
31106,18,11,7
31107,18,11,7
31109,20,18,2
31110,5,4,1
31111,153,103,50
31112,47,36,11
31114,47,36,11
31115,6,6,0
31178,103,86,17
31179,17,16,1
31180,17,16,1
31181,1,0,1
31183,33,33,0
31184,33,33,0
31186,16,14,2
31188,1,0,1
31189,9,9,0
31190,9,9,0
31191,9,9,0
31192,9,9,0
31193,14,14,0
31194,24,18,6
31195,24,18,6
31196,24,18,6
31197,15,14,1
31198,5,4,1
31199,5,5,0
31200,5,5,0
31201,5,4,1
31202,7,7,0
31203,5,5,0
31204,24,18,6
31205,24,18,6
31208,1,0,1
31209,1,0,1
31211,1,0,1
31212,1,0,1
31213,16,12,4
31214,15,14,1
31217,12,5,7
31218,21,10,11
31219,10,3,7
31220,21,10,11
31224,2,0,2
31225,10,3,7
31226,4,4,0
31227,4,4,0
31228,15,14,1
31229,15,14,1
31230,15,14,1
31231,15,14,1
31232,10,4,6
31233,15,12,3
31234,9,5,4
31235,3,1,2
31254,103,86,17
31255,19,6,13
31256,19,6,13
31257,19,6,13
31258,9,6,3
31259,9,7,2
31260,9,5,4
31261,9,5,4
31264,9,2,7
31265,9,2,7
31266,6,4,2
31267,6,4,2
31268,6,4,2
31270,111,103,8
31272,111,103,8
31273,30,26,4
31274,30,26,4
31275,30,26,4
31276,30,26,4
31277,111,103,8
31283,16,8,8
31288,7,7,0
31289,5,4,1
31290,111,103,8
31291,81,63,18
31293,8,4,4
31294,1,0,1
31295,1,0,1
31296,81,63,18
31297,35,30,5
31298,35,30,5
31302,35,30,5
31303,35,30,5
31309,5,4,1
31310,5,4,1
31312,2,0,2
31313,21,19,2
31314,21,19,2
31315,12,9,3
31316,12,9,3
31320,12,9,3
31321,12,9,3
31322,7,1,6
31323,21,19,2
31324,21,19,2
31325,180,132,48
31326,63,42,21
31327,15,12,3
31328,15,12,3
31333,45,38,7
31336,63,42,21
31337,32,29,3
31338,5,5,0
31339,5,5,0
31340,2,2,0
31341,2,2,0
31344,2,2,0
31345,1,1,0
31346,6,6,0
31347,6,6,0
31348,58,32,26
31349,58,32,26
31350,26,19,7
31351,26,19,7
31358,2,2,0
31359,67,45,22
31360,1,1,0
31361,58,32,26
31362,58,32,26
31370,5,3,2
31371,14,4,10
31377,19,14,5
31387,19,14,5
31388,19,14,5
31391,67,45,22
31392,67,45,22
31393,67,45,22
31394,67,45,22
31395,67,45,22
31396,67,45,22
31397,67,45,22
31398,67,45,22
31406,5,0,5
31412,3,3,0
31417,35,24,11
31418,6,2,4
31419,44,27,17
31420,44,27,17
31421,44,27,17
31424,31,24,7
31425,2,1,1
31426,2,1,1
31427,5,3,2
31428,5,3,2
31429,35,24,11
31430,60,27,33
31431,60,27,33
31433,13,8,5
31434,13,8,5
31438,60,27,33
31439,6,2,4
31440,15,13,2
31441,17,10,7
31442,60,27,33
31443,60,27,33
31444,44,27,17
31445,44,27,17
31446,13,8,5
31447,13,8,5
31448,1,1,0
31449,1,1,0
31456,5,1,4
31458,4,2,2
31459,2,0,2
31460,2,0,2
31461,4,2,2
31462,22,17,5
31463,22,17,5
31464,22,17,5
31465,22,17,5
31466,22,17,5
31467,22,17,5
31468,17,10,7
31469,84,54,30
31470,84,54,30
31471,84,54,30
31472,84,54,30
31473,84,54,30
31474,9,0,9
31476,84,54,30
31477,84,54,30
31481,84,54,30
31482,84,54,30
31483,4,4,0
31484,4,4,0
31485,15,15,0
31486,15,15,0
31487,39,32,7
31488,4,1,3
31489,3,2,1
31490,3,2,1
31491,1,0,1
31492,1,0,1
31493,1,0,1
31497,3,2,1
31498,3,2,1
31500,39,32,7
31517,180,132,48
31529,22,14,8
31530,22,14,8
31531,8,5,3
31532,8,5,3
31534,8,5,3
31541,4,3,1
31549,4,3,1
31554,8,5,3
31586,2,2,0
31587,2,2,0
31590,22,1,21
31591,24,21,3
31592,18,15,3
31593,18,15,3
31594,18,15,3
31595,18,15,3
31596,23,20,3
31597,22,1,21
31598,22,18,4
31599,12,8,4
31607,22,1,21
31608,12,8,4
31609,13,1,12
31610,2,1,1
31611,12,8,4
31612,12,8,4
31613,12,8,4
31614,12,8,4
31615,12,8,4
31616,12,8,4
31617,12,8,4
31618,12,8,4
31619,12,8,4
31620,12,8,4
31636,7,7,0
31637,7,7,0
31644,17,14,3
31645,16,14,2
31646,19,0,19
31647,19,0,19
31648,16,14,2
31649,16,14,2
31650,2,1,1
31651,3,1,2
31652,18,14,4
31653,39,32,7
31654,39,32,7
31655,7,5,2
31656,7,5,2
31657,7,5,2
31658,7,5,2
31659,7,5,2
31660,7,5,2
31661,7,5,2
31662,7,5,2
31663,7,5,2
31664,7,5,2
31684,4,4,0
31686,180,132,48
31687,29,20,9
31688,4,3,1
31689,4,3,1
31690,6,3,3
31691,6,3,3
31692,32,24,8
31693,24,17,7
31694,52,28,24
31695,52,28,24
31696,52,28,24
31697,4,4,0
31698,4,4,0
31699,52,28,24
31700,52,41,11
31701,6,6,0
31702,52,28,24
31703,52,28,24
31704,32,24,8
31707,32,24,8
31712,26,20,6
31713,26,20,6
31714,52,41,11
31715,52,41,11
31716,52,41,11
31717,52,41,11
31718,52,41,11
31719,52,41,11
31720,52,41,11
31721,70,53,17
31727,5,5,0
31730,8,7,1
31731,1,1,0
31732,1,1,0
31733,4,4,0
31739,2,2,0
31740,2,2,0
31742,27,26,1
31743,27,26,1
31746,12,12,0
31747,9,6,3
31748,4,4,0
31749,125,105,20
31750,2,0,2
31751,2,0,2
31756,2,0,2
31757,2,0,2
31758,14,12,2
31759,14,12,2
31761,11,11,0
31762,11,11,0
31767,5,4,1
31784,1,0,1
31796,21,17,4
31797,21,17,4
31798,8,4,4
31799,8,4,4
31800,21,17,4
31801,21,17,4
31802,88,75,13
31803,88,75,13
31804,88,75,13
31805,39,34,5
31806,39,34,5
31807,39,34,5
31808,39,34,5
31809,39,34,5
31810,7,7,0
31811,1,1,0
31812,3,3,0
31813,3,3,0
31814,3,3,0
31816,8,3,5
31817,8,3,5
31818,4,0,4
31819,4,0,4
31820,8,3,5
31821,8,3,5
31822,7,4,3
31823,10,2,8
31824,10,2,8
31825,6,0,6
31826,10,2,8
31827,10,2,8
31828,8,0,8
31829,8,0,8
31831,6,0,6
31832,6,0,6
31833,6,0,6
31834,6,0,6
31835,6,0,6
31836,6,0,6
31837,6,0,6
31838,45,40,5
31839,45,40,5
31842,45,40,5
31844,74,63,11
31845,106,92,14
31848,128,110,18
31849,128,110,18
31850,61,56,5
31851,61,56,5
31852,128,110,18
31853,188,148,40
31854,7,7,0
31855,7,7,0
31856,128,110,18
31857,128,110,18
31860,72,66,6
31863,13,10,3
31864,12,8,4
31865,12,8,4
31866,10,7,3
31867,10,7,3
31868,10,7,3
31871,15,4,11
31872,15,4,11
31873,10,7,3
31874,15,4,11
31875,2,0,2
31876,10,7,3
31877,10,7,3
31878,10,7,3
31879,62,56,6
31881,3,3,0
31882,3,3,0
31883,10,10,0
31884,3,3,0
31886,1,0,1
31887,1,0,1
31888,4,2,2
31889,4,4,0
31890,4,4,0
31891,1,1,0
31892,62,56,6
31895,30,18,12
31896,30,18,12
31897,3,1,2
31899,13,7,6
31900,13,7,6
31901,128,110,18
31902,128,110,18
31905,74,63,11
31906,188,148,40
31907,188,148,40
31908,188,148,40
31909,188,148,40
31910,188,148,40
31911,188,148,40
31912,188,148,40
31913,188,148,40
31914,166,107,59
31916,48,34,14
31917,48,34,14
31918,35,21,14
31919,19,15,4
31920,27,25,2
31921,67,43,24
31922,67,43,24
31923,10,2,8
31925,67,43,24
31926,67,43,24
31927,50,42,8
31928,10,8,2
31929,82,71,11
31930,82,71,11
31931,3,2,1
31932,82,71,11
31933,82,71,11
31934,55,48,7
31935,55,48,7
31936,55,48,7
31937,55,48,7
31938,55,48,7
31939,118,81,37
31940,118,81,37
31942,118,81,37
31943,137,124,13
31944,137,124,13
31945,26,24,2
31946,33,32,1
31947,33,32,1
31948,33,32,1
31949,33,32,1
31950,26,24,2
31951,15,14,1
31952,11,11,0
31953,11,11,0
31954,3,2,1
31955,4,2,2
31956,22,21,1
31957,22,21,1
31958,137,124,13
31959,118,81,37
31960,118,81,37
31962,18,14,4
31963,18,14,4
31964,12,10,2
31965,12,10,2
31966,10,9,1
31967,137,124,13
31968,27,13,14
31969,14,9,5
31970,4,4,0
31971,55,49,6
31972,3,1,2
31973,50,42,8
31974,28,24,4
31975,137,124,13
31976,137,124,13
31977,137,124,13
31978,137,124,13
31979,137,124,13
31980,137,124,13
31981,137,124,13
31982,137,124,13
31983,137,124,13
31985,3,2,1
31986,3,2,1
31987,166,107,59
31988,70,52,18
31989,70,52,18
31990,70,52,18
31991,5,5,0
31992,5,5,0
32000,11,8,3
32001,22,14,8
32002,22,14,8
32003,22,14,8
32004,11,8,3
32005,44,23,21
32006,5,3,2
32007,9,9,0
32008,9,9,0
32009,166,107,59
32010,96,85,11
32011,96,85,11
32012,96,85,11
32013,96,85,11
32014,96,85,11
32015,96,85,11
32016,96,85,11
32017,96,85,11
32018,46,32,14
32019,46,32,14
32020,28,20,8
32021,28,20,8
32022,8,6,2
32023,8,6,2
32024,1,1,0
32025,1,1,0
32026,23,20,3
32027,3,3,0
32028,108,89,19
32029,108,89,19
32030,18,16,2
32031,34,25,9
32032,34,25,9
32035,8,8,0
32036,8,8,0
32037,16,16,0
32038,16,16,0
32039,16,16,0
32040,16,16,0
32041,34,25,9
32042,34,25,9
32043,25,23,2
32044,25,23,2
32045,11,8,3
32046,12,9,3
32047,12,9,3
32048,12,9,3
32049,11,8,3
32050,11,8,3
32051,22,12,10
32054,22,12,10
32055,14,10,4
32059,22,12,10
32060,14,10,4
32061,14,10,4
32062,64,51,13
32063,21,17,4
32064,99,85,14
32065,99,85,14
32066,99,85,14
32067,99,85,14
32068,79,64,15
32069,79,64,15
32070,79,64,15
32071,26,17,9
32072,79,64,15
32073,79,64,15
32074,153,103,50
32075,153,103,50
32077,153,103,50
32078,167,137,30
32079,22,19,3
32080,38,33,5
32081,38,33,5
32082,38,33,5
32083,38,33,5
32084,22,19,3
32085,13,13,0
32086,19,16,3
32087,153,103,50
32088,23,19,4
32089,23,19,4
32090,2,0,2
32091,2,0,2
32094,167,137,30
32095,33,19,14
32096,16,11,5
32097,47,36,11
32098,47,36,11
32099,13,8,5
32100,13,7,6
32101,13,7,6
32102,13,6,7
32103,13,6,7
32104,3,0,3
32105,3,0,3
32106,13,6,7
32107,17,4,13
32108,17,4,13
32110,17,4,13
32111,13,6,7
32112,17,4,13
32113,17,4,13
32114,3,0,3
32115,2,0,2
32116,13,6,7
32117,13,6,7
32118,6,6,0
32120,6,6,0
32121,3,2,1
32122,61,53,8
32123,42,32,10
32124,16,16,0
32125,16,16,0
32126,64,51,13
32127,35,19,16
32128,167,137,30
32129,167,137,30
32130,167,137,30
32131,167,137,30
32132,167,137,30
32133,167,137,30
32134,167,137,30
32135,167,137,30
32136,167,137,30
32137,167,137,30
32138,167,137,30
32139,167,137,30
32143,166,107,59
32145,52,45,7
32146,2,2,0
32147,2,2,0
32149,2,2,0
32150,2,2,0
32151,7,4,3
32152,7,4,3
32153,71,61,10
32154,71,61,10
32155,3,2,1
32156,71,61,10
32157,71,61,10
32158,58,49,9
32159,58,49,9
32160,10,7,3
32161,10,7,3
32162,58,49,9
32163,108,62,46
32164,108,62,46
32172,3,1,2
32173,3,1,2
32174,2,2,0
32184,7,1,6
32185,11,3,8
32186,11,3,8
32187,108,62,46
32188,105,93,12
32189,19,19,0
32190,23,23,0
32191,23,23,0
32192,23,23,0
32193,23,23,0
32194,19,19,0
32195,23,23,0
32196,23,23,0
32197,13,13,0
32198,16,16,0
32199,16,16,0
32205,108,62,46
32206,108,62,46
32207,17,15,2
32208,17,15,2
32209,10,10,0
32210,105,93,12
32211,41,24,17
32212,16,7,9
32213,3,0,3
32214,3,0,3
32215,22,9,13
32216,52,27,25
32217,52,27,25
32218,41,4,37
32219,52,27,25
32220,52,27,25
32221,28,13,15
32222,28,13,15
32223,4,0,4
32224,4,0,4
32225,41,4,37
32226,41,4,37
32227,41,4,37
32228,41,4,37
32229,41,4,37
32230,6,2,4
32231,6,2,4
32232,48,41,7
32234,48,41,7
32235,48,41,7
32236,166,107,59
32238,8,8,0
32239,8,8,0
32240,22,18,4
32241,105,93,12
32242,105,93,12
32243,105,93,12
32244,105,93,12
32245,105,93,12
32246,105,93,12
32247,105,93,12
32248,105,93,12
32249,105,93,12
32250,105,93,12
32251,105,93,12
32252,105,93,12
32253,78,67,11
32254,163,95,68
32256,20,10,10
32257,20,10,10
32258,1,0,1
32260,1,0,1
32261,4,0,4
32262,143,100,43
32263,10,6,4
32264,143,100,43
32265,143,100,43
32266,1,0,1
32267,95,70,25
32268,95,70,25
32269,95,70,25
32270,23,13,10
32271,23,13,10
32272,23,13,10
32273,23,13,10
32274,95,70,25
32275,95,70,25
32276,24,16,8
32277,33,18,15
32278,33,18,15
32279,26,15,11
32287,75,46,29
32288,75,46,29
32289,75,46,29
32290,75,46,29
32291,22,14,8
32292,1,1,0
32293,75,46,29
32294,75,46,29
32295,6,2,4
32296,6,2,4
32297,22,14,8
32298,27,18,9
32299,4,3,1
32300,4,3,1
32301,22,14,8
32302,22,14,8
32303,22,14,8
32304,22,14,8
32305,22,14,8
32306,22,14,8
32307,22,14,8
32308,22,14,8
32309,163,95,68
32310,163,95,68
32311,163,95,68
32312,28,12,16
32313,28,12,16
32314,13,11,2
32315,13,11,2
32316,13,7,6
32317,13,7,6
32318,208,171,37
32319,63,47,16
32320,63,47,16
32321,4,2,2
32322,4,2,2
32323,48,40,8
32324,22,15,7
32325,20,16,4
32326,4,0,4
32327,13,13,0
32328,11,11,0
32329,11,11,0
32330,12,12,0
32331,5,3,2
32332,5,3,2
32335,5,3,2
32336,9,9,0
32340,5,3,2
32341,5,3,2
32342,9,9,0
32343,9,9,0
32344,9,9,0
32345,9,9,0
32346,9,9,0
32347,9,9,0
32348,9,9,0
32349,9,9,0
32350,89,70,19
32351,101,73,28
32352,143,100,43
32353,143,100,43
32354,143,100,43
32355,143,100,43
32356,101,73,28
32357,163,95,68
32358,208,171,37
32360,48,40,8
32361,48,40,8
32362,48,40,8
32363,22,15,7
32365,15,3,12
32366,15,3,12
32367,89,70,19
32368,89,70,19
32369,15,3,12
32370,7,2,5
32371,7,2,5
32372,7,2,5
32373,7,2,5
32374,7,2,5
32375,63,49,14
32376,9,5,4
32377,9,5,4
32378,163,95,68
32379,163,95,68
32380,23,10,13
32381,23,10,13
32382,23,10,13
32383,21,12,9
32384,78,51,27
32385,78,51,27
32387,78,51,27
32388,39,26,13
32389,2,2,0
32390,78,51,27
32391,17,9,8
32392,17,9,8
32395,5,5,0
32396,39,26,13
32397,39,26,13
32398,39,26,13
32399,163,95,68
32400,163,95,68
32401,163,95,68
32402,163,95,68
32416,12,0,12
32420,2,0,2
32421,2,0,2
32422,11,3,8
32423,11,3,8
32424,3,0,3
32425,3,0,3
32426,3,0,3
32427,11,3,8
32428,79,52,27
32429,79,52,27
32435,79,52,27
32436,9,5,4
32437,9,5,4
32440,4,4,0
32441,4,4,0
32442,4,4,0
32443,17,13,4
32444,13,11,2
32445,13,11,2
32446,13,11,2
32447,11,9,2
32448,11,9,2
32449,1,0,1
32451,1,0,1
32452,11,9,2
32453,11,9,2
32454,11,9,2
32455,17,3,14
32456,17,3,14
32457,12,9,3
32460,12,9,3
32461,5,0,5
32462,12,9,3
32463,12,9,3
32464,12,9,3
32465,3,3,0
32466,3,3,0
32467,4,0,4
32468,3,0,3
32470,3,0,3
32471,2,0,2
32472,2,0,2
32473,163,95,68
32474,163,95,68
32476,99,53,46
32477,99,53,46
32478,99,53,46
32479,99,53,46
32480,99,53,46
32481,99,53,46
32482,31,17,14
32483,99,53,46
32484,99,53,46
32485,25,7,18
32486,99,53,46
32487,16,5,11
32488,99,53,46
32489,23,10,13
32490,166,107,59
32492,49,45,4
32493,49,45,4
32494,43,41,2
32498,79,56,23
32499,79,56,23
32500,11,9,2
32501,11,9,2
32502,11,11,0
32503,94,90,4
32504,13,12,1
32505,21,19,2
32508,2,0,2
32509,6,4,2
32510,6,4,2
32511,21,19,2
32512,5,4,1
32513,9,8,1
32514,33,27,6
32515,11,11,0
32518,11,11,0
32519,21,19,2
32520,21,19,2
32521,21,19,2
32522,21,19,2
32523,21,19,2
32524,21,19,2
32525,21,19,2
32526,21,19,2
32527,30,24,6
32529,30,24,6
32530,2,2,0
32534,35,30,5
32535,5,3,2
32536,5,3,2
32537,2,2,0
32538,2,2,0
32539,2,2,0
32540,2,2,0
32544,12,10,2
32545,19,11,8
32546,19,11,8
32547,11,4,7
32548,11,4,7
32551,5,1,4
32552,5,1,4
32553,5,1,4
32554,5,1,4
32555,5,1,4
32556,5,1,4
32557,5,1,4
32559,61,49,12
32560,61,49,12
32563,61,49,12
32564,50,44,6
32565,78,51,27
32566,78,51,27
32567,50,44,6
32570,50,44,6
32571,84,79,5
32574,7,6,1
32575,23,8,15
32576,23,8,15
32577,23,8,15
32578,14,4,10
32579,14,4,10
32580,14,4,10
32581,14,4,10
32582,23,8,15
32583,23,8,15
32584,23,8,15
32587,78,51,27
32588,61,49,12
32589,7,7,0
32590,7,7,0
32591,84,79,5
32592,33,27,6
32593,31,14,17
32594,31,14,17
32595,31,14,17
32596,26,9,17
32597,26,9,17
32598,6,0,6
32599,6,0,6
32600,57,22,35
32609,57,22,35
32610,57,22,35
32611,6,2,4
32612,6,2,4
32613,30,10,20
32614,9,3,6
32615,20,5,15
32616,12,8,4
32617,15,9,6
32618,15,9,6
32619,15,9,6
32620,15,9,6
32621,12,8,4
32622,20,5,15
32623,13,9,4
32624,12,8,4
32625,12,8,4
32626,20,10,10
32627,20,10,10
32628,18,10,8
32629,20,10,10
32630,84,79,5
32631,84,79,5
32632,84,79,5
32633,84,79,5
32634,84,79,5
32635,84,79,5
32636,2,1,1
32637,1,0,1
32638,2,2,0
32642,4,3,1
32643,1,0,1
32646,4,4,0
32647,4,4,0
32669,19,4,15
32670,19,4,15
32671,26,2,24
32672,166,107,59
32673,51,46,5
32674,81,74,7
32675,81,74,7
32676,81,74,7
32677,59,54,5
32678,59,54,5
32679,165,120,45
32680,165,120,45
32681,170,149,21
32682,26,24,2
32683,42,38,4
32684,42,38,4
32685,42,38,4
32686,26,24,2
32687,21,19,2
32688,165,120,45
32689,24,20,4
32691,24,20,4
32692,28,22,6
32693,170,149,21
32694,18,13,5
32695,166,107,59
32696,51,46,5
32697,170,149,21
32698,170,149,21
32699,170,149,21
32700,170,149,21
32701,49,40,9
32702,49,40,9
32703,1,0,1
32704,1,0,1
32705,4,0,4
32706,82,61,21
32707,37,26,11
32708,50,37,13
32709,50,37,13
32710,50,37,13
32711,50,37,13
32712,38,31,7
32713,37,26,11
32714,37,26,11
32715,79,48,31
32716,5,5,0
32717,5,5,0
32718,79,48,31
32719,61,44,17
32720,11,9,2
32721,14,10,4
32722,14,10,4
32723,14,10,4
32724,1,0,1
32725,9,7,2
32726,79,48,31
32727,8,8,0
32728,8,8,0
32729,7,7,0
32730,7,7,0
32731,61,44,17
32732,27,21,6
32735,27,21,6
32738,32,25,7
32757,17,7,10
32758,61,44,17
32759,61,44,17
32760,61,44,17
32761,61,44,17
32762,61,44,17
32763,61,44,17
32764,61,44,17
32765,82,61,21
32766,15,12,3
32767,15,15,0
32769,82,61,21
32770,3,0,3
32771,46,39,7
32772,46,39,7
32775,9,3,6
32777,9,3,6
32778,154,100,54
32779,154,100,54
32780,14,11,3
32781,14,11,3
32782,14,11,3
32783,13,10,3
32784,40,21,19
32785,40,21,19
32786,40,21,19
32787,20,17,3
32788,20,17,3
32789,14,11,3
32790,4,1,3
32791,13,8,5
32792,5,2,3
32793,13,8,5
32794,14,11,3
32795,1,1,0
32796,13,8,5
32797,30,19,11
32798,60,47,13
32809,64,54,10
32810,64,54,10
32811,18,10,8
32812,18,10,8
32813,18,10,8
32814,18,10,8
32820,64,54,10
32821,23,16,7
32822,31,25,6
32823,31,25,6
32824,26,22,4
32825,87,67,20
32826,87,67,20
32827,66,44,22
32828,7,7,0
32829,7,7,0
32830,9,5,4
32831,66,44,22
32841,29,17,12
32842,29,17,12
32843,1,1,0
32844,1,1,0
32845,8,4,4
32862,8,4,4
32863,66,44,22
32864,66,44,22
32865,66,44,22
32866,66,44,22
32867,86,62,24
32868,51,35,16
32871,86,62,24
32872,21,19,2
32873,21,19,2
32874,21,19,2
32875,21,19,2
32876,4,0,4
32877,1,0,1
32878,1,0,1
32885,14,5,9
32887,14,5,9
32895,72,61,11
32905,40,24,16
32906,4,3,1
32907,64,43,21
32908,64,43,21
32909,64,43,21
32910,38,25,13
32911,38,25,13
32912,8,5,3
32913,8,5,3
32914,38,25,13
32915,82,61,21
32916,82,61,21
32917,15,15,0
32918,15,14,1
32919,15,14,1
32920,15,15,0
32921,6,6,0
32922,12,12,0
32923,12,12,0
32924,7,4,3
32925,7,4,3
32926,1,1,0
32927,1,1,0
32928,4,2,2
32929,6,6,0
32930,6,6,0
32931,6,6,0
32932,6,6,0
32933,6,6,0
32934,6,6,0
32935,6,6,0
32936,6,6,0
32937,6,6,0
32938,82,61,21
32939,70,53,17
32940,11,10,1
32941,23,23,0
32942,23,23,0
32943,11,10,1
32944,9,9,0
32945,82,61,21
32946,82,61,21
32947,23,13,10
32948,70,53,17
32949,11,5,6
32951,15,12,3
32952,70,53,17
32953,70,53,17
32954,70,53,17
32955,70,53,17
32956,63,47,16
32957,79,48,31
32959,79,48,31
32960,61,44,17
32961,79,48,31
32962,61,44,17
32963,61,44,17
32965,90,73,17
32966,90,73,17
32967,10,7,3
32968,10,7,3
32969,4,0,4
32970,13,9,4
32971,13,9,4
32974,8,7,1
32975,8,7,1
32976,8,5,3
32977,8,5,3
32978,8,5,3
32979,14,8,6
32980,14,8,6
32981,11,8,3
32982,14,8,6
32983,11,8,3
32984,11,8,3
32985,11,11,0
32986,11,11,0
32988,11,7,4
32989,9,3,6
32990,9,3,6
32991,8,4,4
32992,9,3,6
32993,9,3,6
32996,8,4,4
32997,8,4,4
32998,8,4,4
32999,8,4,4
33000,25,16,9
33001,34,25,9
33002,20,14,6
33003,52,44,8
33004,4,3,1
33005,4,3,1
33006,4,2,2
33007,16,12,4
33009,11,8,3
33010,5,2,3
33011,5,2,3
33012,11,8,3
33013,11,8,3
33014,4,0,4
33015,7,4,3
33018,7,4,3
33019,7,4,3
33020,7,4,3
33021,7,4,3
33022,7,4,3
33023,16,12,4
33025,7,7,0
33026,58,47,11
33027,58,47,11
33032,8,7,1
33036,8,7,1
33037,5,5,0
33040,11,9,2
33041,20,14,6
33042,16,10,6
33043,16,10,6
33044,16,10,6
33045,16,10,6
33046,20,15,5
33047,20,14,6
33048,2,0,2
33049,27,7,20
33050,27,7,20
33053,27,7,20
33054,17,11,6
33064,27,7,20
33065,27,7,20
33066,16,10,6
33067,16,10,6
33068,1,1,0
33069,17,11,6
33070,7,1,6
33071,2,1,1
33072,22,16,6
33073,7,1,6
33074,17,11,6
33075,17,11,6
33076,17,11,6
33077,17,11,6
33078,52,43,9
33079,52,43,9
33080,22,14,8
33081,9,7,2
33082,20,14,6
33083,20,14,6
33086,20,14,6
33087,18,15,3
33088,18,15,3
33089,8,3,5
33090,18,15,3
33091,12,8,4
33092,3,0,3
33093,3,0,3
33094,12,8,4
33095,12,8,4
33096,11,4,7
33097,11,4,7
33098,11,4,7
33099,4,0,4
33100,11,4,7
33101,4,0,4
33102,4,0,4
33103,4,0,4
33104,4,0,4
33105,14,13,1
33106,6,2,4
33107,6,2,4
33108,6,2,4
33111,14,13,1
33112,8,1,7
33113,2,1,1
33114,17,16,1
33116,4,4,0
33117,4,4,0
33118,22,14,8
33119,12,8,4
33120,14,13,1
33121,14,13,1
33122,14,13,1
33123,14,13,1
33124,14,13,1
33125,113,64,49
33126,32,28,4
33127,46,38,8
33128,46,38,8
33129,11,5,6
33130,11,5,6
33131,11,8,3
33133,5,0,5
33134,14,5,9
33137,46,38,8
33138,46,38,8
33139,39,35,4
33140,39,35,4
33141,7,5,2
33142,7,5,2
33143,11,6,5
33144,3,1,2
33145,3,1,2
33146,11,6,5
33147,29,18,11
33148,14,9,5
33149,1,0,1
33150,13,9,4
33151,13,9,4
33152,13,9,4
33153,19,7,12
33154,19,7,12
33155,19,7,12
33156,12,8,4
33157,19,7,12
33158,12,8,4
33159,12,8,4
33160,12,8,4
33161,12,8,4
33162,58,47,11
33164,11,8,3
33165,11,8,3
33169,58,47,11
33170,113,64,49
33171,113,64,49
33172,56,46,10
33173,19,14,5
33174,31,22,9
33175,31,22,9
33176,31,22,9
33177,31,22,9
33178,19,14,5
33179,17,13,4
33180,113,64,49
33181,9,9,0
33182,9,9,0
33183,4,4,0
33184,56,46,10
33185,38,31,7
33186,56,45,11
33187,56,45,11
33205,64,54,10
33208,1,0,1
33209,1,0,1
33212,64,54,10
33213,38,31,7
33214,58,47,11
33215,58,47,11
33216,35,27,8
33217,35,27,8
33218,113,64,49
33220,56,49,7
33221,56,49,7
33222,15,11,4
33223,15,9,6
33224,15,9,6
33225,15,9,6
33226,16,10,6
33227,16,10,6
33228,2,0,2
33229,2,0,2
33232,23,8,15
33233,23,8,15
33234,12,7,5
33235,23,8,15
33236,14,11,3
33237,4,0,4
33238,12,7,5
33239,12,7,5
33240,12,7,5
33241,12,7,5
33242,21,17,4
33243,29,22,7
33244,29,22,7
33245,18,13,5
33246,49,32,17
33249,49,32,17
33250,39,31,8
33251,7,4,3
33252,39,31,8
33280,10,8,2
33281,5,2,3
33282,2,0,2
33283,19,11,8
33286,17,10,7
33287,17,10,7
33288,17,10,7
33289,19,12,7
33290,16,0,16
33291,16,0,16
33292,16,0,16
33293,16,0,16
33294,15,7,8
33299,16,0,16
33300,16,0,16
33301,16,0,16
33302,15,7,8
33303,6,0,6
33304,19,12,7
33305,19,11,8
33306,15,7,8
33307,15,7,8
33308,15,7,8
33309,15,7,8
33310,6,5,1
33311,6,5,1
33314,32,28,4
33315,24,17,7
33316,56,46,10
33317,56,46,10
33318,56,46,10
33319,56,46,10
33320,56,46,10
33321,56,46,10
33324,6,4,2
33325,9,6,3
33326,9,6,3
33327,12,9,3
33328,15,6,9
33329,2,0,2
33330,2,0,2
33331,15,6,9
33332,9,5,4
33333,2,2,0
33334,2,2,0
33335,2,2,0
33336,2,2,0
33338,87,66,21
33340,21,16,5
33341,33,26,7
33342,33,26,7
33343,51,40,11
33347,51,40,11
33348,78,57,21
33349,51,40,11
33350,33,26,7
33359,33,26,7
33363,8,8,0
33364,8,8,0
33365,8,8,0
33366,8,8,0
33367,10,6,4
33368,78,57,21
33369,78,57,21
33370,25,23,2
33373,25,23,2
33374,87,66,21
33377,43,22,21
33378,43,22,21
33379,43,22,21
33380,12,11,1
33381,19,16,3
33382,19,16,3
33383,19,16,3
33384,19,16,3
33385,12,11,1
33386,30,5,25
33387,27,25,2
33388,4,1,3
33389,6,3,3
33390,11,9,2
33391,11,9,2
33392,43,22,21
33393,28,22,6
33394,3,1,2
33395,3,1,2
33396,33,28,5
33397,33,28,5
33398,33,28,5
33399,33,28,5
33400,34,31,3
33401,35,3,32
33404,35,3,32
33405,15,12,3
33414,35,3,32
33415,5,1,4
33416,1,1,0
33417,1,1,0
33418,15,12,3
33419,1,0,1
33420,1,0,1
33421,6,2,4
33422,1,0,1
33423,1,0,1
33424,30,26,4
33425,26,22,4
33426,26,22,4
33427,26,22,4
33428,9,4,5
33429,9,4,5
33430,19,12,7
33431,19,12,7
33432,19,12,7
33433,11,6,5
33434,11,6,5
33435,19,12,7
33436,19,12,7
33437,31,9,22
33438,31,9,22
33439,39,36,3
33440,4,2,2
33441,28,22,6
33442,9,3,6
33443,15,12,3
33444,15,12,3
33445,15,12,3
33446,15,12,3
33447,15,12,3
33448,15,12,3
33449,15,12,3
33450,15,12,3
33451,15,12,3
33452,15,12,3
33453,15,12,3
33454,15,12,3
33455,43,22,21
33456,43,22,21
33460,2,0,2
33461,4,4,0
33462,4,4,0
33463,27,24,3
33464,40,33,7
33465,40,33,7
33466,40,33,7
33467,40,33,7
33468,25,23,2
33469,25,23,2
33470,25,23,2
33471,11,6,5
33472,11,6,5
33473,25,23,2
33474,25,23,2
33475,54,42,12
33486,54,42,12
33487,54,53,1
33488,8,8,0
33489,6,6,0
33490,6,6,0
33491,6,6,0
33492,6,6,0
33493,9,8,1
33494,54,42,12
33495,40,33,7
33496,1,1,0
33497,1,1,0
33498,21,8,13
33499,21,8,13
33500,1,1,0
33501,1,1,0
33502,1,0,1
33503,1,0,1
33504,54,53,1
33508,20,20,0
33510,23,21,2
33511,11,5,6
33512,54,53,1
33513,54,53,1
33514,54,53,1
33515,54,53,1
33516,31,22,9
33517,31,22,9
33518,38,24,14
33520,38,24,14
33521,6,3,3
33522,38,24,14
33524,46,36,10
33527,25,23,2
33528,38,33,5
33529,55,35,20
33530,70,50,20
33531,55,35,20
33532,19,18,1
33533,19,18,1
33534,70,50,20
33535,70,50,20
33536,70,50,20
33537,70,50,20
33538,70,50,20
33539,70,50,20
33540,70,50,20
33541,70,50,20
33542,7,6,1
33543,7,6,1
33544,31,21,10
33545,24,15,9
33546,33,17,16
33547,33,17,16
33548,27,11,16
33549,27,11,16
33550,27,11,16
33551,10,0,10
33552,10,0,10
33553,10,0,10
33554,10,0,10
33555,27,11,16
33556,27,11,16
33557,39,13,26
33558,39,13,26
33559,6,2,4
33560,39,13,26
33561,54,22,32
33562,12,6,6
33563,17,5,12
33564,17,5,12
33565,17,5,12
33566,12,6,6
33567,9,5,4
33568,9,5,4
33569,22,16,6
33570,24,15,9
33571,6,1,5
33572,54,22,32
33573,54,22,32
33574,54,22,32
33575,37,23,14
33577,37,23,14
33578,37,23,14
33579,25,9,16
33580,25,9,16
33581,25,9,16
33582,25,9,16
33583,5,4,1
33584,5,4,1
33585,25,9,16
33586,25,9,16
33587,4,2,2
33589,4,2,2
33590,15,4,11
33591,1,0,1
33592,25,9,16
33593,7,3,4
33594,7,3,4
33595,7,3,4
33596,8,4,4
33597,8,4,4
33598,2,0,2
33599,2,0,2
33600,17,1,16
33601,7,6,1
33604,25,9,16
33607,24,16,8
33624,8,0,8
33627,25,24,1
33628,25,24,1
33629,25,24,1
33630,12,6,6
33631,12,6,6
33632,24,14,10
33633,24,14,10
33634,24,14,10
33635,10,4,6
33636,10,4,6
33637,10,4,6
33638,10,4,6
33639,24,14,10
33640,24,14,10
33641,37,36,1
33642,37,36,1
33643,3,2,1
33644,16,13,3
33645,43,22,21
33646,43,22,21
33647,43,22,21
33648,9,3,6
33649,9,3,6
33650,8,4,4
33651,35,22,13
33652,35,22,13
33653,61,40,21
33654,35,22,13
33655,35,22,13
33656,5,2,3
33657,5,2,3
33658,13,6,7
33659,14,10,4
33661,14,10,4
33662,61,40,21
33663,61,40,21
33664,61,40,21
33665,76,33,43
33666,76,33,43
33667,76,33,43
33668,9,0,9
33669,9,0,9
33670,41,19,22
33671,41,19,22
33672,41,19,22
33673,41,19,22
33674,5,1,4
33675,5,1,4
33712,5,5,0
33713,5,5,0
33714,76,33,43
33715,76,33,43
33716,76,33,43
33717,76,33,43
33723,76,33,43
33724,76,33,43
33725,76,33,43
33726,76,33,43
33727,15,14,1
33729,34,8,26
33730,76,33,43
33731,76,33,43
33732,76,33,43
33733,39,15,24
33734,39,15,24
33735,39,15,24
33740,76,33,43
33752,12,2,10
33753,12,2,10
33754,6,2,4
33755,12,2,10
33756,10,3,7
33757,10,3,7
33758,10,7,3
33770,6,2,4
33771,6,2,4
33772,6,2,4
33773,6,2,4
33774,27,13,14
33775,26,16,10
33776,26,16,10
33777,22,13,9
33778,51,35,16
33779,51,35,16
33780,51,35,16
33781,4,4,0
33782,51,35,16
33783,46,28,18
33785,51,35,16
33786,51,35,16
33787,51,35,16
33788,5,5,0
33789,5,5,0
33790,5,5,0
33791,5,5,0
33792,4,4,0
33793,4,4,0
33794,4,4,0
33795,46,28,18
33799,46,28,18
33800,47,42,5
33801,47,42,5
33802,47,42,5
33803,47,42,5
33804,47,42,5
33805,38,32,6
33806,38,32,6
33807,38,32,6
33808,37,29,8
33809,37,29,8
33810,37,29,8
33811,8,7,1
33812,9,6,3
33813,9,6,3
33814,9,6,3
33815,9,6,3
33816,8,7,1
33817,9,8,1
33818,1,0,1
33819,8,7,1
33820,8,7,1
33821,37,29,8
33822,37,29,8
33823,118,53,65
33824,28,22,6
33825,24,10,14
33826,24,10,14
33827,24,10,14
33828,24,10,14
33829,3,0,3
33830,3,0,3
33834,23,13,10
33839,4,4,0
33840,4,4,0
33841,4,4,0
33842,4,4,0
33843,9,7,2
33848,5,5,0
33849,5,5,0
33850,5,5,0
33858,2,2,0
33859,2,2,0
33862,19,15,4
33863,19,15,4
33864,7,6,1
33865,37,31,6
33866,14,12,2
33867,2,0,2
33868,2,0,2
33872,13,11,2
33874,11,7,4
33875,12,4,8
33876,12,4,8
33877,16,6,10
33883,16,6,10
33885,13,11,2
33886,16,6,10
33887,16,6,10
33888,16,6,10
33889,4,3,1
33894,118,53,65
33895,118,53,65
33896,29,13,16
33897,11,9,2
33898,14,10,4
33899,14,10,4
33900,14,10,4
33901,14,10,4
33902,23,17,6
33903,14,13,1
33904,14,13,1
33905,29,13,16
33906,48,28,20
33907,14,13,1
33910,12,10,2
33911,12,10,2
33920,33,22,11
33923,2,0,2
33924,2,0,2
33925,6,4,2
33926,5,2,3
33927,5,2,3
33931,33,22,11
33932,5,4,1
33933,5,4,1
33942,12,11,1
33943,6,5,1
33944,6,5,1
33945,6,5,1
33946,6,5,1
33948,25,14,11
33951,32,24,8
33952,32,24,8
33953,32,24,8
33954,32,24,8
33955,11,5,6
33958,22,22,0
33959,10,4,6
33960,32,24,8
33961,32,24,8
33963,3,3,0
33964,9,7,2
33965,10,7,3
33966,10,7,3
33967,9,5,4
33968,9,5,4
33969,3,0,3
33970,3,0,3
33971,9,5,4
33973,18,4,14
33976,18,4,14
33977,14,12,2
33979,2,0,2
33980,14,12,2
33981,30,26,4
33982,30,26,4
33983,15,15,0
33984,15,15,0
33985,15,15,0
33986,15,15,0
33991,5,4,1
33992,5,1,4
33994,5,4,1
33995,1,0,1
33998,2,2,0
33999,8,4,4
34000,8,4,4
34001,5,1,4
34002,5,1,4
34005,2,0,2
34011,8,4,4
34012,8,4,4
34018,28,22,6
34019,4,0,4
34020,29,13,16
34021,29,13,16
34022,29,13,16
34023,29,13,16
34026,8,4,4
34027,8,4,4
34028,32,26,6
34029,32,26,6
34034,24,18,6
34035,32,26,6
34036,32,26,6
34037,24,18,6
34038,24,18,6
34039,24,18,6
34040,24,18,6
34041,24,18,6
34042,154,100,54
34043,31,24,7
34044,76,55,21
34045,76,55,21
34047,5,3,2
34048,28,23,5
34049,28,23,5
34050,28,23,5
34051,28,23,5
34052,28,23,5
34053,28,23,5
34054,76,33,43
34055,4,3,1
34056,49,27,22
34057,76,33,43
34058,76,33,43
34062,3,3,0
34063,3,3,0
34064,6,2,4
34065,6,2,4
34066,1,0,1
34067,1,0,1
34068,1,0,1
34069,1,0,1
34070,6,2,4
34071,6,2,4
34072,15,7,8
34073,4,4,0
34074,27,17,10
34075,27,17,10
34076,27,17,10
34077,27,17,10
34078,1,0,1
34079,1,0,1
34081,4,3,1
34082,4,3,1
34083,4,3,1
34084,4,3,1
34091,8,8,0
34092,8,8,0
34097,26,14,12
34098,26,14,12
34100,26,14,12
34101,17,11,6
34102,44,24,20
34103,44,24,20
34104,7,5,2
34105,7,4,3
34106,7,4,3
34107,7,4,3
34108,7,5,2
34109,7,5,2
34110,44,24,20
34111,13,7,6
34112,13,7,6
34113,2,2,0
34114,2,2,0
34117,27,23,4
34118,19,6,13
34119,19,6,13
34120,19,6,13
34121,11,4,7
34122,11,4,7
34123,19,6,13
34124,8,3,5
34125,19,6,13
34126,20,16,4
34127,8,3,5
34132,5,3,2
34134,5,3,2
34137,5,3,2
34138,5,3,2
34139,30,15,15
34140,19,11,8
34141,22,18,4
34142,22,18,4
34143,19,11,8
34144,15,11,4
34145,15,11,4
34146,15,0,15
34147,15,0,15
34149,15,0,15
34150,8,2,6
34151,15,0,15
34152,11,0,11
34153,11,0,11
34154,8,2,6
34155,8,2,6
34156,8,2,6
34157,8,2,6
34158,8,2,6
34159,8,2,6
34160,8,2,6
34161,8,2,6
34162,8,2,6
34163,8,2,6
34164,30,15,15
34165,20,9,11
34166,15,12,3
34167,30,15,15
34168,55,38,17
34169,19,16,3
34170,19,16,3
34171,18,13,5
34172,18,13,5
34173,5,2,3
34174,5,2,3
34175,18,13,5
34176,32,18,14
34177,32,18,14
34178,32,18,14
34180,21,17,4
34181,1,0,1
34182,20,15,5
34183,19,13,6
34184,19,13,6
34185,19,13,6
34186,20,15,5
34187,17,0,17
34188,17,0,17
34189,17,0,17
34190,14,6,8
34197,17,0,17
34198,17,0,17
34199,3,0,3
34200,14,6,8
34201,10,0,10
34202,10,0,10
34203,10,0,10
34206,20,15,5
34207,14,6,8
34208,14,6,8
34209,14,6,8
34210,14,6,8
34211,14,6,8
34212,14,6,8
34213,14,6,8
34214,14,6,8
34215,16,8,8
34216,14,11,3
34217,2,2,0
34218,5,3,2
34219,2,0,2
34220,2,0,2
34221,5,3,2
34222,31,21,10
34224,8,4,4
34225,31,21,10
34228,10,8,2
34229,10,8,2
34230,8,4,4
34231,8,4,4
34234,6,3,3
34235,6,3,3
34236,4,4,0
34239,4,4,0
34240,55,38,17
34241,55,38,17
34242,10,5,5
34243,31,15,16
34244,31,15,16
34245,19,8,11
34246,31,15,16
34247,31,15,16
34248,55,38,17
34249,55,38,17
34250,19,8,11
34251,16,12,4
34252,18,14,4
34253,15,1,14
34254,15,1,14
34255,12,10,2
34256,7,4,3
34257,7,4,3
34258,7,4,3
34259,7,4,3
34260,7,4,3
34261,7,4,3
34262,7,4,3
34263,7,4,3
34264,204,147,57
34265,3,3,0
34267,8,8,0
34276,2,0,2
34277,8,1,7
34278,8,1,7
34299,84,67,17
34300,83,53,30
34315,15,14,1
34316,29,24,5
34317,29,24,5
34318,8,4,4
34319,8,4,4
34320,5,3,2
34321,8,4,4
34322,8,4,4
34323,8,0,8
34324,8,0,8
34327,5,3,2
34328,5,3,2
34329,5,3,2
34330,5,3,2
34331,5,3,2
34332,5,3,2
34333,5,3,2
34351,204,147,57
34352,3,3,0
34358,2,0,2
34359,27,13,14
34360,27,13,14
34408,83,53,30
34409,83,53,30
34410,8,4,4
34411,12,3,9
34412,11,5,6
34413,11,5,6
34414,9,6,3
34420,12,3,9
34421,12,3,9
34423,12,3,9
34424,4,0,4
34427,12,3,9
34428,12,3,9
34443,4,4,0
34444,4,4,0
34445,46,36,10
34446,6,2,4
34447,6,2,4
34448,8,7,1
34449,11,8,3
34450,1,0,1
34451,62,53,9
34452,9,8,1
34453,5,4,1
34466,119,92,27
34467,119,92,27
34468,7,3,4
34469,7,3,4
34472,74,66,8
34473,5,5,0
34474,119,92,27
34475,119,92,27
34476,1,1,0
34477,11,11,0
34478,2,1,1
34479,2,1,1
34480,16,13,3
34481,16,13,3
34484,66,54,12
34485,4,2,2
34486,4,2,2
34488,4,2,2
34489,4,2,2
34490,7,2,5
34491,7,2,5
34494,15,13,2
34495,15,13,2
34500,66,54,12
34506,27,17,10
34510,74,66,8
34511,74,66,8
34512,74,66,8
34513,74,66,8
34514,74,66,8
34515,74,66,8
34516,74,66,8
34524,5,5,0
34528,5,5,0
34529,10,8,2
34530,10,8,2
34531,25,19,6
34532,25,19,6
34533,19,15,4
34534,30,16,14
34535,30,16,14
34536,16,12,4
34537,16,12,4
34538,30,16,14
34539,35,29,6
34540,2,2,0
34541,1,1,0
34542,30,16,14
34543,8,6,2
34544,8,6,2
34545,15,10,5
34546,15,10,5
34547,35,29,6
34548,35,29,6
34549,35,29,6
34550,35,29,6
34551,61,43,18
34552,61,43,18
34573,1,1,0
34578,23,14,9
34579,23,14,9
34588,9,2,7
34593,1,0,1
34594,1,0,1
34610,26,23,3
34611,87,47,40
34612,87,47,40
34623,4,4,0
34624,4,4,0
34628,89,74,15
34630,12,10,2
34631,12,10,2
34633,12,10,2
34634,12,10,2
34641,35,34,1
34646,1,1,0
34647,1,1,0
34650,1,1,0
34655,7,2,5
34656,13,10,3
34657,13,10,3
34660,8,8,0
34661,1,1,0
34663,4,3,1
34671,25,11,14
34673,25,11,14
34674,29,18,11
34675,2,1,1
34676,2,1,1
34677,31,20,11
34678,60,29,31
34679,60,29,31
34680,61,37,24
34681,11,8,3
34682,4,2,2
34683,3,3,0
34684,60,29,31
34685,5,1,4
34686,5,1,4
34687,61,37,24
34690,61,37,24
34691,61,37,24
34692,61,37,24
34693,61,37,24
34694,61,37,24
34695,61,37,24
34696,61,37,24
34697,66,51,15
34698,66,51,15
34699,11,6,5
34700,15,8,7
34701,11,5,6
34702,33,23,10
34703,33,23,10
34704,33,23,10
34706,33,23,10
34707,20,6,14
34711,33,23,10
34712,66,51,15
34713,66,51,15
34714,20,6,14
34715,20,6,14
34716,44,26,18
34717,44,26,18
34718,6,6,0
34719,110,98,12
34720,110,98,12
34721,23,8,15
34722,23,8,15
34723,177,138,39
34724,145,124,21
34725,96,86,10
34726,96,86,10
34727,38,17,21
34728,5,2,3
34730,11,11,0
34731,24,22,2
34732,23,22,1
34733,23,22,1
34734,23,22,1
34735,23,22,1
34736,25,22,3
34737,25,22,3
34738,77,75,2
34739,11,9,2
34740,9,9,0
34741,9,9,0
34742,9,9,0
34743,9,9,0
34744,11,9,2
34745,9,8,1
34746,1,0,1
34747,8,8,0
34748,8,8,0
34749,77,75,2
34750,21,15,6
34751,7,6,1
34752,19,18,1
34753,6,2,4
34755,6,2,4
34756,5,5,0
34758,24,22,2
34759,14,9,5
34760,77,75,2
34761,77,75,2
34762,77,75,2
34763,77,75,2
34770,6,6,0
34771,6,6,0
34772,8,6,2
34773,8,6,2
34774,2,0,2
34775,2,0,2
34825,5,5,0
34836,58,56,2
34837,58,56,2
34846,3,2,1
34847,1,0,1
34878,16,16,0
34884,16,16,0
34886,6,6,0
34887,6,6,0
34892,7,3,4
34895,22,10,12
34896,53,48,5
34897,69,40,29
34898,69,40,29
34899,101,64,37
34904,101,64,37
34906,37,23,14
34907,37,23,14
34908,3,0,3
34909,3,0,3
34910,7,3,4
34912,7,3,4
34913,7,3,4
34925,188,148,40
34926,188,148,40
34927,204,142,62
34928,204,142,62
34929,204,142,62
34930,204,142,62
34931,204,142,62
34932,9,6,3
34933,33,24,9
34934,33,24,9
34935,17,16,1
34936,17,16,1
34938,183,121,62
34939,183,121,62
34940,48,45,3
34941,31,24,7
34942,48,45,3
34943,48,45,3
34946,107,97,10
34947,107,97,10
34948,107,97,10
34949,102,91,11
34950,2,2,0
34951,2,0,2
34969,13,11,2
34970,13,11,2
34971,13,11,2
34976,75,63,12
34979,75,63,12
34980,20,15,5
34981,20,15,5
34982,54,46,8
34983,5,2,3
34984,5,2,3
34986,57,43,14
34987,57,43,14
34988,12,9,3
34989,32,28,4
34990,32,28,4
34991,26,23,3
34992,49,38,11
34993,49,38,11
34994,29,29,0
34995,6,6,0
34996,9,9,0
34997,9,9,0
34998,9,9,0
34999,6,6,0
35000,49,38,11
35001,20,17,3
35002,15,12,3
35003,12,9,3
35004,3,1,2
35005,29,29,0
35006,154,134,20
35007,154,134,20
35008,101,89,12
35011,178,141,37
35014,5,5,0
35015,1,0,1
35016,1,0,1
35017,113,97,16
35019,113,97,16
35021,4,2,2
35022,4,2,2
35023,113,97,16
35024,113,97,16
35025,98,67,31
35026,113,97,16
35027,98,67,31
35028,98,67,31
35029,98,67,31
35030,98,67,31
35046,135,113,22
35047,9,8,1
35048,34,24,10
35058,16,10,6
35059,16,10,6
35060,16,10,6
35061,16,10,6
35062,16,10,6
35063,16,10,6
35064,16,10,6
35065,72,56,16
35066,72,56,16
35067,72,56,16
35069,72,56,16
35070,74,64,10
35071,7,7,0
35073,72,56,16
35074,72,56,16
35075,72,56,16
35077,74,64,10
35078,12,7,5
35079,12,7,5
35080,1,1,0
35081,1,1,0
35082,43,40,3
35083,31,28,3
35086,109,83,26
35088,109,83,26
35089,99,93,6
35090,9,9,0
35091,17,17,0
35092,17,17,0
35093,99,93,6
35094,99,93,6
35095,99,93,6
35096,99,93,6
35097,99,93,6
35098,99,93,6
35099,99,93,6
35100,99,93,6
35101,99,93,6
35102,99,93,6
35103,99,93,6
35104,99,93,6
35108,135,113,22
35109,74,64,10
35110,74,64,10
35111,74,64,10
35112,109,83,26
35116,10,8,2
35117,8,6,2
35118,8,6,2
35119,8,6,2
35120,10,8,2
35121,14,1,13
35124,14,1,13
35125,7,5,2
35126,7,5,2
35127,7,5,2
35128,7,5,2
35129,29,27,2
35130,29,27,2
35132,50,50,0
35138,50,50,0
35139,35,28,7
35140,5,2,3
35141,5,2,3
35142,2,0,2
35143,2,0,2
35144,2,0,2
35145,135,113,22
35146,28,20,8
35147,30,22,8
35148,30,22,8
35149,30,22,8
35150,30,22,8
35151,31,21,10
35152,31,21,10
35153,9,6,3
35154,9,6,3
35155,31,21,10
35156,56,36,20
35157,56,36,20
35158,56,36,20
35159,69,59,10
35160,11,11,0
35161,15,15,0
35162,15,15,0
35163,15,15,0
35164,15,15,0
35165,11,11,0
35166,11,10,1
35167,3,2,1
35168,4,2,2
35169,13,12,1
35170,13,12,1
35171,56,36,20
35172,56,36,20
35173,12,12,0
35174,12,12,0
35175,5,5,0
35176,5,5,0
35177,69,59,10
35178,16,12,4
35179,14,13,1
35180,27,19,8
35184,3,2,1
35185,26,19,7
35186,69,59,10
35187,69,59,10
35193,52,47,5
35194,13,0,13
35195,20,15,5
35196,163,142,21
35197,21,15,6
35198,27,22,5
35199,27,22,5
35200,22,15,7
35201,42,25,17
35202,42,25,17
35203,42,37,5
35206,163,142,21
35207,42,37,5
35208,42,37,5
35209,42,37,5
35210,42,37,5
35211,1,0,1
35212,1,0,1
35213,14,14,0
35214,21,14,7
35215,25,22,3
35216,4,3,1
35217,4,3,1
35218,25,22,3
35219,20,15,5
35220,20,15,5
35221,4,4,0
35222,2,2,0
35223,3,3,0
35224,43,30,13
35225,4,2,2
35226,8,7,1
35227,47,35,12
35228,47,35,12
35229,40,30,10
35231,2,1,1
35232,2,1,1
35233,123,106,17
35234,123,106,17
35235,123,106,17
35236,137,116,21
35237,17,15,2
35238,17,15,2
35239,17,15,2
35240,123,106,17
35241,123,106,17
35242,6,6,0
35243,6,6,0
35244,137,116,21
35245,7,4,3
35246,123,106,17
35247,123,106,17
35248,21,14,7
35249,21,14,7
35250,1,1,0
35251,1,1,0
35252,137,116,21
35253,137,116,21
35254,137,116,21
35255,137,116,21
35256,23,21,2
35257,20,12,8
35258,58,56,2
35259,20,12,8
35260,2,2,0
35261,58,56,2
35262,2,2,0
35263,6,3,3
35264,5,4,1
35265,5,4,1
35266,1,0,1
35267,2,2,0
35268,3,1,2
35269,3,1,2
35271,15,13,2
35272,19,15,4
35276,62,53,9
35277,62,53,9
35278,63,58,5
35279,63,58,5
35290,113,84,29
35291,42,33,9
35292,42,33,9
35293,42,33,9
35294,31,23,8
35295,113,84,29
35296,113,84,29
35297,8,8,0
35298,8,8,0
35299,5,5,0
35300,5,5,0
35301,8,8,0
35302,113,84,29
35303,58,48,10
35304,113,84,29
35305,58,48,10
35306,4,4,0
35307,2,2,0
35308,23,13,10
35309,47,43,4
35312,8,7,1
35313,8,7,1
35314,2,2,0
35315,2,2,0
35316,6,0,6
35317,6,0,6
35318,6,0,6
35336,8,6,2
35337,17,17,0
35338,17,17,0
35339,17,17,0
35340,17,17,0
35420,14,14,0
35421,14,14,0
35422,14,14,0
35584,14,14,0
35585,14,14,0
35586,14,14,0
35587,14,14,0
35588,14,14,0
35589,14,14,0
35593,44,39,5
35594,14,14,0
35595,14,14,0
35598,30,30,0
35599,30,30,0
35600,56,36,20
35601,56,36,20
35605,3,3,0
35608,135,113,22
35610,15,12,3
35611,15,12,3
35612,15,12,3
35613,15,12,3
35614,12,12,0
35615,12,12,0
35616,12,12,0
35617,9,9,0
35618,9,9,0
35623,8,8,0
35624,8,8,0
35625,8,8,0
35626,8,8,0
35627,8,8,0
35628,8,8,0
35629,8,8,0
35630,8,8,0
35631,26,16,10
35632,26,16,10
35641,135,113,22
35642,9,8,1
35643,9,8,1
35644,97,69,28
35645,97,69,28
35646,97,69,28
35647,97,69,28
35648,97,69,28
35649,97,69,28
35653,141,114,27
35656,14,10,4
35657,14,10,4
35668,28,25,3
35670,8,6,2
35671,8,6,2
35672,7,5,2
35673,7,5,2
35675,2,2,0
35676,2,2,0
35678,2,2,0
35679,2,2,0
35681,5,0,5
35682,5,0,5
35685,5,0,5
35686,5,0,5
35687,5,3,2
35688,5,3,2
35689,13,7,6
35690,13,7,6
35691,13,7,6
35692,13,7,6
35693,141,114,27
35696,143,104,39
35698,18,15,3
35699,19,16,3
35700,29,26,3
35702,29,26,3
35703,29,26,3
35704,29,26,3
35705,29,26,3
35706,29,26,3
35707,54,43,11
35708,39,32,7
35709,39,32,7
35710,39,32,7
35711,11,6,5
35712,11,6,5
35713,28,19,9
35714,28,19,9
35715,28,19,9
35716,9,4,5
35717,9,4,5
35718,9,4,5
35719,9,4,5
35720,28,19,9
35721,28,19,9
35722,43,21,22
35723,43,21,22
35724,43,21,22
35725,10,9,1
35726,10,9,1
35727,53,48,5
35728,6,5,1
35729,8,7,1
35730,9,5,4
35731,28,23,5
35732,28,23,5
35733,27,21,6
35734,12,11,1
35735,18,14,4
35736,18,14,4
35737,18,14,4
35738,18,14,4
35739,12,11,1
35740,38,23,15
35741,17,14,3
35742,1,0,1
35744,14,12,2
35745,14,12,2
35746,54,43,11
35747,34,31,3
35748,34,31,3
35749,34,31,3
35750,34,31,3
35751,4,1,3
35752,28,23,5
35753,4,4,0
35754,31,24,7
35755,31,24,7
35766,19,11,8
35767,38,29,9
35770,36,34,2
35773,3,2,1
35776,2,0,2
35777,2,0,2
35778,2,0,2
35785,22,22,0
35786,22,22,0
35787,22,22,0
35788,22,22,0
35796,26,25,1
35797,26,25,1
35798,16,15,1
35799,34,24,10
35800,54,51,3
35801,54,51,3
35802,54,51,3
35803,54,51,3
35804,54,51,3
35805,54,51,3
35806,35,30,5
35807,30,16,14
35808,30,16,14
35809,54,49,5
35810,54,49,5
35811,54,49,5
35812,54,49,5
35813,7,5,2
35814,17,9,8
35815,37,34,3
35816,37,34,3
35817,41,29,12
35818,55,55,0
35819,29,26,3
35820,55,55,0
35821,29,26,3
35822,29,26,3
35823,24,15,9
35824,3,1,2
35825,27,14,13
35826,27,14,13
35827,27,14,13
35828,27,14,13
35829,27,16,11
35830,33,17,16
35831,33,17,16
35832,33,17,16
35833,33,33,0
35837,44,32,12
35838,23,15,8
35839,24,15,9
35840,4,0,4
35841,33,33,0
35842,33,33,0
35843,33,33,0
35844,33,33,0
35845,33,17,16
35846,33,17,16
35847,33,17,16
35848,29,21,8
35849,29,21,8
35850,8,5,3
35851,2,1,1
35852,33,17,16
35853,18,11,7
35854,18,11,7
35855,11,8,3
35856,11,8,3
35857,11,8,3
35858,30,13,17
35859,30,13,17
35860,9,6,3
35861,9,6,3
35862,9,6,3
35863,9,1,8
35864,3,2,1
35865,3,2,1
35866,3,2,1
35867,9,6,3
35868,9,6,3
35870,14,10,4
35871,28,25,3
35873,28,25,3
35874,28,25,3
35875,37,34,3
35876,20,16,4
35877,25,18,7
35878,25,18,7
35879,25,18,7
35880,25,18,7
35881,21,17,4
35885,33,14,19
35886,33,14,19
35887,49,33,16
35895,33,14,19
35896,49,33,16
35897,14,2,12
35898,4,4,0
35899,37,34,3
35900,20,16,4
35901,6,2,4
35902,49,33,16
35903,49,33,16
35904,49,33,16
35905,49,33,16
35906,49,33,16
35907,49,33,16
35908,6,6,0
35909,31,31,0
35910,9,9,0
35911,32,32,0
35912,32,32,0
35913,32,32,0
35914,32,32,0
35915,35,30,5
35916,54,49,5
35917,54,49,5
35918,8,7,1
35919,8,7,1
35924,25,20,5
35925,35,30,5
35926,30,16,14
35927,30,16,14
35928,54,49,5
35929,30,16,14
35930,54,49,5
35931,54,49,5
35932,54,49,5
35934,30,28,2
35935,30,28,2
35937,19,18,1
35939,19,18,1
35940,13,13,0
35941,11,10,1
35942,11,10,1
35943,11,10,1
35944,11,10,1
35945,11,10,1
35946,2,0,2
35947,28,28,0
35950,28,28,0
35951,3,0,3
35952,28,28,0
35953,28,28,0
35954,28,28,0
35955,28,28,0
35956,11,2,9
35957,21,16,5
35958,21,14,7
35959,21,14,7
35960,21,14,7
35961,20,16,4
35967,20,0,20
35968,20,0,20
35969,17,5,12
35970,20,0,20
35971,17,5,12
35972,13,0,13
35973,11,2,9
35974,17,5,12
35975,17,5,12
35976,17,5,12
35977,17,5,12
35978,17,5,12
35979,17,5,12
35980,17,5,12
35981,17,5,12
35982,17,5,12
35983,17,5,12
36010,101,92,9
36011,101,92,9
36012,10,9,1
36013,19,15,4
36014,19,15,4
36020,97,80,17
36023,2,2,0
36026,1,1,0
36035,31,26,5
36036,31,26,5
36037,31,26,5
36038,19,3,16
36039,19,3,16
36040,9,6,3
36043,9,6,3
36044,6,1,5
36045,3,0,3
36046,9,6,3
36047,9,6,3
36048,9,6,3
36049,24,21,3
36050,24,21,3
36051,24,21,3
36052,24,21,3
36053,24,21,3
36056,12,10,2
36057,11,8,3
36058,11,8,3
36059,11,8,3
36060,12,10,2
36061,12,10,2
36062,14,14,0
36063,14,14,0
36064,14,14,0
36065,15,15,0
36066,17,16,1
36067,3,2,1
36068,4,3,1
36071,12,11,1
36072,16,16,0
36073,16,16,0
36074,16,16,0
36075,16,16,0
36076,8,5,3
36077,34,32,2
36092,10,5,5
36093,10,5,5
36094,17,15,2
36095,28,22,6
36096,16,12,4
36097,22,16,6
36098,22,16,6
36099,22,16,6
36100,22,16,6
36101,18,15,3
36102,21,6,15
36103,21,6,15
36104,14,11,3
36116,21,6,15
36117,5,1,4
36118,5,1,4
36120,14,11,3
36121,3,2,1
36122,18,14,4
36123,10,5,5
36124,28,22,6
36125,28,22,6
36126,10,5,5
36127,10,5,5
36128,1,1,0
36129,28,22,6
36130,2,0,2
36131,16,12,4
36132,7,3,4
36133,14,11,3
36134,14,11,3
36135,14,11,3
36136,14,11,3
36137,9,7,2
36138,41,32,9
36139,15,10,5
36140,15,10,5
36141,15,10,5
36142,11,7,4
36143,15,8,7
36144,15,8,7
36145,15,8,7
36146,24,20,4
36147,15,8,7
36148,4,4,0
36149,5,2,3
36150,24,20,4
36151,2,2,0
36152,2,2,0
36153,2,2,0
36154,16,15,1
36155,20,17,3
36156,20,17,3
36157,7,7,0
36158,9,6,3
36159,9,6,3
36160,9,6,3
36161,9,6,3
36162,7,7,0
36163,18,16,2
36164,2,0,2
36166,12,10,2
36167,12,10,2
36168,8,3,5
36169,28,22,6
36176,178,141,37
36177,6,6,0
36178,8,5,3
36179,2,1,1
36180,29,21,8
36181,7,5,2
36182,7,5,2
36183,7,5,2
36187,7,5,2
36280,19,9,10
36281,4,1,3
36284,8,0,8
36286,5,4,1
36289,5,4,1
36290,4,1,3
36291,7,2,5
36292,7,2,5
36293,7,2,5
36294,7,2,5
36297,19,9,10
36300,10,6,4
36301,10,6,4
36313,2,2,0
36316,2,2,0
36323,2,0,2
36324,2,0,2
36325,2,0,2
36326,2,0,2
36327,2,0,2
36328,2,0,2
36329,7,1,6
36330,7,1,6
36347,7,5,2
36348,19,13,6
36349,19,13,6
36350,20,16,4
36351,21,17,4
36352,21,17,4
36353,21,17,4
36354,21,17,4
36355,5,0,5
36356,26,23,3
36366,20,16,4
36369,35,6,29
36370,35,6,29
36371,22,14,8
36375,35,6,29
36376,22,14,8
36377,8,0,8
36378,6,5,1
36381,22,19,3
36382,22,19,3
36383,22,19,3
36384,20,16,4
36385,6,1,5
36386,22,14,8
36387,22,14,8
36388,22,14,8
36389,22,14,8
36390,22,14,8
36391,22,14,8
36396,195,141,54
36398,9,8,1
36404,23,17,6
36406,23,17,6
36407,11,9,2
36408,11,9,2
36416,14,4,10
36417,14,4,10
36418,4,2,2
36419,4,2,2
36420,4,2,2
36421,4,2,2
36422,4,2,2
36423,4,2,2
36424,4,2,2
36425,4,2,2
36432,3,3,0
36433,3,3,0
36434,3,3,0
36440,7,2,5
36441,17,12,5
36442,16,10,6
36443,16,10,6
36444,16,10,6
36445,16,11,5
36446,16,11,5
36447,14,0,14
36448,14,0,14
36449,14,0,14
36450,12,7,5
36459,14,0,14
36460,14,0,14
36461,1,1,0
36462,1,1,0
36463,12,7,5
36464,1,0,1
36465,1,0,1
36466,1,0,1
36467,20,12,8
36468,5,2,3
36469,12,7,5
36470,12,7,5
36471,12,7,5
36472,12,7,5
36473,10,7,3
36474,10,7,3
36475,23,23,0
36476,26,23,3
36477,26,23,3
36478,26,23,3
36479,28,20,8
36481,13,3,10
36482,13,3,10
36490,3,1,2
36491,3,1,2
36503,28,20,8
36504,28,20,8
36505,28,20,8
36506,15,4,11
36507,15,4,11
36508,4,2,2
36513,28,20,8
36514,28,20,8
36515,22,21,1
36520,22,21,1
36521,1,0,1
36522,23,22,1
36523,23,23,0
36524,3,0,3
36525,22,21,1
36526,22,21,1
36527,22,21,1
36528,22,21,1
36529,22,21,1
36530,22,21,1
36531,22,21,1
36532,22,21,1
36534,73,61,12
36561,68,54,14
36563,68,54,14
36569,4,4,0
36572,73,61,12
36573,73,61,12
36574,7,7,0
36575,7,7,0
36576,12,12,0
36577,12,12,0
36578,12,12,0
36579,12,12,0
36580,17,17,0
36581,17,17,0
36584,12,12,0
36585,12,12,0
36586,17,17,0
36587,17,17,0
36588,17,17,0
36589,17,17,0
36591,20,16,4
36592,20,16,4
36618,3,3,0
36632,3,0,3
36633,3,0,3
36648,11,11,0
36649,13,10,3
36650,13,10,3
36651,10,9,1
36652,10,9,1
36653,10,9,1
36654,12,7,5
36655,12,7,5
36656,9,7,2
36658,11,11,0
36659,1,1,0
36663,9,7,2
36664,9,7,2
36665,9,7,2
36666,9,7,2
36667,1,1,0
36668,1,1,0
36669,2,2,0
36675,2,2,0
36710,8,6,2
36711,8,6,2
36712,14,8,6
36713,14,8,6
36714,5,3,2
36719,5,3,2
36720,96,63,33
36721,49,39,10
36722,10,4,6
36723,10,4,6
36724,10,4,6
36725,10,4,6
36726,22,14,8
36727,22,14,8
36728,22,14,8
36729,22,14,8
36730,13,7,6
36733,22,14,8
36734,22,14,8
36735,13,7,6
36744,1,0,1
36749,15,0,15
36793,1,0,1
36794,1,1,0
36796,49,37,12
36797,67,59,8
36798,67,59,8
36799,67,59,8
36800,67,59,8
36801,49,37,12
36802,120,100,20
36803,120,100,20
36839,120,100,20
36840,120,100,20
36841,80,74,6
36842,10,6,4
36843,10,6,4
36844,11,9,2
36892,8,5,3
36895,39,32,7
36896,39,32,7
36897,195,141,54
36898,42,34,8
36899,42,34,8
36900,42,34,8
36901,26,23,3
36902,26,23,3
36903,26,23,3
36908,13,9,4
36911,13,10,3
36912,13,10,3
36913,13,10,3
36914,13,10,3
36915,14,11,3
36916,15,5,10
36918,15,5,10
36919,17,14,3
36921,15,5,10
36923,2,0,2
36924,13,9,4
36925,17,14,3
36926,17,14,3
36927,17,15,2
36929,17,15,2
36948,8,4,4
36949,8,4,4
36973,8,4,4
36974,8,4,4
36978,10,3,7
36979,10,3,7
36980,9,4,5
36981,7,2,5
36982,7,2,5
36986,7,2,5
36987,7,2,5
36988,7,2,5
36992,8,3,5
36993,8,3,5
36994,18,10,8
36995,18,10,8
37003,12,4,8
37005,12,4,8
37031,1,1,0
37032,1,1,0
37033,23,17,6
37036,20,16,4
37037,20,16,4
37038,3,1,2
37039,3,1,2
37040,6,1,5
37041,6,1,5
37042,5,2,3
37046,20,16,4
37047,20,16,4
37048,20,17,3
37049,25,8,17
37050,25,8,17
37051,25,18,7
37062,25,8,17
37063,25,18,7
37064,12,2,10
37065,5,4,1
37066,21,17,4
37067,5,3,2
37068,23,17,6
37069,5,1,4
37070,25,18,7
37071,25,18,7
37072,25,18,7
37073,25,18,7
37074,25,18,7
37075,25,18,7
37076,25,18,7
37077,88,70,18
37078,88,70,18
37079,23,19,4
37080,11,8,3
37081,88,70,18
37082,13,9,4
37083,13,9,4
37084,12,12,0
37085,12,12,0
37086,4,4,0
37087,4,4,0
37108,7,7,0
37109,9,8,1
37139,10,7,3
37162,23,19,4
37220,19,14,5
37222,21,13,8
37223,3,0,3
37224,3,0,3
37225,21,13,8
37226,21,13,8
37227,20,15,5
37235,20,5,15
37236,20,5,15
37237,20,5,15
37238,15,10,5
37241,20,5,15
37242,20,5,15
37243,15,10,5
37244,19,14,5
37245,3,0,3
37246,15,10,5
37247,15,10,5
37248,15,10,5
37249,15,10,5
37250,15,10,5
37251,15,10,5
37252,15,10,5
37285,9,5,4
37290,9,5,4
37291,23,17,6
37292,23,16,7
37293,23,16,7
37294,23,16,7
37295,23,16,7
37296,22,18,4
37297,22,18,4
37298,23,17,6
37299,24,0,24
37300,24,0,24
37301,24,0,24
37302,21,10,11
37312,24,0,24
37313,21,10,11
37314,11,1,10
37315,2,1,1
37320,25,19,6
37321,3,0,3
37322,23,17,6
37323,5,0,5
37324,21,10,11
37325,21,10,11
37326,21,10,11
37327,21,10,11
37328,21,10,11
37329,21,10,11
37330,21,10,11
37331,21,10,11
37342,23,17,6
37343,24,18,6
37344,24,18,6
37345,24,18,6
37346,22,17,5
37347,20,3,17
37348,20,3,17
37349,20,3,17
37350,22,16,6
37358,20,3,17
37359,20,3,17
37360,1,1,0
37361,22,16,6
37362,12,2,10
37363,3,2,1
37364,23,17,6
37365,3,1,2
37366,23,17,6
37367,5,2,3
37368,22,16,6
37369,22,16,6
37370,22,16,6
37371,22,16,6
37372,22,16,6
37373,22,16,6
37374,22,16,6
37375,22,16,6
37376,8,8,0
37377,8,8,0
37393,24,14,10
37395,24,14,10
37396,10,7,3
37397,10,7,3
37405,3,2,1
37406,3,2,1
37407,109,88,21
37410,10,7,3
37411,7,4,3
37414,11,6,5
37415,11,6,5
37416,8,5,3
37418,11,6,5
37419,8,5,3
37420,7,3,4
37421,7,3,4
37422,7,2,5
37423,7,2,5
37424,6,2,4
37425,6,2,4
37426,6,2,4
37427,7,2,5
37428,7,2,5
37467,17,15,2
37468,17,14,3
37469,17,14,3
37470,21,19,2
37475,16,0,16
37476,16,0,16
37477,8,6,2
37482,8,6,2
37483,2,0,2
37484,8,6,2
37485,8,6,2
37486,8,6,2
37487,8,6,2
37488,8,6,2
37489,8,6,2
37490,8,6,2
37491,8,6,2
37536,9,5,4
37537,9,5,4
37538,9,5,4
37539,4,1,3
37540,4,1,3
37564,3,1,2
37565,3,1,2
37597,20,9,11
37598,20,9,11
37599,20,9,11
37600,20,13,7
37602,20,9,11
37603,20,9,11
37605,5,1,4
37606,5,1,4
37607,20,13,7
37608,20,13,7
37609,20,13,7
37610,14,5,9
37611,10,7,3
37612,10,7,3
37613,14,5,9
37614,14,9,5
37615,17,12,5
37616,14,9,5
37617,13,7,6
37618,12,11,1
37619,14,5,9
37620,15,12,3
37621,15,12,3
37622,15,13,2
37623,23,7,16
37624,23,7,16
37625,14,12,2
37626,3,0,3
37627,15,12,3
37628,7,5,2
37629,7,5,2
37630,7,5,2
37631,7,5,2
37632,7,5,2
37633,7,5,2
37634,7,5,2
37635,7,5,2
37636,5,2,3
37657,11,6,5
37667,11,6,5
37668,21,18,3
37669,20,16,4
37670,20,16,4
37671,20,16,4
37672,20,16,4
37673,22,19,3
37674,22,0,22
37675,22,0,22
37676,13,10,3
37681,22,0,22
37682,13,10,3
37683,1,0,1
37684,21,18,3
37685,23,19,4
37686,21,18,3
37687,21,18,3
37688,4,0,4
37689,13,10,3
37690,13,10,3
37691,13,10,3
37692,13,10,3
37693,13,10,3
37694,13,10,3
37695,13,10,3
37696,13,10,3
37708,7,2,5
37709,7,2,5
37710,7,2,5
37711,4,3,1
37712,6,5,1
37713,6,5,1
37714,18,4,14
37715,5,4,1
37716,7,2,5
37717,7,2,5
37718,7,2,5
37719,7,2,5
37720,13,3,10
37721,13,3,10
37723,13,3,10
37724,13,3,10
37725,7,2,5
37726,7,2,5
37727,7,2,5
37728,7,7,0
37729,7,7,0
37730,7,7,0
37731,7,5,2
37732,7,5,2
37733,3,0,3
37734,3,0,3
37735,7,5,2
37736,7,7,0
37737,8,8,0
37779,195,141,54
37780,195,141,54
37781,195,141,54
37782,110,90,20
37783,110,90,20
37784,110,90,20
37785,110,90,20
37790,16,8,8
37791,195,141,54
37792,195,141,54
37793,195,141,54
37802,16,12,4
37803,8,5,3
37804,8,5,3
37807,9,6,3
37808,9,6,3
37809,8,5,3
37810,10,0,10
37811,10,0,10
37812,8,5,3
37813,10,0,10
37814,8,5,3
37815,8,5,3
37816,21,20,1
37817,21,20,1
37818,16,12,4
37819,70,50,20
37820,14,3,11
37821,9,7,2
37822,9,7,2
37823,12,6,6
37824,5,2,3
37825,5,2,3
37826,14,3,11
37827,12,6,6
37828,5,2,3
37829,5,2,3
37830,12,6,6
37831,11,8,3
37832,8,6,2
37833,8,6,2
37834,3,2,1
37835,8,6,2
37836,19,12,7
37837,19,12,7
37838,11,9,2
37840,11,9,2
37841,11,9,2
37851,2,2,0
37852,2,2,0
37883,11,10,1
37890,8,8,0
37892,8,8,0
37901,11,10,1
37902,20,15,5
37903,22,16,6
37904,22,16,6
37905,22,16,6
37906,21,16,5
37907,23,6,17
37908,23,6,17
37909,23,6,17
37910,14,8,6
37914,23,6,17
37915,23,6,17
37916,1,1,0
37918,14,8,6
37921,3,1,2
37927,3,1,2
37928,3,1,2
37929,23,15,8
37930,5,2,3
37931,14,8,6
37932,14,8,6
37933,14,8,6
37934,14,8,6
37935,14,8,6
37936,14,8,6
37937,14,8,6
37938,14,8,6
37939,22,3,19
37940,22,3,19
37941,22,3,19
37942,11,5,6
37952,22,3,19
37953,22,3,19
37954,11,5,6
37955,15,1,14
37956,4,3,1
37957,2,0,2
37958,11,5,6
37959,11,5,6
37960,11,5,6
37961,11,5,6
37962,11,5,6
37963,11,5,6
37964,11,5,6
37965,11,5,6
37966,11,5,6
37967,11,5,6
37968,11,5,6
37969,11,5,6
37970,23,18,5
37971,23,17,6
37972,23,17,6
37973,23,18,5
37974,24,18,6
37987,109,88,21
37988,7,7,0
37995,17,11,6
38006,14,11,3
38007,10,7,3
38008,10,7,3
38011,9,9,0
38012,9,9,0
38013,9,9,0
38014,9,9,0
38015,20,14,6
38030,1,0,1
38031,1,0,1
38032,11,5,6
38033,11,5,6
38034,2,1,1
38035,4,1,3
38036,150,113,37
38039,84,78,6
38040,54,51,3
38041,6,5,1
38043,6,5,1
38045,84,78,6
38046,16,16,0
38047,9,9,0
38048,84,78,6
38049,9,3,6
38050,9,3,6
38052,9,3,6
38053,9,3,6
38111,9,9,0
38112,6,6,0
38113,6,6,0
38114,2,2,0
38115,2,2,0
38116,2,2,0
38117,2,2,0
38124,30,30,0
38125,30,30,0
38130,5,3,2
38131,5,3,2
38132,59,52,7
38133,59,52,7
38134,2,2,0
38135,104,79,25
38136,6,4,2
38137,9,7,2
38138,20,5,15
38139,19,10,9
38140,104,79,25
38141,20,5,15
38142,20,5,15
38143,104,79,25
38144,104,79,25
38145,104,79,25
38146,15,10,5
38147,15,10,5
38148,15,10,5
38149,6,6,0
38150,75,71,4
38153,7,4,3
38154,11,8,3
38155,11,8,3
38156,25,20,5
38160,2,2,0
38161,3,3,0
38162,10,10,0
38163,10,10,0
38164,6,5,1
38165,6,5,1
38174,126,111,15
38175,10,10,0
38176,10,10,0
38207,22,19,3
38208,20,16,4
38209,20,16,4
38210,20,16,4
38211,9,4,5
38212,23,15,8
38213,23,15,8
38214,23,15,8
38215,6,1,5
38216,6,1,5
38217,6,1,5
38218,6,1,5
38219,23,15,8
38220,23,15,8
38231,27,8,19
38232,27,8,19
38233,29,25,4
38244,27,8,19
38245,29,25,4
38257,8,2,6
38259,2,1,1
38260,2,1,1
38261,21,18,3
38262,23,18,5
38263,21,18,3
38264,22,19,3
38265,3,0,3
38266,29,25,4
38267,29,25,4
38268,29,25,4
38269,29,25,4
38270,9,7,2
38271,9,7,2
38274,9,7,2
38298,126,111,15
38299,37,34,3
38305,24,16,8
38308,7,7,0
38309,7,7,0
38310,29,24,5
38311,4,4,0
38312,4,4,0
38315,37,34,3
38316,64,59,5
38317,64,59,5
38318,64,59,5
38319,64,59,5
38320,40,39,1
38321,40,39,1
38323,37,34,3
38324,17,13,4
38325,53,51,2
38326,53,51,2
38327,53,51,2
38328,86,77,9
38329,86,77,9
38330,13,13,0
38331,16,15,1
38332,16,15,1
38333,16,15,1
38334,16,15,1
38335,13,13,0
38336,10,10,0
38337,2,2,0
38338,2,2,0
38339,11,11,0
38340,11,11,0
38341,53,51,2
38342,53,51,2
38343,13,11,2
38344,13,11,2
38345,13,11,2
38346,13,11,2
38347,1,1,0
38348,1,1,0
38349,1,1,0
38350,86,77,9
38351,31,16,15
38352,5,3,2
38353,28,27,1
38354,6,2,4
38355,37,34,3
38356,14,10,4
38357,86,77,9
38358,86,77,9
38359,86,77,9
38360,86,77,9
38361,86,77,9
38362,86,77,9
38363,86,77,9
38364,86,77,9
38365,86,77,9
38366,86,77,9
38367,86,77,9
38368,86,77,9
38372,126,111,15
38373,126,111,15
38374,126,111,15
38377,7,6,1
38378,23,23,0
38379,23,23,0
38381,10,6,4
38382,10,6,4
38383,21,20,1
38384,58,50,8
38385,58,50,8
38386,66,65,1
38387,58,50,8
38388,58,50,8
38389,66,65,1
38390,2,2,0
38391,1,1,0
38392,66,65,1
38393,66,65,1
38394,66,65,1
38395,46,31,15
38396,3,1,2
38397,3,1,2
38398,15,12,3
38399,60,47,13
38400,60,47,13
38401,60,47,13
38402,38,29,9
38403,4,0,4
38404,112,93,19
38405,112,93,19
38406,70,61,9
38407,7,5,2
38408,6,4,2
38409,13,11,2
38411,5,5,0
38412,3,3,0
38413,3,3,0
38426,21,15,6
38427,21,15,6
38428,21,15,6
38429,7,2,5
38430,25,17,8
38431,25,17,8
38432,25,17,8
38433,7,1,6
38434,7,1,6
38435,25,17,8
38436,25,17,8
38437,33,10,23
38438,33,10,23
38439,33,10,23
38440,4,2,2
38441,4,2,2
38442,4,2,2
38443,4,2,2
38447,28,23,5
38448,25,10,15
38449,4,3,1
38450,4,2,2
38451,20,5,15
38452,10,7,3
38453,11,5,6
38454,11,5,6
38455,11,5,6
38456,11,5,6
38457,10,7,3
38458,20,5,15
38459,12,8,4
38460,2,1,1
38461,5,2,3
38462,11,7,4
38463,11,7,4
38464,25,10,15
38465,25,10,15
38467,1,1,0
38468,23,18,5
38469,7,2,5
38470,25,10,15
38471,112,93,19
38476,4,4,0
38477,112,93,19
38484,70,61,9
38485,70,61,9
38486,70,61,9
38487,70,61,9
38488,70,61,9
38489,70,61,9
38490,70,61,9
38491,70,61,9
38493,70,61,9
38494,70,61,9
38495,150,113,37
38496,1,1,0
38497,6,6,0
38498,6,6,0
38499,38,29,9
38500,38,29,9
38501,38,29,9
38502,27,21,6
38503,46,30,16
38504,46,30,16
38505,46,30,16
38506,93,78,15
38507,46,30,16
38508,46,30,16
38509,18,18,0
38510,18,18,0
38512,9,8,1
38513,9,8,1
38514,11,7,4
38515,10,8,2
38516,10,8,2
38517,8,3,5
38518,8,3,5
38520,93,78,15
38521,93,78,15
38522,93,78,15
38523,93,78,15
38524,92,83,9
38525,38,36,2
38526,56,52,4
38527,56,52,4
38528,37,34,3
38530,92,83,9
38531,136,122,14
38532,92,83,9
38533,136,122,14
38534,136,122,14
38535,136,122,14
38536,136,122,14
38537,136,122,14
38538,136,122,14
38539,136,122,14
38540,136,122,14
38541,11,8,3
38542,4,0,4
38543,4,0,4
38544,48,41,7
38545,22,12,10
38546,22,12,10
38547,1,1,0
38548,1,1,0
38549,1,1,0
38550,1,1,0
38553,44,37,7
38554,44,37,7
38555,37,26,11
38556,4,2,2
38557,4,2,2
38558,34,25,9
38559,34,25,9
38560,34,25,9
38561,34,25,9
38562,33,26,7
38563,10,8,2
38564,10,8,2
38565,29,2,27
38566,29,2,27
38567,29,2,27
38574,32,25,7
38575,32,25,7
38578,29,2,27
38579,24,16,8
38580,24,16,8
38587,29,2,27
38588,29,2,27
38589,29,2,27
38590,34,25,9
38591,34,25,9
38592,7,1,6
38593,7,5,2
38596,24,16,8
38597,13,0,13
38599,33,24,9
38601,33,24,9
38602,33,24,9
38603,4,4,0
38604,4,4,0
38605,37,26,11
38606,12,6,6
38607,24,16,8
38608,24,16,8
38609,24,16,8
38610,24,16,8
38611,24,16,8
38612,24,16,8
38613,24,16,8
38614,24,16,8
38615,24,16,8
38616,24,16,8
38617,68,59,9
38618,68,59,9
38626,68,59,9
38628,36,31,5
38629,12,11,1
38630,12,11,1
38632,12,12,0
38633,12,12,0
38636,26,21,5
38637,45,40,5
38638,45,40,5
38639,26,21,5
38640,65,51,14
38641,65,51,14
38642,65,51,14
38643,72,64,8
38644,10,10,0
38645,16,16,0
38646,10,10,0
38647,65,51,14
38648,65,51,14
38649,9,9,0
38650,72,64,8
38651,11,3,8
38652,25,20,5
38653,72,64,8
38654,72,64,8
38655,72,64,8
38656,32,20,12
38657,17,14,3
38658,5,4,1
38659,17,14,3
38660,4,2,2
38661,1,0,1
38662,1,0,1
38663,5,4,1
38664,5,4,1
38665,59,56,3
38666,2,2,0
38667,36,27,9
38668,70,54,16
38669,70,54,16
38670,70,54,16
38671,61,51,10
38672,9,9,0
38673,70,54,16
38674,70,54,16
38675,36,27,9
38676,36,27,9
38677,12,6,6
38678,12,6,6
38680,12,6,6
38681,12,6,6
38682,29,23,6
38683,61,51,10
38684,61,51,10
38685,15,14,1
38686,15,14,1
38691,6,6,0
38692,35,28,7
38693,5,5,0
38694,5,5,0
38695,31,26,5
38696,42,36,6
38697,42,36,6
38698,42,36,6
38699,42,36,6
38700,1,0,1
38701,1,0,1
38702,33,26,7
38703,92,74,18
38704,92,74,18
38705,92,74,18
38706,86,78,8
38707,15,15,0
38708,18,18,0
38709,18,18,0
38710,18,18,0
38711,15,15,0
38712,8,7,1
38713,1,0,1
38714,9,9,0
38715,92,74,18
38716,92,74,18
38717,17,17,0
38718,12,11,1
38720,12,11,1
38721,25,18,7
38722,86,78,8
38723,26,18,8
38724,7,5,2
38725,29,23,6
38726,31,26,5
38727,13,9,4
38728,86,78,8
38729,86,78,8
38730,86,78,8
38731,28,25,3
38732,28,25,3
38733,175,131,44
38734,175,131,44
38735,175,131,44
38737,2,2,0
38738,2,2,0
38739,36,33,3
38744,59,56,3
38745,59,56,3
38746,59,56,3
38747,59,56,3
38748,59,56,3
38749,59,56,3
38750,59,56,3
38751,59,56,3
38752,4,1,3
38754,5,5,0
38757,5,5,0
38758,2,2,0
38759,27,23,4
38760,2,0,2
38761,2,0,2
38766,32,13,19
38767,1,0,1
38770,18,11,7
38774,18,11,7
38775,32,13,19
38777,23,14,9
38778,28,19,9
38779,28,19,9
38780,28,19,9
38781,24,17,7
38782,32,13,19
38783,32,13,19
38784,32,13,19
38785,42,33,9
38786,3,3,0
38787,2,2,0
38788,2,2,0
38789,2,2,0
38790,32,13,19
38791,32,13,19
38792,1,1,0
38793,1,1,0
38795,42,33,9
38796,11,5,6
38797,18,11,7
38798,42,33,9
38799,42,33,9
38800,42,33,9
38801,42,33,9
38802,30,28,2
38803,30,28,2
38804,34,23,11
38805,30,23,7
38806,17,13,4
38807,6,5,1
38808,6,5,1
38809,21,18,3
38810,21,18,3
38811,15,13,2
38812,42,25,17
38813,42,25,17
38814,27,26,1
38815,6,6,0
38816,12,10,2
38817,30,23,7
38818,13,11,2
38819,13,11,2
38820,13,11,2
38845,58,37,21
38846,58,37,21
38847,74,39,35
38848,23,19,4
38849,28,20,8
38850,28,20,8
38851,28,20,8
38852,24,20,4
38853,53,27,26
38854,20,18,2
38855,20,18,2
38856,5,1,4
38857,53,27,26
38858,47,27,20
38859,12,11,1
38860,4,4,0
38861,2,2,0
38862,2,2,0
38863,11,2,9
38864,11,2,9
38865,11,2,9
38866,11,2,9
38867,74,39,35
38868,4,1,3
38869,47,27,20
38870,47,27,20
38871,47,27,20
38872,47,27,20
38873,47,27,20
38874,47,27,20
38875,47,27,20
38876,47,27,20
38880,38,33,5
38881,6,4,2
38886,21,14,7
38887,7,5,2
38888,7,5,2
38889,24,16,8
38890,24,16,8
38891,24,16,8
38892,24,16,8
38893,21,17,4
38894,21,17,4
38895,36,21,15
38896,2,2,0
38897,36,21,15
38898,30,23,7
38899,11,9,2
38900,13,9,4
38901,13,9,4
38902,13,9,4
38903,11,9,2
38904,8,6,2
38905,8,6,2
38906,36,21,15
38907,4,4,0
38908,4,4,0
38909,2,2,0
38910,39,35,4
38911,2,2,0
38913,5,3,2
38916,17,12,5
38917,21,14,7
38918,9,4,5
38919,30,23,7
38920,30,23,7
38921,30,23,7
38922,30,23,7
38923,30,23,7
38924,30,23,7
38925,30,23,7
38926,30,23,7
38930,12,7,5
38931,12,7,5
38932,12,7,5
38933,15,6,9
38934,15,6,9
38935,13,8,5
38936,15,6,9
38937,15,6,9
38939,13,8,5
38940,13,8,5
38941,15,6,9
38942,13,8,5
38943,1,0,1
38946,25,15,10
38947,22,22,0
38948,22,22,0
38949,9,6,3
38950,5,3,2
38951,5,3,2
38952,22,20,2
38953,22,20,2
38954,5,4,1
38955,5,4,1
38956,8,0,8
38958,1,0,1
38959,3,2,1
38960,1,0,1
38961,24,15,9
38962,3,2,1
38963,3,2,1
38966,20,20,0
38967,20,20,0
38968,20,20,0
38969,6,1,5
38970,21,14,7
38971,21,14,7
38972,21,14,7
38973,17,16,1
38976,21,14,7
38977,21,14,7
38978,20,20,0
38979,20,20,0
38980,17,16,1
38981,15,1,14
38984,17,16,1
38985,17,16,1
38986,17,16,1
38987,17,16,1
38988,17,16,1
38989,17,16,1
38990,17,16,1
38991,17,16,1
38992,17,16,1
38993,17,16,1
38994,17,16,1
38995,17,16,1
38997,41,21,20
38998,41,21,20
38999,41,21,20
39001,7,0,7
39002,7,0,7
39004,7,0,7
39005,7,0,7
39006,1,0,1
39007,1,0,1
39008,1,0,1
39009,1,0,1
39011,41,21,20
39012,41,21,20
39018,17,15,2
39019,17,15,2
39020,17,17,0
39022,17,17,0
39023,2,2,0
39024,13,9,4
39025,13,9,4
39026,13,9,4
39027,3,2,1
39028,4,3,1
39029,13,9,4
39030,33,28,5
39033,29,22,7
39034,22,20,2
39035,10,9,1
39036,4,0,4
39037,40,34,6
39038,40,34,6
39039,40,34,6
39040,40,34,6
39042,49,28,21
39043,49,28,21
39044,49,28,21
39045,49,28,21
39057,4,4,0
39058,49,28,21
39059,10,0,10
39060,10,0,10
39061,34,23,11
39062,5,5,0
39063,5,5,0
39064,8,8,0
39066,15,10,5
39067,15,10,5
39068,4,4,0
39071,15,10,5
39072,15,10,5
39073,3,1,2
39074,3,1,2
39075,23,16,7
39076,23,16,7
39077,4,2,2
39078,203,143,60
39079,8,3,5
39090,57,40,17
39091,13,11,2
39092,13,11,2
39093,13,11,2
39094,6,4,2
39095,6,4,2
39096,13,6,7
39098,13,6,7
39099,9,7,2
39100,11,1,10
39101,11,1,10
39105,36,36,0
39106,8,5,3
39107,57,40,17
39110,6,6,0
39111,203,143,60
39112,203,143,60
39113,6,6,0
39116,6,6,0
39117,203,143,60
39118,203,143,60
39123,3,2,1
39124,1,0,1
39125,60,39,21
39132,70,51,19
39133,70,51,19
39134,4,4,0
39135,4,4,0
39137,4,2,2
39144,4,2,2
39145,20,13,7
39146,24,17,7
39147,49,28,21
39148,49,28,21
39149,49,28,21
39150,49,28,21
39151,28,17,11
39152,4,4,0
39153,4,4,0
39154,2,2,0
39155,2,2,0
39156,49,28,21
39157,49,28,21
39158,49,28,21
39160,28,17,11
39168,4,4,0
39173,19,12,7
39174,28,17,11
39175,28,17,11
39176,28,17,11
39177,7,7,0
39178,7,7,0
39179,99,67,32
39180,99,67,32
39181,99,67,32
39182,50,26,24
39184,4,2,2
39186,4,2,2
39187,58,41,17
39188,13,9,4
39189,13,9,4
39190,58,41,17
39191,20,16,4
39193,32,15,17
39194,32,15,17
39195,32,15,17
39196,8,6,2
39197,15,2,13
39198,15,2,13
39199,15,2,13
39200,15,2,13
39201,15,2,13
39202,15,2,13
39203,13,2,11
39204,6,3,3
39205,13,2,11
39206,15,2,13
39207,15,2,13
39208,5,2,3
39209,5,2,3
39210,5,2,3
39211,5,3,2
39212,15,2,13
39214,15,2,13
39216,15,2,13
39217,99,67,32
39218,99,67,32
39219,99,67,32
39220,1,0,1
39221,3,3,0
39222,99,67,32
39223,99,67,32
39224,81,58,23
39225,14,12,2
39226,9,8,1
39227,9,8,1
39228,9,8,1
39229,9,8,1
39230,14,12,2
39231,10,10,0
39232,9,9,0
39233,99,67,32
39234,99,67,32
39235,99,67,32
39236,16,16,0
39237,16,16,0
39238,11,7,4
39239,3,0,3
39242,1,1,0
39243,1,1,0
39244,1,1,0
39245,99,67,32
39246,99,67,32
39247,50,26,24
39248,5,2,3
39249,81,58,23
39250,81,58,23
39251,81,58,23
39252,81,58,23
39253,81,58,23
39254,203,143,60
39255,203,143,60
39256,90,71,19
39257,90,71,19
39258,90,71,19
39259,11,9,2
39260,8,6,2
39261,203,143,60
39262,12,12,0
39263,1,0,1
39264,1,0,1
39265,9,7,2
39266,12,12,0
39267,3,3,0
39268,3,3,0
39269,3,3,0
39270,3,3,0
39271,3,3,0
39272,3,3,0
39273,3,3,0
39274,5,2,3
39275,104,83,21
39276,104,83,21
39301,1,0,1
39304,1,0,1
39308,96,63,33
39335,4,3,1
39336,56,50,6
39337,56,50,6
39338,56,44,12
39339,178,141,37
39340,143,104,39
39370,23,19,4
39371,3,2,1
39372,3,2,1
39373,32,25,7
39374,32,25,7
39375,32,25,7
39376,32,25,7
39377,20,18,2
39378,39,19,20
39379,39,19,20
39380,42,38,4
39382,42,38,4
39388,17,15,2
39389,7,3,4
39390,42,38,4
39391,42,38,4
39392,42,38,4
39393,42,38,4
39394,12,9,3
39395,1,0,1
39396,22,19,3
39397,22,19,3
39398,22,19,3
39399,20,11,9
39400,20,11,9
39401,12,10,2
39404,12,10,2
39405,3,0,3
39406,12,10,2
39407,12,10,2
39408,12,10,2
39428,9,9,0
39429,18,17,1
39432,18,17,1
39435,23,16,7
39436,21,17,4
39437,21,17,4
39438,21,17,4
39439,21,17,4
39440,19,16,3
39441,23,6,17
39444,23,6,17
39445,19,14,5
39454,23,6,17
39455,19,14,5
39456,11,1,10
39457,2,1,1
39458,21,16,5
39459,1,0,1
39460,4,0,4
39461,19,14,5
39462,19,14,5
39463,19,14,5
39464,19,14,5
39465,19,14,5
39466,19,14,5
39467,19,14,5
39468,19,14,5
39469,14,9,5
39470,14,9,5
39471,14,9,5
39472,15,12,3
39473,14,10,4
39474,14,10,4
39475,14,10,4
39476,14,10,4
39477,16,13,3
39478,17,0,17
39479,17,0,17
39480,12,8,4
39489,17,0,17
39490,12,8,4
39491,6,0,6
39492,16,13,3
39493,15,12,3
39494,4,0,4
39495,12,8,4
39496,12,8,4
39497,12,8,4
39498,12,8,4
39499,42,30,12
39500,12,10,2
39501,17,11,6
39502,17,11,6
39503,17,11,6
39504,17,11,6
39505,38,28,10
39506,38,28,10
39507,38,28,10
39508,29,25,4
39509,32,9,23
39510,32,9,23
39511,8,7,1
39512,51,43,8
39513,5,2,3
39514,3,2,1
39515,6,2,4
39516,22,17,5
39517,22,17,5
39518,24,19,5
39519,8,4,4
39520,6,2,4
39521,6,2,4
39522,6,2,4
39523,26,16,10
39524,8,5,3
39525,14,12,2
39526,14,12,2
39527,14,12,2
39528,14,12,2
39529,14,12,2
39530,22,17,5
39531,29,21,8
39532,29,21,8
39533,21,16,5
39534,21,2,19
39535,21,2,19
39536,30,19,11
39537,21,2,19
39538,21,2,19
39539,3,2,1
39540,3,2,1
39541,30,19,11
39542,30,19,11
39543,30,19,11
39544,30,19,11
39545,30,19,11
39546,30,19,11
39547,30,19,11
39548,30,19,11
39549,30,19,11
39550,30,19,11
39551,30,19,11
39552,1,0,1
39554,16,13,3
39555,1,0,1
39556,10,7,3
39557,12,5,7
39558,12,5,7
39559,13,11,2
39561,13,11,2
39562,13,11,2
39563,13,11,2
39564,13,11,2
39565,15,12,3
39566,19,17,2
39567,19,17,2
39569,19,17,2
39570,19,17,2
39583,16,16,0
39584,17,13,4
39585,19,11,8
39586,19,11,8
39587,19,11,8
39588,24,20,4
39593,19,11,8
39594,6,6,0
39596,24,20,4
39597,24,20,4
39598,24,20,4
39599,24,20,4
39600,45,32,13
39601,20,15,5
39602,1,0,1
39603,25,21,4
39604,25,21,4
39605,25,21,4
39606,25,21,4
39607,21,17,4
39608,21,17,4
39609,21,17,4
39610,33,17,16
39611,33,17,16
39612,33,17,16
39613,42,36,6
39617,33,17,16
39618,2,2,0
39619,2,2,0
39620,2,2,0
39621,2,2,0
39622,42,36,6
39624,45,32,13
39625,42,36,6
39626,42,36,6
39627,42,36,6
39628,42,36,6
39629,19,8,11
39630,19,8,11
39632,19,8,11
39633,5,5,0
39634,19,8,11
39640,9,8,1
39641,3,2,1
39642,8,7,1
39643,8,7,1
39644,9,8,1
39645,15,9,6
39649,6,6,0
39650,15,9,6
39651,15,9,6
39652,15,9,6
39653,15,9,6
39654,2,0,2
39655,2,0,2
39656,9,7,2
39657,9,8,1
39658,8,8,0
39659,2,0,2
39660,2,0,2
39661,8,4,4
39662,2,0,2
39663,8,4,4
39664,9,7,2
39665,8,4,4
39666,8,4,4
39667,8,4,4
39671,13,13,0
39672,2,2,0
39673,2,2,0
39675,6,6,0
39676,6,6,0
39677,6,6,0
39678,6,6,0
39679,5,5,0
39680,7,7,0
39681,4,4,0
39682,8,8,0
39683,8,8,0
39686,18,16,2
39687,14,12,2
39688,18,15,3
39689,18,15,3
39690,18,15,3
39691,15,11,4
39692,15,11,4
39693,3,0,3
39694,3,0,3
39695,15,11,4
39696,16,1,15
39699,16,1,15
39700,13,11,2
39704,13,11,2
39705,14,12,2
39706,3,0,3
39707,13,11,2
39708,13,11,2
39709,13,11,2
39710,13,11,2
39712,44,41,3
39713,21,17,4
39714,3,2,1
39715,23,20,3
39716,23,20,3
39717,23,20,3
39718,23,20,3
39719,18,16,2
39720,26,11,15
39721,26,11,15
39722,38,36,2
39723,4,4,0
39724,4,4,0
39725,4,4,0
39726,4,4,0
39727,4,4,0
39728,3,3,0
39729,3,3,0
39730,38,36,2
39731,2,1,1
39734,17,14,3
39735,2,1,1
39736,7,3,4
39737,38,36,2
39738,38,36,2
39739,38,36,2
39740,38,36,2
39741,38,36,2
39742,38,36,2
39743,11,8,3
39744,15,7,8
39745,15,7,8
39746,11,8,3
39747,15,4,11
39748,15,4,11
39749,13,4,9
39750,13,4,9
39752,3,0,3
39753,13,4,9
39754,13,4,9
39755,13,4,9
39756,20,16,4
39757,41,30,11
39758,41,30,11
39759,41,30,11
39760,41,30,11
39761,20,16,4
39762,41,25,16
39763,41,25,16
39764,63,50,13
39765,8,8,0
39766,8,8,0
39767,3,3,0
39768,63,50,13
39769,8,2,6
39770,3,3,0
39777,10,4,6
39778,63,50,13
39779,63,50,13
39780,63,50,13
39781,63,50,13
39782,14,12,2
39783,28,23,5
39784,5,5,0
39785,14,10,4
39786,14,10,4
39787,27,21,6
39788,27,21,6
39789,27,21,6
39790,14,10,4
39791,9,3,6
39793,4,0,4
39796,4,0,4
39797,4,0,4
39805,31,31,0
39806,53,53,0
39820,53,53,0
39821,53,53,0
39822,10,9,1
39823,11,7,4
39824,11,7,4
39825,11,7,4
39826,11,9,2
39827,14,2,12
39829,13,9,4
39830,13,9,4
39831,13,9,4
39832,13,9,4
39833,13,9,4
39839,13,10,3
39840,13,10,3
39841,13,10,3
39842,13,10,3
39843,13,10,3
39844,13,10,3
39845,13,10,3
39846,13,10,3
39847,13,10,3
39848,13,10,3
39849,13,10,3
39850,13,10,3
39851,11,8,3
39852,11,8,3
39853,9,0,9
39854,1,0,1
39855,9,0,9
39856,8,3,5
39860,8,3,5
39861,10,8,2
39862,8,3,5
39863,8,3,5
39864,8,3,5
39865,8,3,5
39866,6,4,2
39867,3,2,1
39868,3,2,1
39869,8,8,0
39870,9,6,3
39871,9,6,3
39872,30,26,4
39873,9,6,3
39874,24,24,0
39875,30,26,4
39876,30,26,4
39877,13,11,2
39878,12,11,1
39879,14,0,14
39881,9,5,4
39885,9,5,4
39886,9,5,4
39887,9,5,4
39888,9,5,4
39889,9,5,4
39890,9,5,4
39891,9,5,4
39892,9,5,4
39893,9,5,4
39894,15,14,1
39896,15,14,1
39897,15,14,1
39898,13,10,3
39900,23,13,10
39901,8,6,2
39902,19,11,8
39903,19,11,8
39904,19,11,8
39905,19,11,8
39906,19,13,6
39907,6,2,4
39908,6,2,4
39909,4,0,4
39910,4,0,4
39912,6,2,4
39913,6,2,4
39914,21,4,17
39915,21,4,17
39916,21,4,17
39917,37,25,12
39918,8,7,1
39919,8,5,3
39920,8,5,3
39921,8,5,3
39922,8,5,3
39923,8,7,1
39924,8,8,0
39925,2,0,2
39926,8,7,1
39927,8,7,1
39928,21,4,17
39929,21,4,17
39930,4,4,0
39931,37,25,12
39932,7,1,6
39933,2,1,1
39934,19,13,6
39935,23,13,10
39936,37,25,12
39937,37,25,12
39938,37,25,12
39939,37,25,12
39945,24,24,0
39958,32,29,3
39959,18,15,3
39960,23,19,4
39961,23,19,4
39962,23,19,4
39963,23,19,4
39964,21,14,7
39965,21,14,7
39966,21,14,7
39967,5,0,5
39968,5,0,5
39969,5,0,5
39970,5,0,5
39971,21,14,7
39972,21,14,7
39973,23,6,17
39974,23,6,17
39975,34,30,4
39978,23,6,17
39979,34,30,4
39980,5,1,4
39981,18,15,3
39982,32,29,3
39983,5,1,4
39984,34,30,4
39985,34,30,4
39986,4,2,2
39987,4,2,2
39989,51,43,8
39990,51,43,8
39991,17,9,8
39992,17,9,8
39993,23,13,10
40008,16,8,8
40009,8,4,4
40010,17,10,7
40011,17,10,7
40012,6,2,4
40013,6,2,4
40014,6,2,4
40015,6,2,4
40017,17,10,7
40018,17,10,7
40019,16,8,8
40020,11,9,2
40021,11,9,2
40027,13,13,0
40028,5,5,0
40029,5,5,0
40031,32,30,2
40038,52,32,20
40039,52,32,20
40040,50,40,10
40041,50,40,10
40045,5,5,0
40046,14,14,0
40047,14,14,0
40048,14,14,0
40049,14,14,0
40050,9,5,4
40051,9,5,4
40052,21,12,9
40053,21,12,9
40054,19,5,14
40055,21,12,9
40056,21,12,9
40057,19,5,14
40058,19,5,14
40059,19,5,14
40060,19,5,14
40061,50,40,10
40062,50,40,10
40063,50,40,10
40064,50,40,10
40065,50,40,10
40066,50,40,10
40067,50,40,10
40068,50,40,10
40070,9,6,3
40071,17,14,3
40072,15,8,7
40073,15,8,7
40074,25,22,3
40075,4,4,0
40076,6,6,0
40077,3,3,0
40078,15,8,7
40079,25,22,3
40080,9,6,3
40081,25,22,3
40084,33,26,7
40090,13,11,2
40091,13,11,2
40092,13,11,2
40093,12,10,2
40095,32,23,9
40096,32,23,9
40097,25,23,2
40098,4,4,0
40099,25,23,2
40100,25,23,2
40101,25,23,2
40102,6,6,0
40103,22,21,1
40104,22,21,1
40105,17,15,2
40106,17,15,2
40107,17,15,2
40108,12,7,5
40109,17,15,2
40110,17,15,2
40111,35,21,14
40112,41,40,1
40113,2,2,0
40114,2,2,0
40115,13,11,2
40116,14,11,3
40117,14,11,3
40118,14,11,3
40119,14,12,2
40122,15,2,13
40123,15,2,13
40124,15,13,2
40129,15,13,2
40130,14,12,2
40131,13,11,2
40132,3,0,3
40133,15,13,2
40134,15,13,2
40135,15,13,2
40136,15,13,2
40137,1,1,0
40143,7,7,0
40144,6,4,2
40145,13,13,0
40146,11,10,1
40147,11,10,1
40148,13,13,0
40149,13,13,0
40150,13,13,0
40164,41,40,1
40165,41,40,1
40166,41,40,1
40167,41,40,1
40180,25,16,9
40181,25,16,9
40182,25,16,9
40183,23,18,5
40184,35,21,14
40185,35,21,14
40186,53,40,13
40187,6,3,3
40188,35,21,14
40189,53,40,13
40190,53,40,13
40193,8,7,1
40194,8,7,1
40195,5,5,0
40196,5,5,0
40197,4,1,3
40198,8,7,1
40199,29,29,0
40200,29,29,0
40201,37,34,3
40202,14,14,0
40204,19,18,1
40205,19,18,1
40206,19,18,1
40207,19,18,1
40208,13,13,0
40209,4,4,0
40210,4,0,4
40211,49,49,0
40212,49,49,0
40213,49,49,0
40214,49,49,0
40215,3,3,0
40216,3,3,0
40219,4,3,1
40220,25,16,9
40221,25,16,9
40226,54,43,11
40227,31,24,7
40228,31,24,7
40233,3,2,1
40234,10,3,7
40236,3,2,1
40237,3,2,1
40238,54,43,11
40241,16,12,4
40242,20,14,6
40243,20,14,6
40244,20,14,6
40245,17,14,3
40246,34,16,18
40247,34,16,18
40248,13,9,4
40250,5,0,5
40251,13,10,3
40252,13,9,4
40253,13,9,4
40254,13,9,4
40255,13,9,4
40258,2,0,2
40260,25,21,4
40261,24,23,1
40262,11,7,4
40263,11,7,4
40264,11,7,4
40265,2,1,1
40266,2,1,1
40267,3,1,2
40268,2,1,1
40269,9,8,1
40270,11,9,2
40271,2,1,1
40273,5,5,0
40274,5,5,0
40275,6,3,3
40276,6,3,3
40277,6,3,3
40278,6,3,3
40279,5,5,0
40280,8,7,1
40281,38,34,4
40282,9,7,2
40283,13,10,3
40284,13,10,3
40285,10,8,2
40286,25,19,6
40287,25,19,6
40288,21,19,2
40290,2,0,2
40291,21,19,2
40292,22,14,8
40293,22,14,8
40294,16,2,14
40295,16,2,14
40296,15,10,5
40297,16,10,6
40298,16,10,6
40299,16,11,5
40301,16,2,14
40302,17,11,6
40303,20,15,5
40308,16,2,14
40309,16,2,14
40310,1,1,0
40311,20,15,5
40312,15,10,5
40313,1,0,1
40314,3,1,2
40315,20,15,5
40316,20,15,5
40317,20,15,5
40318,20,15,5
40319,16,5,11
40321,16,5,11
40322,9,6,3
40324,9,6,3
40325,9,6,3
40326,9,6,3
40327,9,6,3
40328,9,6,3
40329,9,6,3
40330,9,6,3
40331,9,6,3
40332,25,25,0
40333,6,6,0
40334,25,25,0
40335,15,13,2
40336,16,14,2
40337,16,14,2
40338,15,13,2
40339,15,1,14
40340,15,1,14
40341,14,12,2
40343,14,12,2
40344,14,12,2
40345,14,12,2
40346,14,12,2
40347,14,12,2
40348,14,12,2
40349,14,12,2
40350,14,12,2
40351,14,12,2
40352,16,13,3
40353,16,13,3
40354,16,13,3
40355,16,13,3
40356,16,14,2
40357,27,10,17
40360,27,10,17
40361,17,15,2
40365,17,15,2
40366,16,13,3
40367,4,1,3
40368,17,15,2
40369,17,15,2
40370,17,15,2
40371,17,15,2
40372,17,15,2
40373,17,15,2
40374,9,9,0
40375,9,9,0
40376,9,9,0
40377,9,9,0
40378,9,9,0
40379,9,9,0
40380,68,57,11
40381,38,34,4
40382,38,34,4
40384,17,11,6
40387,5,1,4
40388,16,9,7
40389,16,9,7
40390,16,9,7
40391,16,9,7
40392,17,12,5
40393,16,0,16
40395,16,0,16
40396,19,7,12
40398,2,1,1
40399,19,7,12
40401,3,1,2
40402,17,11,6
40403,6,1,5
40404,19,7,12
40405,19,7,12
40406,19,7,12
40407,19,7,12
40430,32,25,7
40431,3,0,3
40432,3,0,3
40433,38,30,8
40434,38,30,8
40435,38,30,8
40436,38,30,8
40437,28,22,6
40438,28,22,6
40439,6,3,3
40440,6,3,3
40441,28,22,6
40442,36,14,22
40445,36,14,22
40446,35,25,10
40455,36,14,22
40456,4,3,1
40457,35,25,10
40458,14,4,10
40459,3,2,1
40460,25,21,4
40461,2,2,0
40462,2,2,0
40463,32,25,7
40464,8,3,5
40465,35,25,10
40466,35,25,10
40467,35,25,10
40468,35,25,10
40469,35,25,10
40470,35,25,10
40471,35,25,10
40472,35,25,10
40473,12,8,4
40474,9,4,5
40475,1,0,1
40476,5,2,3
40478,25,20,5
40479,25,20,5
40480,25,20,5
40481,25,20,5
40482,25,20,5
40483,25,20,5
40484,25,20,5
40485,25,20,5
40486,68,57,11
40487,2,0,2
40488,2,0,2
40489,72,59,13
40492,27,23,4
40493,31,27,4
40494,31,27,4
40495,31,27,4
40496,31,27,4
40497,32,29,3
40498,37,16,21
40499,37,16,21
40500,48,44,4
40512,37,16,21
40513,4,4,0
40514,4,4,0
40515,48,44,4
40516,16,3,13
40517,7,6,1
40518,22,18,4
40519,2,0,2
40520,27,23,4
40521,8,4,4
40522,48,44,4
40523,48,44,4
40524,48,44,4
40525,48,44,4
40526,48,44,4
40527,48,44,4
40529,48,44,4
40530,48,44,4
40533,29,28,1
40535,18,12,6
40536,19,15,4
40537,19,15,4
40538,1,0,1
40539,1,0,1
40540,1,0,1
40543,14,11,3
40546,19,9,10
40547,19,9,10
40548,28,25,3
40553,19,9,10
40554,7,2,5
40555,2,1,1
40556,2,1,1
40557,28,25,3
40558,28,25,3
40559,28,25,3
40560,28,25,3
40563,7,5,2
40568,7,5,2
40572,12,11,1
40573,15,14,1
40574,15,14,1
40575,15,14,1
40576,15,14,1
40577,13,12,1
40583,19,9,10
40584,34,33,1
40585,4,4,0
40586,8,8,0
40587,12,11,1
40588,34,33,1
40589,34,33,1
40594,22,19,3
40595,26,19,7
40596,26,19,7
40597,26,19,7
40598,26,19,7
40599,22,18,4
40600,22,18,4
40605,24,2,22
40606,24,2,22
40607,29,22,7
40608,6,6,0
40609,5,4,1
40610,5,4,1
40611,5,4,1
40612,1,1,0
40613,3,1,2
40614,5,4,1
40615,5,4,1
40616,24,2,22
40617,29,22,7
40618,11,1,10
40619,2,1,1
40620,22,18,4
40621,22,19,3
40622,4,0,4
40623,29,22,7
40624,29,22,7
40625,29,22,7
40626,29,22,7
40627,29,22,7
40628,29,22,7
40629,29,22,7
40630,29,22,7
40631,20,8,12
40633,39,33,6
40634,39,33,6
40635,39,33,6
40636,39,33,6
40637,39,33,6
40638,39,33,6
40639,39,33,6
40640,39,33,6
40641,39,33,6
40642,39,33,6
40674,5,5,0
40675,5,5,0
40677,14,11,3
40678,12,8,4
40679,12,8,4
40680,12,8,4
40683,12,8,4
40684,13,9,4
40685,13,9,4
40686,3,0,3
40687,13,9,4
40688,17,5,12
40689,17,5,12
40690,11,8,3
40692,17,5,12
40693,11,8,3
40696,4,0,4
40697,11,8,3
40698,11,8,3
40699,5,5,0
40701,9,9,0
40702,9,9,0
40706,3,0,3
40707,3,0,3
40708,3,0,3
40714,26,21,5
40715,15,14,1
40716,26,22,4
40717,26,22,4
40718,26,22,4
40719,26,22,4
40720,17,15,2
40721,16,14,2
40722,16,14,2
40723,51,45,6
40724,5,3,2
40726,51,45,6
40727,51,45,6
40728,51,45,6
40729,51,45,6
40734,4,4,0
40735,4,4,0
40736,24,24,0
40737,17,17,0
40738,15,15,0
40739,15,15,0
40740,37,37,0
40741,5,5,0
40745,37,37,0
40746,9,9,0
40747,37,37,0
40748,37,37,0
40749,37,37,0
40750,37,37,0
40752,10,0,10
40776,19,17,2
40777,7,6,1
40778,7,6,1
40779,31,29,2
40780,31,29,2
40781,31,29,2
40782,31,29,2
40783,21,21,0
40786,25,23,2
40789,25,23,2
40790,53,53,0
40791,8,8,0
40792,10,10,0
40793,10,10,0
40794,8,8,0
40795,5,5,0
40796,5,5,0
40797,25,23,2
40808,53,53,0
40809,13,13,0
40810,8,4,4
40811,53,53,0
40812,53,53,0
40813,53,53,0
40814,53,53,0
40825,2,2,0
40826,2,2,0
40836,8,4,4
40892,9,6,3
40893,9,6,3
40894,17,14,3
40895,9,6,3
40896,17,14,3
40897,17,14,3
40947,4,4,0
40948,4,4,0
40949,21,21,0
40950,21,21,0
40951,21,21,0
40952,13,13,0
40953,16,15,1
40966,16,15,1
40967,34,34,0
40968,4,4,0
40969,4,4,0
40970,16,15,1
40975,34,34,0
40976,34,34,0
41042,27,26,1
41043,18,18,0
41044,35,32,3
41045,35,32,3
41046,35,32,3
41047,35,32,3
41048,24,24,0
41059,27,26,1
41060,27,26,1
41061,41,40,1
41062,6,6,0
41063,12,12,0
41064,5,5,0
41065,41,40,1
41066,9,0,9
41067,10,0,10
41068,27,26,1
41086,18,18,0
41087,6,2,4
41088,41,40,1
41089,41,40,1
41090,41,40,1
41091,41,40,1
41092,41,40,1
41093,41,40,1
41094,41,40,1
41095,41,40,1
41096,9,7,2
41097,19,17,2
41098,17,12,5
41099,30,28,2
41100,17,12,5
41101,30,28,2
41102,25,13,12
41103,4,3,1
41104,31,26,5
41105,31,26,5
41106,13,10,3
41107,39,31,8
41108,39,31,8
41109,74,58,16
41110,7,6,1
41111,14,12,2
41112,14,11,3
41113,74,58,16
41114,25,18,7
41115,6,4,2
41116,6,4,2
41117,25,19,6
41118,25,19,6
41119,25,19,6
41120,25,19,6
41121,27,22,5
41122,27,9,18
41123,27,9,18
41124,27,9,18
41125,29,19,10
41126,8,8,0
41127,4,4,0
41128,4,4,0
41129,4,4,0
41130,4,4,0
41131,6,6,0
41132,27,9,18
41133,27,9,18
41134,4,4,0
41135,4,4,0
41137,29,19,10
41138,2,1,1
41139,2,0,2
41140,20,8,12
41141,7,6,1
41142,20,8,12
41143,20,8,12
41144,20,8,12
41145,20,8,12
41146,24,17,7
41147,3,3,0
41148,3,3,0
41149,15,11,4
41150,29,19,10
41151,29,19,10
41152,29,19,10
41153,29,19,10
41154,29,19,10
41155,29,19,10
41156,29,19,10
41157,29,19,10
41158,24,4,20
41159,21,18,3
41160,20,16,4
41161,20,16,4
41162,20,16,4
41163,20,16,4
41164,22,17,5
41165,22,17,5
41166,3,0,3
41167,3,0,3
41168,22,17,5
41171,24,4,20
41172,22,19,3
41173,13,10,3
41177,24,4,20
41178,13,10,3
41179,21,18,3
41180,4,0,4
41181,13,10,3
41182,13,10,3
41183,13,10,3
41184,13,10,3
41185,13,10,3
41186,13,10,3
41187,13,10,3
41188,13,10,3
41191,26,21,5
41201,11,2,9
41202,11,2,9
41203,11,2,9
41204,6,0,6
41205,6,0,6
41206,6,0,6
41207,6,0,6
41208,6,0,6
41209,6,0,6
41210,11,2,9
41211,11,2,9
41212,11,2,9
41213,9,6,3
41214,9,6,3
41215,9,6,3
41216,11,8,3
41217,17,1,16
41218,17,1,16
41219,17,1,16
41220,2,2,0
41221,2,2,0
41223,12,8,4
41224,1,0,1
41225,2,2,0
41226,17,5,12
41227,9,7,2
41228,7,5,2
41229,7,5,2
41230,7,5,2
41231,7,5,2
41232,9,7,2
41233,17,5,12
41234,11,8,3
41235,1,0,1
41236,10,8,2
41237,10,8,2
41238,14,6,8
41239,6,3,3
41240,6,3,3
41241,14,6,8
41242,11,8,3
41243,7,4,3
41244,14,6,8
41248,6,3,3
41249,7,1,6
41250,12,11,1
41251,12,11,1
41252,12,11,1
41253,22,12,10
41255,22,12,10
41256,34,15,19
41257,14,6,8
41258,34,15,19
41259,26,9,17
41261,10,6,4
41262,14,8,6
41263,14,8,6
41264,14,8,6
41265,14,8,6
41266,10,6,4
41267,27,10,17
41268,19,15,4
41269,10,1,9
41270,10,7,3
41271,34,15,19
41272,34,15,19
41277,34,15,19
41278,34,15,19
41279,24,11,13
41280,24,11,13
41281,24,11,13
41282,24,11,13
41283,34,15,19
41284,34,15,19
41285,17,8,9
41286,17,8,9
41287,17,8,9
41288,12,6,6
41289,32,9,23
41290,32,9,23
41291,32,9,23
41292,33,14,19
41293,10,1,9
41294,3,0,3
41295,13,6,7
41296,13,6,7
41297,14,6,8
41298,14,6,8
41299,14,6,8
41300,14,6,8
41301,14,6,8
41302,14,6,8
41303,16,13,3
41304,2,1,1
41305,2,1,1
41306,16,11,5
41307,16,11,5
41308,16,11,5
41309,16,11,5
41310,13,12,1
41311,13,12,1
41312,4,2,2
41315,4,2,2
41316,17,11,6
41317,6,5,1
41318,3,3,0
41319,3,3,0
41320,3,3,0
41321,3,3,0
41322,6,5,1
41323,6,6,0
41324,17,11,6
41326,6,0,6
41327,13,13,0
41328,4,0,4
41329,17,11,6
41330,17,11,6
41331,17,11,6
41332,17,11,6
41333,6,5,1
41334,8,7,1
41335,9,8,1
41336,10,2,8
41337,4,3,1
41338,10,7,3
41339,10,7,3
41340,5,2,3
41341,9,4,5
41342,9,4,5
41343,4,1,3
41344,4,1,3
41345,9,4,5
41346,11,3,8
41347,11,3,8
41348,4,3,1
41349,4,3,1
41350,2,2,0
41351,11,11,0
41352,3,1,2
41353,10,9,1
41354,10,9,1
41355,12,12,0
41358,12,12,0
41359,12,12,0
41360,5,2,3
41361,5,2,3
41363,13,11,2
41364,13,11,2
41365,13,11,2
41367,4,3,1
41368,8,0,8
41369,2,1,1
41372,2,1,1
41373,2,1,1
41374,11,9,2
41375,11,9,2
41376,11,9,2
41389,12,12,0
41390,13,12,1
41391,13,12,1
41392,13,12,1
41393,13,12,1
41394,13,13,0
41395,15,15,0
41401,15,15,0
41402,11,11,0
41403,4,0,4
41404,15,15,0
41405,15,15,0
41406,15,15,0
41409,13,11,2
41411,12,12,0
41412,11,11,0
41413,11,11,0
41415,7,7,0
41417,7,7,0
41418,7,7,0
41419,7,7,0
41420,7,7,0
41421,7,7,0
41422,7,7,0
41423,7,7,0
41424,7,7,0
41428,13,10,3
41429,13,9,4
41430,13,9,4
41431,13,10,3
41432,11,0,11
41433,11,0,11
41434,11,0,11
41435,12,9,3
41438,2,0,2
41439,12,9,3
41440,12,9,3
41441,12,9,3
41442,12,9,3
41443,12,9,3
41444,12,9,3
41445,2,2,0
41446,20,19,1
41447,20,19,1
41448,41,29,12
41452,41,29,12
41453,61,44,17
41454,14,14,0
41455,20,20,0
41456,30,30,0
41457,30,30,0
41458,30,30,0
41459,30,30,0
41460,30,30,0
41461,30,30,0
41462,30,30,0
41463,30,30,0
41464,30,30,0
41473,9,6,3
41475,13,10,3
41476,13,10,3
41477,13,10,3
41478,13,10,3
41479,13,5,8
41480,13,5,8
41481,1,1,0
41482,13,5,8
41483,1,0,1
41484,1,0,1
41485,1,0,1
41487,1,0,1
41488,14,7,7
41489,17,14,3
41490,9,6,3
41491,1,1,0
41492,1,1,0
41493,1,1,0
41494,19,19,0
41495,19,19,0
41496,19,18,1
41497,19,18,1
41498,20,20,0
41499,22,22,0
41500,22,22,0
41501,24,24,0
41522,38,29,9
41523,38,29,9
41524,31,31,0
41525,12,10,2
41526,21,17,4
41527,21,17,4
41528,31,31,0
41529,17,17,0
41530,28,19,9
41531,38,29,9
41532,38,29,9
41533,19,11,8
41534,31,31,0
41535,31,31,0
41536,31,31,0
41537,31,31,0
41538,31,31,0
41539,31,31,0
41540,31,31,0
41556,13,13,0
41557,16,16,0
41558,16,16,0
41559,16,16,0
41560,16,16,0
41594,9,7,2
41595,11,8,3
41596,11,8,3
41597,11,8,3
41598,16,6,10
41599,6,5,1
41600,22,12,10
41601,14,12,2
41602,14,12,2
41603,11,9,2
41604,19,9,10
41605,19,9,10
41606,11,8,3
41607,1,0,1
41608,11,9,2
41609,8,6,2
41610,22,12,10
41611,22,12,10
41612,17,11,6
41613,17,11,6
41614,22,12,10
41615,9,3,6
41616,9,3,6
41617,18,13,5
41618,18,13,5
41619,7,2,5
41620,7,2,5
41621,19,11,8
41622,19,11,8
41623,7,3,4
41624,7,3,4
41625,19,11,8
41626,17,9,8
41627,17,9,8
41628,8,5,3
41629,4,0,4
41630,1,0,1
41631,8,5,3
41632,8,5,3
41633,35,25,10
41634,42,29,13
41635,6,6,0
41636,6,6,0
41637,6,6,0
41638,4,4,0
41639,6,6,0
41640,42,29,13
41641,42,29,13
41642,13,8,5
41643,13,8,5
41644,13,8,5
41645,13,8,5
41646,13,8,5
41647,13,8,5
41653,42,29,13
41654,42,29,13
41655,7,4,3
41656,6,5,1
41657,6,5,1
41658,6,5,1
41663,17,14,3
41664,11,8,3
41665,26,25,1
41666,28,27,1
41667,28,27,1
41687,6,5,1
41689,6,5,1
41695,41,34,7
41697,34,27,7
41698,34,27,7
41699,34,27,7
41700,29,26,3
41701,34,12,22
41702,34,12,22
41704,34,12,22
41705,9,8,1
41706,9,8,1
41707,30,25,5
41708,6,4,2
41709,7,6,1
41710,8,4,4
41711,27,23,4
41712,27,23,4
41713,26,20,6
41714,12,11,1
41715,18,14,4
41716,18,14,4
41717,18,14,4
41718,18,14,4
41719,12,11,1
41720,35,20,15
41721,15,12,3
41722,2,0,2
41723,14,12,2
41724,14,12,2
41725,41,34,7
41726,41,34,7
41727,26,23,3
41728,26,23,3
41729,26,23,3
41730,26,23,3
41731,26,23,3
41732,26,23,3
41733,26,23,3
41734,26,23,3
41735,27,23,4
41743,41,34,7
41744,22,16,6
41745,22,16,6
41746,3,3,0
41747,3,3,0
41753,9,9,0
41754,12,12,0
41755,12,12,0
41756,12,12,0
41757,12,12,0
41758,9,9,0
41759,14,14,0
41760,10,8,2
41761,11,8,3
41762,11,8,3
41763,14,8,6
41764,14,8,6
41765,2,0,2
41766,2,0,2
41767,2,0,2
41768,2,0,2
41769,13,2,11
41772,13,2,11
41773,10,6,4
41777,10,6,4
41778,10,8,2
41779,2,0,2
41780,10,6,4
41781,10,6,4
41782,9,9,0
41783,9,9,0
41784,42,42,0
41785,14,9,5
41786,14,9,5
41787,10,0,10
41788,44,41,3
41789,16,15,1
41790,29,21,8
41791,29,21,8
41792,29,21,8
41793,11,5,6
41794,11,5,6
41795,33,23,10
41796,33,23,10
41797,10,6,4
41805,7,2,5
41806,7,2,5
41807,6,0,6
41808,6,0,6
41809,8,2,6
41810,8,2,6
41811,6,0,6
41812,6,0,6
41817,44,41,3
41818,44,41,3
41819,46,42,4
41820,18,17,1
41821,30,29,1
41822,30,29,1
41823,30,29,1
41824,4,4,0
41825,11,10,1
41826,46,42,4
41827,7,7,0
41828,8,8,0
41849,17,14,3
41850,23,18,5
41851,23,18,5
41852,23,18,5
41853,16,12,4
41854,2,0,2
41855,16,12,4
41856,31,9,22
41859,31,9,22
41860,25,11,14
41861,6,6,0
41862,6,6,0
41863,6,6,0
41864,6,6,0
41865,6,6,0
41866,5,5,0
41867,5,5,0
41868,25,11,14
41869,10,3,7
41870,2,1,1
41871,18,15,3
41872,3,0,3
41873,25,11,14
41874,25,11,14
41875,25,11,14
41876,25,11,14
41877,25,11,14
41910,16,15,1
41911,34,23,11
41912,44,41,3
41913,44,41,3
41916,44,41,3
41917,6,2,4
41918,46,42,4
41919,46,42,4
41920,46,42,4
41932,4,2,2
41934,8,8,0
41936,6,6,0
41938,6,6,0
41939,6,6,0
41940,6,6,0
41942,25,7,18
41943,25,7,18
41946,25,7,18
41947,17,14,3
41954,17,14,3
41955,17,14,3
41956,17,14,3
41957,17,14,3
41958,17,14,3
41959,17,14,3
41960,17,14,3
41961,17,14,3
41962,17,14,3
41963,28,24,4
41964,21,18,3
41965,19,16,3
41966,19,16,3
41967,19,16,3
41968,19,16,3
41969,20,17,3
41970,20,17,3
41972,19,16,3
41973,18,15,3
41974,18,15,3
41975,18,13,5
41976,18,13,5
41977,3,0,3
41978,3,0,3
41979,18,13,5
41982,23,7,16
41983,23,7,16
41984,19,16,3
41989,23,7,16
41990,19,16,3
41991,19,16,3
41992,19,16,3
41993,19,16,3
41994,19,16,3
41995,19,16,3
41996,19,16,3
41997,19,16,3
41998,19,16,3
41999,22,19,3
42000,22,19,3
42001,22,19,3
42002,21,15,6
42004,21,15,6
42005,42,38,4
42006,5,5,0
42007,8,8,0
42008,21,15,6
42009,4,2,2
42011,9,6,3
42012,42,38,4
42019,3,3,0
42020,5,5,0
42024,5,3,2
42025,1,1,0
42026,1,1,0
42027,4,3,1
42028,8,3,5
42029,8,5,3
42030,1,0,1
42031,8,5,3
42042,8,6,2
42043,2,1,1
42044,9,8,1
42045,10,3,7
42048,8,6,2
42050,8,6,2
42051,8,6,2
42052,8,6,2
42053,8,6,2
42056,5,3,2
42058,9,8,1
42059,9,8,1
42060,1,1,0
42061,6,4,2
42062,6,4,2
42063,7,3,4
42064,15,13,2
42066,7,3,4
42067,15,13,2
42068,10,8,2
42069,10,8,2
42070,10,8,2
42071,10,8,2
42072,13,11,2
42073,11,2,9
42074,11,2,9
42075,7,5,2
42076,7,5,2
42077,7,5,2
42078,7,5,2
42090,22,18,4
42091,22,18,4
42092,12,6,6
42093,12,6,6
42094,4,0,4
42095,12,6,6
42096,12,6,6
42097,22,18,4
42098,22,18,4
42099,4,0,4
42100,12,7,5
42105,4,4,0
42106,6,6,0
42108,6,6,0
42109,6,6,0
42110,13,13,0
42111,21,21,0
42112,18,15,3
42113,10,7,3
42114,18,15,3
42115,6,3,3
42116,6,3,3
42117,18,15,3
42118,42,42,0
42120,42,42,0
42121,42,42,0
42122,22,1,21
42123,20,17,3
42124,20,16,4
42125,20,16,4
42126,20,16,4
42127,21,18,3
42130,22,1,21
42131,21,18,3
42132,11,8,3
42138,22,1,21
42139,11,8,3
42140,20,17,3
42141,3,0,3
42142,11,8,3
42143,11,8,3
42144,11,8,3
42145,11,8,3
42146,11,8,3
42147,11,8,3
42148,11,8,3
42149,11,8,3
42150,11,8,3
42151,11,8,3
42152,14,8,6
42153,14,8,6
42154,14,8,6
42155,12,7,5
42156,15,7,8
42157,15,7,8
42158,15,7,8
42159,10,9,1
42162,15,7,8
42163,15,7,8
42164,18,13,5
42165,3,1,2
42166,18,13,5
42167,18,13,5
42168,9,9,0
42169,15,15,0
42170,38,38,0
42171,38,38,0
42172,38,38,0
42191,13,7,6
42192,33,31,2
42193,10,10,0
42194,13,13,0
42195,18,18,0
42196,18,18,0
42197,13,13,0
42198,16,16,0
42199,16,16,0
42200,13,13,0
42201,16,16,0
42202,16,16,0
42203,16,16,0
42204,16,16,0
42205,16,16,0
42206,16,16,0
42215,6,6,0
42216,6,6,0
42217,32,24,8
42218,3,2,1
42219,32,24,8
42220,32,24,8
42256,5,2,3
42257,5,2,3
42258,6,3,3
42259,5,0,5
42260,5,0,5
42261,11,7,4
42263,5,0,5
42265,12,12,0
42266,8,8,0
42267,5,5,0
42268,5,5,0
42269,20,20,0
42270,3,3,0
42271,4,4,0
42272,20,20,0
42273,8,8,0
42274,20,20,0
42275,20,20,0
42276,20,20,0
42277,20,20,0
42308,11,0,11
42309,11,6,5
42310,11,6,5
42311,11,6,5
42312,11,8,3
42314,11,0,11
42315,12,4,8
42317,12,4,8
42318,12,4,8
42319,12,4,8
42320,12,4,8
42321,12,12,0
42322,20,20,0
42323,16,15,1
42324,35,32,3
42325,7,7,0
42326,5,5,0
42327,35,32,3
42328,16,15,1
42329,35,32,3
42330,5,5,0
42331,7,7,0
42332,7,7,0
42333,16,15,1
42334,35,32,3
42335,35,32,3
42336,35,32,3
42337,35,32,3
42338,35,32,3
42385,35,28,7
42386,35,28,7
42387,38,26,12
42388,38,26,12
42389,10,2,8
42390,10,2,8
42391,10,2,8
42392,38,26,12
42393,42,8,34
42394,43,36,7
42395,18,12,6
42396,36,31,5
42397,35,28,7
42398,35,28,7
42399,35,28,7
42400,35,28,7
42401,38,26,12
42402,38,26,12
42403,38,26,12
42404,10,2,8
42405,10,2,8
42406,10,2,8
42407,10,2,8
42408,38,26,12
42409,38,26,12
42412,42,8,34
42413,42,8,34
42414,43,36,7
42415,6,6,0
42416,5,4,1
42417,5,4,1
42418,5,4,1
42419,42,8,34
42420,43,36,7
42421,18,12,6
42422,36,31,5
42423,8,1,7
42424,43,36,7
42425,43,36,7
42426,43,36,7
42427,43,36,7
42428,43,36,7
42429,43,36,7
42430,43,36,7
42431,43,36,7
42432,43,36,7
42433,43,36,7
42434,43,36,7
42435,22,19,3
42437,21,18,3
42438,21,18,3
42439,21,16,5
42440,21,16,5
42441,3,0,3
42442,3,0,3
42443,21,16,5
42446,19,1,18
42447,19,1,18
42448,15,12,3
42449,19,1,18
42450,15,12,3
42451,15,12,3
42452,15,12,3
42453,15,12,3
42454,15,12,3
42455,15,12,3
42456,15,12,3
42457,15,12,3
42458,15,12,3
42459,15,12,3
42460,15,12,3
42461,11,10,1
42462,12,11,1
42463,12,11,1
42464,14,13,1
42465,15,4,11
42466,22,21,1
42470,22,21,1
42471,11,10,1
42472,22,21,1
42473,22,21,1
42474,22,21,1
42475,22,21,1
42477,7,4,3
42478,7,4,3
42479,2,0,2
42480,14,9,5
42481,14,9,5
42482,6,6,0
42483,5,3,2
42484,5,3,2
42485,5,3,2
42487,6,2,4
42488,15,14,1
42490,15,14,1
42491,15,14,1
42492,15,14,1
42512,10,10,0
42513,7,5,2
42514,12,8,4
42515,13,3,10
42517,24,10,14
42518,7,5,2
42519,24,10,14
42520,24,10,14
42521,24,10,14
42529,9,5,4
42530,13,6,7
42531,9,2,7
42534,2,2,0
42535,2,1,1
42551,4,4,0
42552,11,7,4
42553,6,6,0
42554,6,6,0
42556,3,0,3
42557,4,0,4
42558,4,0,4
42560,7,0,7
42563,4,0,4
42564,4,0,4
42565,7,0,7
42566,7,0,7
42567,5,4,1
42568,5,4,1
42569,4,4,0
42571,5,4,1
42572,4,4,0
42573,7,7,0
42574,4,4,0
42575,4,4,0
42576,4,4,0
42577,24,17,7
42578,22,15,7
42579,22,15,7
42580,22,15,7
42581,21,17,4
42582,25,4,21
42585,25,4,21
42586,23,6,17
42591,25,4,21
42592,23,6,17
42593,14,1,13
42594,4,4,0
42595,23,6,17
42596,23,6,17
42597,23,6,17
42598,23,6,17
42599,23,6,17
42600,23,6,17
42601,23,6,17
42602,23,6,17
42603,23,6,17
42604,23,6,17
42605,23,6,17
42632,20,16,4
42633,20,16,4
42634,10,10,0
42635,10,10,0
42662,29,3,26
42663,33,0,33
42664,33,0,33
42665,14,12,2
42666,16,11,5
42667,16,11,5
42668,14,12,2
42669,14,0,14
42672,14,0,14
42673,10,4,6
42674,10,4,6
42675,10,4,6
42676,10,4,6
42677,10,4,6
42678,10,4,6
42679,10,4,6
42680,10,4,6
42681,10,4,6
42684,2,0,2
42685,15,1,14
42686,24,2,22
42687,24,2,22
42688,24,2,22
42689,3,0,3
42690,3,0,3
42691,4,3,1
42693,7,2,5
42694,7,2,5
42695,7,2,5
42697,19,3,16
42698,19,3,16
42699,12,9,3
42700,20,17,3
42701,29,21,8
42702,29,21,8
42703,20,17,3
42705,29,21,8
42706,20,17,3
42707,20,17,3
42708,20,17,3
42709,20,17,3
42710,20,17,3
42712,5,3,2
42713,5,3,2
42714,4,4,0
42715,1,1,0
42716,1,1,0
42717,1,1,0
42718,18,18,0
42747,17,15,2
42748,11,11,0
42749,9,9,0
42750,12,10,2
42751,12,10,2
42752,18,18,0
42753,3,3,0
42754,5,4,1
42756,11,8,3
42757,3,1,2
42758,18,18,0
42759,18,18,0
42760,18,18,0
42761,18,18,0
42765,11,10,1
42766,11,10,1
42781,30,12,18
42782,69,40,29
42783,6,2,4
42784,69,40,29
42785,69,40,29
42786,36,20,16
42787,36,20,16
42788,36,20,16
42789,23,20,3
42790,22,18,4
42791,22,18,4
42792,22,18,4
42793,23,19,4
42794,32,9,23
42797,32,9,23
42798,34,34,0
42799,2,2,0
42800,32,9,23
42801,3,3,0
42802,5,1,4
42803,22,14,8
42804,22,14,8
42805,22,14,8
42806,22,14,8
42807,22,14,8
42808,22,14,8
42809,22,14,8
42810,22,14,8
42811,22,14,8
42812,22,14,8
42813,22,14,8
42814,22,14,8
42815,3,1,2
42816,21,13,8
42818,17,13,4
42819,24,17,7
42820,18,14,4
42821,2,0,2
42822,30,12,18
42824,69,40,29
42825,6,3,3
42826,4,2,2
42827,69,40,29
42828,3,3,0
42829,3,3,0
42830,4,3,1
42831,4,3,1
42833,15,13,2
42834,14,12,2
42835,13,2,11
42836,13,2,11
42837,12,10,2
42838,12,10,2
42839,12,10,2
42840,12,10,2
42841,12,10,2
42842,12,10,2
42843,12,10,2
42844,12,10,2
42845,12,10,2
42846,14,10,4
42847,1,0,1
42848,16,10,6
42849,13,9,4
42850,9,0,9
42851,9,0,9
42852,35,16,19
42853,35,16,19
42854,35,16,19
42855,35,16,19
42856,35,16,19
42857,35,16,19
42858,17,13,4
42859,24,17,7
42860,24,17,7
42861,18,14,4
42864,12,9,3
42865,12,9,3
42866,12,9,3
42867,12,9,3
42868,13,10,3
42871,20,10,10
42872,20,10,10
42873,25,22,3
42874,20,10,10
42875,25,22,3
42876,1,1,0
42877,13,9,4
42878,25,22,3
42880,10,8,2
42881,36,25,11
42882,26,13,13
42883,9,8,1
42884,1,0,1
42885,26,13,13
42886,26,13,13
42887,26,13,13
42888,26,13,13
42889,23,20,3
42890,28,23,5
42891,28,23,5
42892,24,23,1
42919,6,2,4
42920,6,2,4
42921,5,0,5
42923,5,0,5
42926,6,2,4
42927,6,2,4
42928,24,16,8
42929,24,16,8
42938,43,27,16
42939,43,27,16
42940,41,33,8
42941,31,22,9
42942,30,22,8
42943,30,20,10
42976,30,22,8
42977,31,22,9
42978,31,22,9
42979,31,22,9
42980,31,22,9
42981,23,15,8
42982,23,15,8
42983,6,3,3
42984,6,3,3
42985,23,15,8
42986,2,0,2
42987,36,15,21
42988,36,15,21
42989,36,15,21
42990,55,41,14
42992,36,15,21
42993,36,15,21
42994,55,41,14
42995,6,3,3
42996,55,41,14
42997,43,27,16
42998,15,13,2
42999,25,15,10
43000,25,15,10
43002,43,27,16
43003,22,17,5
43004,22,17,5
43005,22,17,5
43006,16,11,5
43007,19,10,9
43008,19,10,9
43009,19,10,9
43010,1,0,1
43011,1,0,1
43012,20,12,8
43013,18,0,18
43014,18,0,18
43015,18,0,18
43016,15,9,6
43026,1,1,0
43027,15,9,6
43030,15,12,3
43031,16,11,5
43032,4,1,3
43033,15,9,6
43034,15,9,6
43035,15,9,6
43036,15,9,6
43037,3,1,2
43038,41,33,8
43039,41,33,8
43040,41,33,8
43041,41,33,8
43042,41,33,8
43043,41,33,8
43044,41,33,8
43045,41,33,8
43046,41,33,8
43047,41,33,8
43052,8,6,2
43053,7,7,0
43054,9,9,0
43055,9,9,0
43059,9,9,0
43060,7,7,0
43061,9,9,0
43062,9,9,0
43063,9,9,0
43064,6,5,1
43065,4,1,3
43066,11,6,5
43067,4,1,3
43068,11,6,5
43069,11,6,5
43070,11,6,5
43079,1,1,0
43080,1,1,0
43081,4,4,0
43082,4,4,0
43083,4,4,0
43084,4,4,0
43085,4,4,0
43086,4,4,0
43088,8,5,3
43091,16,16,0
43092,16,16,0
43093,16,16,0
43094,21,17,4
43095,14,13,1
43098,14,13,1
43099,17,0,17
43100,16,16,0
43101,16,16,0
43102,14,13,1
43103,14,13,1
43104,14,13,1
43107,14,13,1
43108,14,13,1
43109,14,13,1
43110,14,13,1
43111,14,13,1
43112,14,13,1
43126,16,11,5
43127,37,25,12
43130,37,25,12
43131,21,11,10
43132,14,4,10
43133,14,4,10
43134,23,11,12
43135,10,8,2
43136,10,8,2
43139,10,8,2
43140,23,11,12
43141,20,18,2
43142,20,18,2
43143,20,18,2
43159,2,0,2
43162,2,0,2
43177,8,2,6
43178,3,0,3
43179,12,5,7
43180,22,16,6
43181,22,16,6
43182,18,9,9
43183,22,16,6
43184,2,0,2
43185,2,0,2
43187,21,18,3
43188,19,11,8
43189,19,11,8
43190,18,13,5
43191,18,13,5
43192,18,13,5
43193,34,23,11
43194,28,21,7
43195,28,21,7
43196,28,21,7
43197,28,21,7
43198,28,21,7
43199,27,21,6
43200,3,0,3
43201,3,0,3
43202,29,21,8
43203,29,21,8
43204,29,21,8
43205,29,21,8
43206,22,19,3
43207,31,12,19
43208,31,12,19
43209,36,25,11
43210,2,2,0
43211,4,4,0
43212,2,2,0
43213,31,12,19
43214,3,1,2
43215,3,1,2
43216,36,25,11
43217,3,2,1
43218,23,19,4
43219,27,21,6
43220,6,2,4
43221,36,25,11
43222,36,25,11
43223,36,25,11
43224,36,25,11
43225,13,10,3
43226,1,0,1
43227,13,11,2
43228,13,11,2
43229,13,11,2
43230,12,10,2
43231,12,1,11
43232,12,1,11
43233,13,11,2
43240,12,10,2
43241,13,11,2
43242,13,11,2
43243,13,11,2
43244,13,11,2
43250,7,6,1
43251,9,2,7
43254,2,1,1
43255,2,1,1
43256,2,1,1
43257,2,1,1
43258,2,1,1
43259,2,1,1
43260,7,7,0
43261,8,8,0
43262,8,8,0
43263,8,8,0
43264,9,9,0
43265,24,18,6
43266,5,0,5
43267,8,8,0
43269,34,24,10
43270,34,24,10
43271,34,24,10
43272,34,24,10
43273,32,24,8
43274,32,24,8
43275,23,17,6
43276,40,20,20
43277,40,20,20
43278,40,20,20
43279,40,20,20
43280,40,20,20
43281,40,20,20
43282,55,49,6
43283,12,5,7
43284,12,5,7
43285,12,5,7
43286,12,5,7
43287,12,5,7
43292,12,5,7
43293,12,5,7
43294,13,0,13
43295,2,1,1
43296,2,1,1
43297,3,2,1
43298,12,5,7
43299,12,5,7
43300,12,5,7
43301,34,24,10
43302,34,24,10
43303,11,10,1
43304,11,10,1
43305,12,8,4
43306,12,8,4
43307,12,8,4
43311,9,1,8
43312,9,1,8
43313,9,1,8
43314,8,4,4
43318,9,1,8
43319,8,4,4
43320,8,4,4
43321,8,4,4
43322,8,4,4
43334,32,24,8
43335,32,24,8
43336,26,20,6
43337,19,17,2
43338,5,3,2
43339,6,3,3
43346,12,10,2
43347,23,22,1
43348,1,1,0
43349,1,1,0
43350,23,22,1
43351,23,22,1
43352,54,48,6
43353,54,48,6
43354,9,4,5
43355,9,4,5
43356,9,4,5
43357,5,2,3
43382,5,2,3
43383,54,48,6
43416,11,11,0
43417,11,11,0
43418,7,6,1
43419,9,9,0
43422,9,9,0
43423,9,9,0
43424,9,9,0
43425,9,9,0
43426,9,9,0
43427,9,9,0
43428,9,9,0
43429,9,9,0
43434,13,8,5
43435,13,8,5
43436,13,8,5
43437,14,3,11
43438,7,5,2
43439,7,5,2
43440,7,5,2
43441,7,5,2
43442,7,5,2
43443,14,3,11
43444,4,3,1
43445,8,5,3
43446,13,8,5
43447,10,7,3
43448,10,7,3
43449,10,7,3
43450,7,4,3
43451,12,2,10
43452,12,2,10
43453,12,2,10
43457,7,4,3
43458,1,1,0
43459,13,8,5
43460,1,1,0
43461,1,1,0
43462,15,13,2
43463,11,11,0
43464,11,11,0
43471,15,13,2
43483,21,15,6
43486,1,0,1
43487,1,0,1
43488,22,17,5
43489,22,17,5
43490,19,16,3
43491,28,10,18
43494,28,10,18
43495,23,15,8
43496,23,15,8
43497,13,10,3
43499,15,10,5
43500,15,10,5
43501,15,10,5
43502,14,11,3
43503,29,15,14
43504,29,15,14
43505,18,6,12
43511,18,6,12
43513,13,10,3
43514,3,0,3
43515,18,6,12
43516,18,6,12
43517,18,6,12
43518,18,6,12
43519,23,15,8
43520,23,15,8
43521,23,15,8
43522,23,15,8
43523,23,15,8
43524,23,15,8
43525,23,15,8
43526,23,15,8
43551,18,17,1
43552,13,10,3
43553,13,10,3
43554,13,10,3
43555,16,6,10
43556,18,17,1
43557,8,7,1
43558,4,3,1
43559,6,2,4
43560,6,2,4
43561,13,8,5
43562,4,3,1
43563,18,17,1
43564,7,6,1
43571,19,16,3
43572,34,32,2
43573,19,16,3
43574,34,32,2
43575,34,32,2
43612,15,15,0
43613,27,27,0
43614,27,27,0
43615,27,27,0
43616,27,27,0
43617,18,16,2
43618,18,16,2
43620,18,16,2
43650,5,3,2
43651,6,1,5
43652,16,14,2
43653,6,1,5
43654,16,14,2
43655,10,7,3
43656,1,0,1
43657,6,4,2
43658,6,4,2
43659,6,4,2
43660,7,5,2
43661,7,5,2
43662,7,5,2
43663,26,17,9
43664,26,17,9
43665,5,5,0
43669,5,5,0
43670,5,5,0
43671,5,5,0
43672,5,5,0
43673,5,5,0
43674,10,10,0
43700,10,0,10
43701,41,38,3
43702,15,15,0
43703,18,17,1
43704,2,1,1
43705,2,1,1
43707,1,1,0
43708,5,0,5
43709,4,3,1
43710,18,17,1
43711,17,17,0
43712,13,11,2
43713,11,9,2
43714,11,9,2
43715,11,9,2
43716,11,9,2
43717,13,11,2
43718,18,2,16
43719,18,2,16
43720,8,6,2
43727,8,6,2
43729,8,6,2
43730,8,6,2
43731,8,6,2
43732,8,6,2
43733,41,38,3
43734,53,53,0
43735,27,25,2
43736,41,38,3
43737,11,7,4
43738,11,7,4
43739,11,7,4
43740,11,7,4
43741,2,0,2
43742,9,0,9
43745,9,0,9
43746,7,4,3
43747,9,0,9
43749,7,4,3
43750,7,4,3
43751,7,4,3
43752,7,4,3
43753,12,11,1
43754,41,38,3
43762,53,53,0
43780,12,12,0
43781,12,12,0
43782,4,4,0
43783,11,11,0
43784,11,11,0
43785,11,11,0
43786,11,11,0
43787,11,11,0
43788,11,11,0
43789,11,11,0
43790,11,11,0
43791,18,3,15
43792,18,3,15
43793,26,17,9
43803,18,3,15
43804,26,17,9
43810,26,17,9
43811,26,17,9
43812,26,17,9
43813,26,17,9
43814,16,12,4
43815,21,14,7
43816,21,14,7
43817,21,14,7
43818,17,13,4
43819,16,13,3
43820,16,12,4
43821,6,6,0
43822,6,6,0
43823,4,4,0
43824,11,10,1
43825,11,10,1
43826,25,22,3
43827,3,3,0
43828,25,22,3
43829,20,20,0
43830,14,13,1
43831,14,13,1
43832,12,12,0
43833,12,12,0
43836,12,12,0
43837,28,28,0
43838,2,2,0
43839,4,4,0
43840,2,1,1
43841,20,20,0
43842,2,0,2
43843,28,28,0
43844,28,28,0
43845,28,28,0
43846,28,28,0
43870,7,7,0
43871,7,7,0
43872,7,7,0
43873,7,7,0
43874,7,7,0
43875,7,7,0
43876,7,7,0
43887,47,42,5
43888,47,42,5
43891,13,11,2
43892,13,11,2
43893,14,7,7
43894,14,7,7
43895,20,18,2
43896,5,5,0
43897,7,7,0
43898,7,7,0
43900,4,4,0
43905,9,7,2
43906,20,18,2
43907,20,18,2
43908,20,18,2
43910,30,24,6
43911,30,24,6
43912,29,20,9
43913,9,9,0
43914,9,9,0
43915,6,2,4
43917,6,2,4
43918,6,2,4
43919,6,2,4
43920,6,2,4
43921,6,2,4
43922,6,2,4
43923,6,2,4
43924,6,2,4
43925,57,48,9
43926,15,15,0
43927,19,6,13
43928,19,6,13
43929,19,6,13
43930,19,6,13
43931,4,2,2
43932,7,5,2
43933,29,20,9
43934,29,20,9
43941,11,8,3
43950,15,6,9
43951,13,10,3
43952,13,10,3
43953,7,2,5
43954,2,0,2
43955,7,2,5
43956,13,10,3
43957,13,10,3
43958,29,20,9
43959,19,15,4
43960,57,48,9
43961,27,21,6
43962,36,28,8
43963,36,28,8
43964,36,28,8
43965,36,28,8
43966,25,21,4
43967,25,21,4
43968,38,16,22
43971,38,16,22
43972,53,35,18
43973,12,10,2
43974,15,12,3
43975,15,12,3
43976,15,12,3
43977,15,12,3
43978,12,10,2
43979,2,1,1
43980,12,9,3
43981,38,16,22
43982,53,35,18
43983,23,10,13
43985,5,3,2
43986,25,20,5
43987,2,0,2
43988,27,21,6
43989,7,2,5
43990,53,35,18
43991,53,35,18
43992,53,35,18
43993,53,35,18
43994,53,35,18
43995,53,35,18
43996,53,35,18
43997,53,35,18
44001,40,29,11
44016,19,19,0
44017,1,1,0
44018,1,1,0
44019,19,19,0
44020,5,3,2
44021,19,19,0
44022,19,19,0
44023,19,19,0
44024,18,16,2
44025,18,16,2
44026,18,16,2
44027,13,11,2
44028,13,11,2
44029,23,13,10
44030,23,13,10
44031,2,0,2
44032,11,8,3
44033,11,8,3
44034,11,9,2
44035,11,9,2
44036,11,9,2
44037,2,2,0
44038,22,19,3
44039,22,19,3
44040,22,19,3
44041,9,4,5
44042,9,4,5
44043,9,4,5
44044,22,19,3
44045,22,19,3
44056,41,31,10
44057,34,28,6
44058,34,28,6
44059,34,28,6
44060,8,4,4
44061,8,4,4
44062,29,18,11
44063,29,18,11
44064,13,6,7
44065,13,6,7
44066,29,18,11
44067,34,18,16
44068,34,18,16
44069,8,6,2
44070,8,6,2
44071,30,26,4
44072,5,4,1
44073,23,21,2
44074,20,16,4
44075,12,11,1
44076,21,17,4
44077,21,17,4
44078,27,16,11
44079,11,9,2
44080,15,12,3
44081,41,31,10
44082,44,39,5
44083,23,21,2
44084,41,31,10
44085,19,14,5
44086,23,18,5
44087,23,18,5
44088,23,18,5
44089,23,18,5
44090,23,18,5
44091,28,12,16
44092,28,12,16
44093,28,12,16
44094,33,23,10
44095,9,9,0
44096,10,10,0
44097,10,10,0
44098,10,10,0
44099,10,10,0
44100,9,9,0
44101,7,7,0
44102,2,1,1
44103,9,8,1
44104,28,12,16
44105,28,12,16
44106,33,23,10
44107,7,1,6
44108,7,1,6
44109,7,1,6
44110,7,1,6
44111,7,1,6
44112,1,1,0
44113,1,1,0
44114,19,14,5
44115,33,23,10
44116,33,23,10
44117,33,23,10
44118,33,23,10
44138,15,14,1
44139,15,14,1
44140,10,10,0
44142,10,4,6
44144,2,1,1
44145,2,1,1
44146,2,1,1
44147,2,1,1
44148,2,1,1
44149,2,1,1
44150,7,4,3
44151,7,4,3
44152,7,5,2
44153,7,1,6
44154,7,1,6
44155,7,3,4
44157,2,0,2
44158,7,3,4
44159,7,3,4
44160,2,2,0
44165,22,16,6
44167,5,0,5
44168,9,8,1
44169,9,8,1
44172,5,3,2
44173,4,3,1
44174,5,1,4
44175,15,7,8
44176,15,7,8
44177,55,44,11
44178,9,9,0
44179,14,13,1
44180,25,21,4
44181,25,21,4
44182,25,21,4
44183,25,21,4
44184,25,21,4
44185,25,21,4
44186,25,21,4
44187,30,3,27
44190,30,3,27
44191,41,22,19
44192,10,7,3
44193,9,5,4
44194,9,5,4
44195,9,5,4
44196,10,7,3
44197,7,7,0
44198,8,6,2
44199,8,6,2
44200,30,3,27
44201,41,22,19
44202,16,1,15
44203,5,1,4
44204,6,0,6
44205,41,22,19
44206,41,22,19
44207,41,22,19
44208,41,22,19
44209,41,22,19
44210,41,22,19
44211,41,22,19
44212,41,22,19
44213,41,22,19
44214,41,22,19
44215,41,22,19
44216,41,22,19
44217,5,4,1
44218,10,9,1
44219,10,9,1
44220,12,6,6
44221,5,4,1
44222,16,10,6
44223,8,6,2
44224,8,6,2
44225,8,6,2
44226,8,4,4
44227,8,4,4
44228,3,0,3
44229,3,0,3
44230,8,4,4
44231,10,1,9
44232,10,1,9
44233,9,6,3
44234,1,0,1
44240,28,21,7
44241,31,20,11
44242,31,20,11
44243,31,20,11
44244,31,20,11
44245,28,21,7
44246,26,21,5
44247,28,21,7
44248,16,10,6
44249,16,16,0
44251,15,14,1
44252,15,14,1
44253,15,14,1
44254,15,14,1
44255,13,12,1
44256,13,12,1
44257,13,12,1
44258,5,0,5
44259,13,12,1
44260,13,12,1
44261,22,7,15
44262,8,8,0
44263,22,7,15
44264,12,12,0
44265,22,7,15
44266,15,15,0
44267,8,6,2
44268,13,10,3
44269,13,10,3
44270,13,4,9
44271,13,4,9
44272,24,22,2
44274,4,0,4
44275,12,12,0
44276,12,12,0
44277,12,12,0
44278,12,12,0
44279,2,0,2
44280,1,1,0
44281,1,1,0
44282,2,0,2
44283,8,8,0
44284,8,8,0
44285,8,8,0
44286,8,8,0
44287,8,8,0
44288,17,17,0
44289,7,7,0
44290,7,7,0
44291,2,0,2
44293,12,12,0
44297,11,11,0
44298,11,11,0
44299,11,11,0
44300,11,11,0
44301,11,11,0
44303,3,2,1
44304,3,2,1
44305,15,11,4
44309,15,11,4
44311,12,12,0
44313,15,11,4
44314,15,11,4
44315,15,11,4
44316,18,17,1
44317,20,17,3
44318,20,17,3
44319,20,17,3
44320,18,18,0
44321,2,0,2
44322,13,8,5
44323,13,8,5
44324,1,0,1
44325,19,18,1
44326,18,17,1
44327,3,0,3
44328,13,8,5
44329,13,8,5
44330,13,8,5
44331,13,8,5
44332,13,8,5
44333,13,8,5
44334,13,8,5
44335,13,8,5
44336,7,5,2
44337,8,7,1
44338,12,1,11
44339,2,1,1
44340,2,1,1
44341,2,1,1
44342,2,1,1
44343,2,1,1
44344,2,1,1
44345,2,1,1
44346,7,4,3
44347,7,5,2
44349,7,5,2
44350,7,3,4
44351,7,6,1
44352,7,6,1
44353,7,6,1
44354,7,6,1
44355,3,0,3
44361,8,5,3
44362,8,5,3
44363,8,5,3
44364,8,5,3
44365,8,5,3
44366,8,5,3
44367,8,5,3
44368,5,3,2
44369,8,5,3
44375,21,18,3
44376,18,17,1
44377,17,16,1
44378,17,16,1
44379,17,16,1
44380,18,17,1
44383,22,1,21
44385,6,5,1
44387,6,5,1
44388,6,5,1
44389,6,5,1
44390,6,5,1
44391,6,5,1
44392,6,5,1
44393,6,5,1
44394,6,5,1
44395,6,5,1
44396,6,5,1
44397,6,5,1
44398,6,5,1
44399,20,14,6
44400,18,12,6
44401,18,12,6
44402,18,12,6
44403,18,12,6
44404,18,13,5
44405,18,13,5
44406,18,13,5
44407,18,0,18
44408,18,0,18
44409,18,0,18
44410,18,12,6
44421,18,0,18
44422,18,0,18
44423,18,12,6
44424,7,1,6
44425,2,1,1
44430,21,15,6
44440,2,0,2
44441,20,14,6
44442,4,0,4
44443,18,12,6
44444,18,12,6
44445,18,12,6
44446,18,12,6
44447,18,13,5
44448,18,13,5
44449,35,29,6
44451,35,29,6
44452,1,1,0
44453,21,15,6
44454,3,0,3
44455,25,17,8
44456,25,17,8
44457,25,17,8
44458,22,17,5
44459,22,3,19
44460,22,3,19
44463,22,3,19
44464,23,15,8
44465,4,4,0
44466,5,5,0
44467,5,5,0
44468,3,3,0
44469,22,3,19
44470,22,3,19
44471,23,15,8
44472,22,17,5
44473,21,15,6
44474,4,0,4
44475,23,15,8
44476,23,15,8
44477,23,15,8
44478,23,15,8
44479,23,15,8
44480,23,15,8
44481,23,15,8
44482,23,15,8
44491,3,2,1
44501,2,1,1
44502,11,11,0
44503,2,1,1
44504,2,1,1
44505,2,1,1
44506,2,1,1
44507,2,1,1
44508,2,1,1
44509,2,1,1
44510,2,1,1
44511,2,1,1
44512,2,1,1
44513,3,2,1
44514,3,2,1
44515,9,4,5
44516,4,1,3
44517,2,0,2
44533,25,20,5
44534,27,22,5
44535,27,22,5
44536,28,21,7
44537,28,21,7
44538,3,0,3
44539,3,0,3
44540,28,21,7
44541,24,2,22
44542,24,2,22
44543,24,2,22
44544,16,11,5
44547,24,2,22
44548,24,2,22
44549,16,11,5
44550,16,11,5
44551,16,11,5
44552,16,11,5
44553,16,11,5
44554,16,11,5
44555,16,11,5
44556,16,11,5
44557,16,11,5
44558,16,11,5
44559,16,11,5
44560,16,11,5
44561,16,11,5
44562,9,6,3
44563,30,17,13
44564,30,17,13
44598,18,13,5
44601,23,23,0
44602,1,1,0
44603,23,23,0
44605,23,23,0
44606,23,23,0
44607,23,23,0
44608,23,19,4
44610,23,19,4
44611,6,6,0
44612,11,11,0
44613,11,11,0
44615,5,0,5
44616,10,2,8
44617,4,3,1
44618,6,5,1
44619,6,5,1
44620,4,3,1
44621,5,0,5
44622,4,2,2
44623,4,2,2
44624,4,2,2
44625,7,1,6
44627,7,1,6
44628,5,0,5
44629,12,7,5
44630,14,8,6
44631,14,8,6
44632,14,8,6
44633,14,8,6
44634,15,10,5
44635,15,6,9
44636,15,6,9
44637,15,6,9
44638,7,7,0
44639,3,3,0
44640,1,1,0
44641,15,6,9
44642,15,6,9
44643,21,16,5
44644,1,0,1
44645,14,8,6
44646,12,7,5
44647,4,0,4
44648,7,7,0
44649,7,7,0
44650,7,7,0
44651,7,7,0
44656,21,16,5
44658,21,16,5
44660,13,4,9
44661,35,34,1
44662,35,34,1
44685,14,10,4
44686,22,17,5
44687,22,17,5
44688,22,17,5
44689,21,17,4
44690,27,15,12
44693,27,15,12
44694,56,32,24
44695,2,2,0
44696,27,15,12
44698,56,32,24
44699,56,32,24
44711,25,4,21
44712,24,20,4
44713,25,22,3
44714,25,22,3
44715,25,22,3
44716,23,18,5
44717,23,18,5
44718,3,0,3
44719,3,0,3
44720,23,18,5
44721,2,0,2
44724,25,4,21
44725,24,20,4
44726,18,14,4
44735,25,4,21
44736,18,14,4
44737,24,20,4
44738,13,1,12
44739,2,1,1
44740,18,14,4
44741,18,14,4
44742,18,14,4
44743,18,14,4
44744,18,14,4
44745,18,14,4
44746,18,14,4
44747,18,14,4
44748,18,14,4
44749,18,14,4
44750,14,8,6
44751,2,1,1
44752,2,1,1
44753,16,10,6
44754,16,10,6
44755,16,10,6
44756,17,13,4
44757,17,7,10
44758,17,7,10
44759,30,18,12
44761,17,7,10
44762,30,18,12
44763,30,18,12
44770,19,19,0
44771,19,19,0
44772,19,19,0
44773,20,15,5
44775,9,8,1
44776,15,13,2
44777,16,10,6
44778,39,28,11
44781,39,28,11
44782,39,28,11
44783,4,4,0
44787,25,20,5
44788,26,18,8
44789,26,18,8
44790,26,18,8
44791,25,18,7
44792,25,18,7
44793,2,0,2
44798,25,1,24
44799,25,1,24
44800,25,1,24
44801,16,10,6
44804,25,1,24
44805,25,1,24
44808,16,10,6
44809,2,1,1
44810,25,19,6
44811,16,10,6
44812,16,10,6
44813,16,10,6
44814,16,10,6
44815,16,10,6
44816,16,10,6
44817,16,10,6
44818,16,10,6
44819,16,10,6
44820,16,10,6
44821,16,10,6
44822,19,17,2
44823,2,0,2
44824,2,0,2
44825,16,15,1
44826,16,15,1
44827,16,15,1
44828,16,15,1
44829,17,17,0
44830,2,2,0
44831,2,2,0
44832,11,10,1
44837,2,2,0
44839,11,10,1
44840,11,1,10
44841,2,1,1
44842,18,17,1
44843,19,17,2
44844,4,0,4
44845,11,10,1
44846,11,10,1
44847,11,10,1
44848,11,10,1
44849,11,10,1
44850,11,10,1
44851,11,10,1
44852,11,10,1
44856,7,7,0
44857,9,9,0
44858,11,11,0
44859,7,7,0
44860,29,29,0
44863,29,29,0
44864,28,21,7
44865,28,21,7
44866,28,21,7
44867,21,17,4
44868,34,18,16
44870,34,18,16
44871,50,40,10
44872,9,7,2
44873,9,5,4
44874,9,5,4
44875,9,5,4
44876,34,18,16
44877,50,40,10
44878,50,40,10
44879,50,40,10
44880,50,40,10
44881,50,40,10
44882,17,15,2
44883,30,27,3
44884,30,27,3
44885,30,27,3
44886,30,27,3
44887,20,18,2
44888,20,18,2
44889,36,22,14
44892,36,22,14
44893,45,43,2
44894,7,7,0
44895,9,9,0
44896,9,9,0
44897,4,4,0
44898,1,1,0
44899,1,1,0
44901,45,43,2
44902,1,1,0
44903,17,15,2
44904,9,5,4
44905,45,43,2
44906,45,43,2
44907,45,43,2
44908,45,43,2
44909,21,15,6
44910,1,0,1
44911,30,24,6
44912,30,24,6
44913,27,20,7
44914,27,20,7
44915,10,7,3
44916,10,7,3
44917,27,20,7
44918,21,9,12
44919,21,9,12
44921,21,9,12
44922,43,38,5
44923,3,3,0
44924,21,9,12
44925,21,9,12
44926,43,38,5
44927,4,2,2
44928,43,38,5
44929,43,38,5
44930,43,38,5
44931,43,38,5
44953,143,104,39
45059,7,5,2
45060,7,5,2
45061,18,14,4
45063,18,14,4
45112,20,18,2
45113,18,15,3
45114,18,15,3
45115,18,15,3
45116,17,14,3
45117,17,14,3
45118,3,0,3
45119,17,14,3
45120,17,0,17
45122,17,0,17
45123,11,7,4
45125,11,7,4
45126,3,0,3
45127,11,7,4
45128,11,7,4
45129,11,7,4
45130,11,7,4
45131,11,7,4
45132,11,7,4
45133,11,7,4
45134,11,7,4
45136,10,0,10
45137,10,0,10
45138,3,3,0
45139,3,3,0
45182,2,2,0
45183,2,2,0
45184,8,8,0
45185,7,7,0
45186,7,7,0
45187,3,2,1
45188,3,2,1
45189,5,5,0
45192,6,4,2
45193,8,8,0
45194,5,5,0
45195,5,5,0
45196,5,5,0
45281,22,16,6
45282,22,16,6
45283,20,14,6
45284,19,13,6
45285,19,13,6
45286,19,13,6
45287,23,18,5
45288,23,4,19
45289,23,4,19
45290,23,4,19
45291,14,9,5
45293,23,4,19
45294,23,4,19
45295,1,1,0
45296,1,1,0
45302,19,14,5
45303,22,16,6
45304,22,16,6
45305,1,0,1
45306,5,2,3
45307,14,9,5
45308,14,9,5
45309,14,9,5
45310,14,9,5
45311,14,9,5
45312,14,9,5
45313,14,9,5
45314,14,9,5
45391,11,10,1
45392,6,5,1
45393,6,5,1
45394,6,5,1
45395,6,5,1
45396,17,5,12
45397,15,14,1
45398,15,14,1
45399,15,14,1
45400,3,3,0
45447,1,1,0
45448,13,12,1
45449,14,13,1
45450,15,2,13
45451,5,4,1
45456,5,4,1
45457,5,4,1
45458,5,4,1
45459,5,4,1
45460,5,4,1
45461,5,4,1
45462,5,4,1
45463,5,4,1
45464,5,4,1
45465,5,4,1
45466,24,21,3
45467,25,22,3
45468,25,22,3
45469,25,22,3
45470,25,22,3
45471,23,21,2
45472,3,1,2
45475,26,7,19
45476,26,7,19
45477,36,34,2
45486,36,34,2
45487,22,20,2
45488,24,21,3
45489,5,1,4
45490,36,34,2
45491,36,34,2
45492,36,34,2
45493,36,34,2
45494,36,34,2
45495,36,34,2
45496,36,34,2
45497,36,34,2
45600,40,19,21
45601,35,30,5
45605,46,41,5
45606,46,41,5
45607,46,41,5
45608,32,26,6
45609,32,26,6
45610,6,4,2
45611,40,19,21
45612,40,19,21
45613,40,34,6
45622,40,19,21
45623,1,0,1
45624,1,0,1
45625,27,20,7
45626,40,34,6
45627,16,4,12
45628,4,3,1
45629,31,25,6
45630,40,19,21
45631,35,30,5
45632,40,34,6
45633,40,34,6
45634,40,34,6
45635,40,34,6
45636,40,34,6
45637,40,34,6
45638,40,34,6
45639,40,34,6
45640,40,34,6
45641,40,34,6
45642,9,4,5
45644,6,5,1
45645,6,5,1
45646,1,1,0
45647,6,5,1
45648,6,5,1
45649,6,5,1
45693,30,30,0
45709,18,18,0
45710,20,20,0
45711,20,20,0
45712,20,20,0
45713,20,20,0
45714,19,17,2
45715,19,17,2
45716,3,0,3
45717,3,0,3
45718,19,17,2
45721,4,4,0
45722,4,4,0
45723,21,21,0
45724,3,3,0
45725,3,3,0
45727,4,4,0
45728,21,21,0
45736,18,18,0
45737,21,21,0
45738,21,21,0
45739,21,21,0
45740,21,21,0
45741,21,21,0
45742,21,21,0
45743,21,21,0
45744,21,21,0
45766,1,1,0
45767,1,1,0
45794,5,5,0
45796,11,11,0
45797,4,4,0
45799,23,23,0
45801,23,23,0
45802,23,23,0
45803,23,23,0
45804,23,23,0
45885,30,27,3
45887,32,28,4
45888,32,28,4
45889,32,28,4
45890,32,28,4
45891,30,27,3
45892,30,27,3
45893,30,27,3
45894,30,27,3
45895,31,6,25
45898,31,6,25
45899,26,23,3
45900,4,4,0
45901,4,4,0
45902,4,4,0
45903,4,4,0
45904,5,5,0
45905,5,5,0
45906,31,6,25
45907,1,1,0
45908,26,23,3
45909,4,1,3
45910,30,26,4
45911,30,27,3
45912,7,3,4
45913,26,23,3
45914,26,23,3
45915,26,23,3
45916,26,23,3
45917,26,23,3
45918,26,23,3
45919,26,23,3
45920,26,23,3
45921,26,23,3
45922,26,23,3
45923,26,23,3
45924,26,23,3
45925,37,14,23
45926,29,26,3
45927,35,31,4
45928,35,31,4
45929,35,31,4
45930,35,31,4
45931,31,27,4
45932,31,27,4
45933,31,27,4
45934,7,2,5
45935,31,27,4
45936,31,27,4
45937,37,14,23
45938,39,36,3
45939,2,2,0
45940,6,6,0
45941,39,36,3
45942,27,22,5
45943,27,22,5
45944,29,26,3
45945,8,4,4
45946,39,36,3
45947,39,36,3
45948,39,36,3
45949,39,36,3
45950,39,36,3
45951,39,36,3
45952,39,36,3
45953,39,36,3
45954,37,14,23
45955,18,13,5
45956,33,25,8
45957,33,25,8
45958,33,25,8
45959,24,20,4
45960,46,29,17
45961,46,29,17
45962,72,61,11
45963,9,6,3
45964,4,3,1
45965,46,29,17
45966,5,2,3
45968,18,13,5
45969,8,4,4
45970,72,61,11
45978,15,13,2
45981,19,17,2
45982,19,17,2
45983,19,17,2
45984,19,8,11
45985,19,8,11
45986,23,21,2
45993,23,21,2
45994,5,5,0
45995,1,1,0
46000,13,11,2
46001,23,21,2
46002,23,21,2
46003,23,21,2
46004,23,21,2
46005,16,10,6
46006,16,10,6
46007,10,6,4
46008,14,8,6
46009,14,8,6
46010,14,8,6
46011,6,1,5
46012,4,2,2
46013,28,15,13
46014,13,5,8
46015,13,5,8
46016,28,15,13
46017,14,13,1
46018,1,0,1
46019,19,19,0
46020,19,19,0
46021,26,26,0
46022,26,26,0
46023,23,23,0
46024,26,26,0
46025,26,26,0
46026,26,26,0
46027,26,26,0
46028,17,17,0
46029,17,17,0
46030,17,17,0
46031,15,15,0
46032,40,29,11
46033,36,27,9
46034,36,27,9
46035,36,27,9
46036,30,26,4
46037,34,12,22
46038,34,12,22
46039,34,12,22
46040,12,11,1
46041,31,25,6
46042,5,4,1
46043,9,7,2
46044,8,3,5
46045,30,23,7
46046,30,23,7
46047,26,20,6
46048,13,11,2
46049,21,13,8
46050,21,13,8
46051,21,13,8
46052,33,21,12
46053,12,9,3
46054,15,11,4
46055,40,29,11
46056,34,23,11
46057,34,23,11
46058,34,23,11
46059,34,23,11
46060,34,23,11
46061,34,23,11
46062,34,23,11
46063,34,23,11
46064,30,23,7
46065,23,22,1
46066,2,1,1
46067,2,1,1
46069,13,12,1
46070,26,24,2
46071,26,24,2
46072,2,2,0
46073,2,2,0
46074,2,2,0
46075,2,2,0
46076,2,2,0
46077,2,2,0
46081,6,6,0
46082,6,6,0
46083,6,6,0
46084,6,6,0
46085,6,6,0
46086,6,6,0
46087,12,12,0
46088,12,12,0
46089,12,12,0
46090,12,12,0
46091,12,12,0
46092,12,12,0
46093,1,0,1
46094,1,0,1
46095,1,0,1
46096,1,0,1
46097,1,0,1
46138,11,8,3
46139,3,2,1
46140,12,10,2
46141,12,10,2
46142,12,10,2
46143,15,8,7
46144,37,28,9
46145,37,28,9
46146,14,10,4
46155,22,20,2
46156,1,0,1
46157,10,7,3
46158,14,10,4
46159,14,10,4
46160,14,10,4
46161,14,10,4
46162,14,10,4
46163,14,10,4
46164,14,10,4
46165,14,10,4
46166,14,10,4
46167,14,10,4
46170,18,15,3
46174,18,15,3
46175,18,15,3
46176,18,15,3
46177,18,15,3
46178,19,16,3
46181,19,3,16
46182,19,3,16
46183,23,19,4
46192,19,3,16
46193,23,19,4
46194,9,1,8
46195,2,1,1
46196,21,17,4
46197,18,15,3
46198,23,19,4
46199,23,19,4
46200,23,19,4
46201,23,19,4
46202,23,19,4
46203,23,19,4
46204,6,5,1
46205,4,4,0
46206,4,4,0
46207,4,4,0
46208,6,5,1
46209,6,6,0
46210,6,6,0
46213,4,0,4
46214,4,0,4
46216,28,15,13
46217,9,9,0
46218,19,14,5
46219,13,9,4
46220,5,0,5
46221,13,9,4
46226,34,19,15
46227,2,0,2
46228,12,9,3
46229,19,14,5
46230,19,14,5
46231,13,9,4
46232,10,7,3
46233,10,7,3
46234,34,19,15
46235,34,19,15
46236,18,18,0
46237,1,1,0
46240,10,7,3
46241,5,5,0
46242,20,17,3
46243,19,15,4
46244,19,15,4
46245,19,15,4
46246,19,15,4
46247,20,17,3
46248,20,0,20
46251,20,0,20
46252,12,8,4
46259,20,0,20
46260,1,1,0
46261,12,8,4
46262,11,1,10
46263,2,1,1
46264,21,17,4
46265,20,17,3
46266,5,1,4
46267,12,8,4
46268,12,8,4
46269,12,8,4
46270,12,8,4
46271,12,8,4
46272,12,8,4
46273,12,8,4
46274,12,8,4
46275,10,7,3
46311,4,4,0
46312,4,4,0
46316,3,3,0
46317,3,3,0
46320,4,2,2
46321,4,2,2
46341,7,5,2
46342,7,5,2
46343,8,6,2
46344,9,2,7
46345,5,3,2
46346,9,2,7
46349,5,3,2
46350,5,3,2
46351,5,3,2
46383,10,6,4
46384,7,0,7
46386,6,2,4
46387,8,6,2
46388,6,2,4
46389,6,2,4
46390,6,2,4
46391,6,2,4
46405,28,15,13
46406,17,13,4
46407,25,16,9
46408,25,16,9
46409,25,16,9
46410,25,16,9
46411,19,14,5
46412,25,10,15
46414,25,10,15
46415,47,32,15
46416,25,10,15
46417,2,1,1
46432,16,11,5
46443,11,4,7
46446,22,16,6
46447,9,1,8
46449,9,1,8
46450,9,1,8
46451,9,1,8
46452,6,2,4
46453,47,32,15
46454,47,32,15
46483,11,10,1
46484,11,10,1
46518,27,17,10
46548,13,11,2
46549,12,9,3
46550,12,9,3
46551,12,9,3
46552,12,10,2
46553,12,10,2
46554,15,3,12
46557,15,3,12
46558,10,6,4
46563,10,6,4
46565,3,0,3
46566,10,6,4
46567,10,6,4
46568,10,6,4
46569,10,6,4
46570,21,21,0
46571,24,23,1
46572,24,23,1
46573,24,23,1
46574,9,4,5
46575,9,4,5
46576,20,16,4
46577,20,16,4
46578,20,16,4
46579,8,3,5
46580,8,3,5
46581,20,16,4
46582,20,16,4
46588,14,11,3
46589,15,12,3
46590,15,12,3
46591,12,8,4
46592,16,5,11
46593,16,5,11
46594,33,24,9
46596,2,2,0
46597,1,1,0
46600,33,24,9
46601,33,24,9
46602,42,39,3
46603,42,39,3
46604,53,51,2
46605,13,13,0
46607,53,51,2
46608,19,18,1
46614,13,1,12
46615,14,11,3
46616,11,8,3
46617,11,8,3
46618,11,8,3
46619,11,8,3
46620,13,11,2
46621,13,1,12
46622,14,11,3
46623,9,7,2
46625,9,7,2
46626,1,0,1
46627,1,0,1
46628,4,0,4
46629,9,7,2
46630,9,7,2
46631,9,7,2
46632,14,12,2
46634,3,2,1
46635,15,14,1
46636,15,14,1
46637,13,12,1
46638,22,9,13
46639,8,7,1
46641,8,7,1
46642,8,7,1
46643,8,7,1
46644,8,7,1
46645,8,7,1
46646,8,7,1
46650,53,51,2
46651,53,51,2
46652,53,51,2
46653,22,19,3
46654,2,2,0
46655,17,13,4
46656,18,11,7
46657,18,11,7
46658,18,11,7
46659,18,11,7
46660,17,13,4
46661,17,13,4
46662,21,1,20
46665,21,1,20
46666,30,24,6
46673,21,1,20
46674,30,24,6
46675,17,13,4
46676,30,24,6
46677,30,24,6
46678,30,24,6
46679,30,24,6
46680,7,5,2
46681,7,5,2
46682,7,5,2
46683,7,5,2
46684,7,5,2
46685,7,5,2
46689,18,18,0
46690,16,16,0
46691,16,16,0
46692,16,16,0
46693,16,16,0
46694,15,13,2
46695,15,13,2
46696,3,0,3
46697,3,0,3
46698,15,13,2
46703,14,14,0
46704,14,14,0
46705,23,23,0
46706,7,7,0
46707,4,4,0
46708,4,4,0
46709,4,4,0
46710,4,4,0
46711,6,6,0
46712,7,7,0
46713,14,14,0
46718,23,23,0
46719,3,2,1
46720,15,14,1
46722,23,23,0
46723,23,23,0
46724,23,23,0
46725,23,23,0
46726,12,12,0
46727,12,12,0
46728,11,10,1
46729,11,10,1
46731,11,10,1
46732,11,10,1
46734,1,1,0
46736,1,1,0
46737,12,12,0
46738,12,12,0
46739,22,19,3
46740,20,19,1
46741,20,19,1
46742,21,21,0
46743,16,15,1
46746,16,15,1
46747,22,22,0
46748,4,4,0
46749,7,7,0
46750,16,15,1
46751,19,16,3
46752,22,19,3
46753,22,22,0
46754,22,22,0
46755,22,22,0
46756,22,22,0
46757,22,22,0
46758,22,22,0
46759,22,22,0
46760,22,22,0
46761,16,16,0
46762,7,7,0
46763,7,7,0
46764,7,7,0
46765,7,7,0
46766,7,7,0
46767,7,7,0
46768,7,7,0
46769,7,7,0
46770,7,7,0
46771,7,7,0
46772,7,7,0
46773,7,7,0
46774,36,29,7
46775,7,7,0
46776,7,7,0
46777,8,8,0
46778,10,10,0
46780,8,8,0
46781,5,5,0
46782,5,5,0
46783,5,5,0
46784,5,5,0
46788,11,8,3
46789,11,8,3
46790,2,0,2
46791,2,0,2
46792,2,0,2
46793,27,25,2
46794,27,25,2
46795,27,25,2
46796,27,25,2
46797,27,25,2
46798,27,25,2
46799,27,25,2
46800,27,25,2
46801,27,25,2
46802,21,8,13
46803,27,25,2
46804,27,25,2
46805,27,25,2
46806,27,25,2
46807,17,4,13
46808,80,71,9
46809,80,71,9
46810,80,71,9
46811,34,26,8
46812,40,32,8
46813,40,32,8
46814,40,32,8
46815,40,32,8
46816,30,25,5
46819,96,63,33
46820,96,63,33
46821,73,63,10
46822,73,63,10
46823,73,63,10
46824,13,13,0
46825,14,14,0
46826,14,14,0
46827,14,14,0
46828,14,14,0
46829,13,13,0
46830,10,9,1
46831,3,2,1
46832,4,2,2
46833,11,10,1
46834,11,10,1
46835,73,63,10
46836,96,63,33
46837,17,13,4
46838,17,13,4
46839,22,22,0
46840,22,22,0
46841,7,7,0
46842,73,63,10
46843,16,10,6
46844,6,5,1
46845,27,21,6
46846,12,8,4
46847,34,26,8
46848,23,19,4
46849,73,63,10
46850,195,141,54
46851,110,90,20
46852,57,47,10
46853,43,34,9
46854,43,34,9
46855,29,24,5
46856,203,143,60
46857,203,143,60
46858,203,143,60
46859,18,15,3
46860,69,52,17
46861,203,143,60
46862,172,139,33
46863,172,139,33
46864,172,139,33
46865,172,139,33
46866,4,0,4
46867,3,0,3
46868,3,0,3
46870,234,131,103
46871,2,1,1
46872,5,2,3
46873,6,0,6
46874,234,131,103
46875,2,1,1
46876,5,2,3
46891,2,2,0
46906,29,5,24
46909,29,5,24
46910,20,16,4
46921,29,5,24
46922,1,1,0
46923,20,16,4
46924,22,11,11
46925,3,1,2
46926,6,2,4
46927,20,16,4
46928,20,16,4
46929,20,16,4
46930,20,16,4
46931,20,16,4
46932,20,16,4
46933,20,16,4
46934,20,16,4
46935,18,17,1
46936,27,20,7
46937,27,20,7
46938,16,13,3
46939,16,13,3
46940,3,0,3
46941,3,0,3
46942,16,13,3
46943,36,15,21
46945,27,26,1
46967,4,2,2
46968,27,26,1
46969,27,26,1
46970,27,26,1
46971,27,26,1
46972,27,26,1
46973,27,26,1
46974,27,26,1
46975,22,17,5
46978,3,1,2
46979,20,16,4
46980,20,16,4
46981,20,16,4
46982,20,16,4
46983,23,20,3
46984,3,1,2
46985,23,17,6
46986,22,17,5
47023,41,19,22
47024,41,19,22
47025,11,8,3
47026,3,0,3
47027,12,7,5
47028,12,7,5
47029,10,8,2
47030,13,2,11
47031,13,2,11
47032,9,4,5
47036,9,4,5
47037,2,0,2
47038,9,4,5
47039,9,4,5
47040,9,4,5
47045,6,2,4
47046,12,5,7
47047,5,1,4
47048,5,1,4
47049,12,5,7
47052,20,15,5
47053,30,19,11
47054,30,19,11
47055,22,16,6
47056,32,8,24
47058,32,8,24
47059,46,26,20
47064,1,0,1
47065,1,0,1
47077,46,26,20
47078,46,26,20
47079,46,26,20
47080,46,26,20
47081,46,26,20
47082,46,26,20
47083,46,26,20
47084,46,26,20
47085,46,26,20
47086,46,26,20
47087,7,1,6
47088,7,1,6
47089,7,1,6
47090,7,1,6
47091,7,1,6
47092,7,1,6
47093,7,1,6
47094,7,1,6
47095,18,13,5
47096,4,1,3
47097,20,11,9
47098,20,11,9
47099,20,11,9
47100,20,11,9
47101,18,14,4
47102,19,2,17
47105,19,2,17
47106,13,9,4
47110,19,2,17
47111,13,9,4
47112,3,1,2
47113,18,13,5
47114,5,1,4
47115,13,9,4
47116,13,9,4
47117,13,9,4
47118,13,9,4
47120,10,10,0
47121,1,1,0
47122,1,1,0
47123,19,15,4
47124,19,13,6
47125,19,13,6
47126,19,13,6
47127,19,13,6
47128,18,16,2
47129,18,0,18
47132,18,0,18
47133,9,7,2
47139,9,7,2
47140,19,15,4
47141,4,0,4
47142,9,7,2
47143,9,7,2
47144,9,7,2
47145,9,7,2
47146,9,7,2
47147,9,7,2
47148,9,7,2
47149,9,7,2
47150,24,3,21
47151,24,3,21
47152,25,12,13
47153,7,5,2
47154,5,2,3
47155,5,2,3
47156,5,2,3
47157,5,2,3
47158,6,5,1
47159,24,3,21
47160,25,12,13
47161,2,0,2
47162,5,0,5
47163,25,12,13
47164,25,12,13
47165,25,12,13
47166,16,4,12
47167,16,4,12
47168,19,11,8
47169,17,9,8
47170,17,9,8
47171,17,9,8
47172,17,9,8
47173,16,12,4
47174,17,12,5
47175,2,0,2
47176,19,11,8
47177,5,2,3
47178,5,2,3
47179,17,3,14
47180,17,3,14
47181,17,3,14
47182,3,3,0
47183,3,3,0
47184,3,3,0
47185,3,3,0
47186,13,13,0
47187,17,3,14
47188,17,3,14
47189,13,4,9
47190,8,4,4
47191,13,4,9
47192,11,5,6
47193,11,5,6
47194,11,5,6
47195,11,5,6
47196,8,5,3
47197,9,3,6
47198,9,3,6
47199,9,3,6
47201,12,9,3
47202,12,9,3
47203,3,0,3
47204,3,0,3
47205,12,9,3
47206,18,1,17
47207,11,1,10
47208,7,5,2
47212,25,18,7
47213,7,5,2
47214,5,0,5
47215,7,5,2
47216,7,5,2
47217,7,5,2
47218,7,5,2
47219,7,5,2
47220,7,5,2
47221,7,5,2
47222,7,5,2
47223,11,8,3
47224,13,7,6
47225,13,7,6
47226,10,8,2
47227,23,5,18
47230,23,5,18
47231,22,12,10
47232,3,0,3
47233,22,12,10
47234,22,12,10
47235,22,12,10
47236,22,12,10
47237,7,2,5
47240,13,13,0
47241,13,13,0
47242,13,13,0
47243,13,13,0
47244,13,13,0
47245,13,13,0
47247,13,13,0
47248,13,13,0
47252,10,2,8
47253,10,2,8
47254,10,2,8
47255,10,2,8
47257,5,3,2
47260,5,3,2
47268,7,2,5
47269,26,19,7
47270,200,138,62
47271,15,12,3
47272,12,6,6
47277,12,1,11
47278,12,1,11
47279,146,65,81
47281,146,65,81
47283,8,1,7
47284,8,1,7
47291,14,8,6
47293,24,18,6
47294,3,0,3
47295,3,0,3
47296,30,15,15
47297,30,15,15
47298,30,15,15
47299,30,15,15
47300,32,22,10
47301,35,5,30
47302,1,1,0
47303,1,1,0
47304,35,5,30
47305,25,16,9
47306,3,3,0
47307,4,4,0
47308,4,4,0
47309,3,3,0
47310,5,5,0
47311,35,5,30
47312,1,1,0
47313,1,1,0
47316,25,16,9
47317,23,17,6
47318,24,18,6
47319,6,2,4
47320,25,16,9
47321,25,16,9
47322,25,16,9
47323,25,16,9
47324,25,16,9
47325,25,16,9
47326,25,16,9
47327,25,16,9
47329,2,1,1
47330,10,1,9
47333,1,0,1
47334,1,0,1
47335,14,6,8
47336,14,6,8
47339,19,12,7
47340,13,9,4
47341,13,9,4
47342,13,9,4
47343,13,9,4
47344,14,12,2
47345,18,2,16
47348,18,2,16
47349,16,9,7
47359,16,9,7
47360,7,1,6
47361,2,1,1
47362,15,12,3
47363,1,0,1
47364,5,0,5
47365,16,9,7
47366,16,9,7
47367,16,9,7
47368,16,9,7
47369,15,6,9
47370,15,6,9
47371,23,18,5
47372,23,15,8
47373,23,15,8
47374,23,15,8
47375,23,15,8
47376,23,16,7
47377,23,16,7
47378,3,0,3
47379,3,0,3
47380,23,16,7
47381,27,1,26
47382,27,1,26
47383,22,9,13
47384,4,0,4
47385,4,0,4
47386,27,1,26
47387,22,9,13
47388,4,0,4
47389,23,18,5
47390,5,0,5
47391,22,9,13
47392,22,9,13
47393,22,9,13
47394,22,9,13
47395,22,9,13
47396,22,9,13
47397,22,9,13
47398,22,9,13
47400,14,6,8
47401,14,6,8
47406,37,19,18
47407,23,16,7
47408,2,0,2
47409,27,20,7
47410,27,20,7
47411,27,20,7
47412,23,17,6
47413,24,10,14
47414,24,10,14
47415,24,10,14
47416,50,37,13
47417,4,4,0
47418,4,4,0
47419,4,4,0
47420,4,4,0
47421,4,4,0
47422,24,10,14
47423,24,10,14
47424,50,37,13
47427,19,14,5
47428,23,16,7
47429,50,37,13
47430,50,37,13
47431,50,37,13
47432,50,37,13
47433,14,12,2
47434,14,12,2
47435,14,12,2
47436,12,10,2
47437,12,10,2
47438,20,6,14
47441,20,6,14
47442,18,16,2
47443,3,3,0
47447,18,16,2
47449,18,16,2
47450,18,16,2
47451,18,16,2
47452,18,16,2
47453,3,2,1
47454,3,2,1
47455,3,2,1
47456,3,2,1
47457,3,2,1
47459,2,2,0
47460,4,4,0
47461,4,4,0
47462,3,2,1
47463,6,5,1
47464,6,5,1
47465,6,5,1
47466,6,5,1
47469,13,0,13
47470,6,5,1
47471,6,5,1
47472,3,2,1
47485,5,5,0
47488,5,5,0
47489,5,5,0
47490,2,0,2
47491,2,0,2
47495,7,6,1
47496,12,0,12
47497,4,1,3
47498,4,1,3
47499,4,1,3
47500,4,1,3
47501,4,1,3
47502,4,1,3
47503,14,10,4
47504,17,17,0
47505,17,17,0
47508,21,18,3
47509,21,18,3
47510,21,18,3
47511,21,18,3
47513,12,9,3
47514,12,9,3
47515,23,7,16
47516,23,7,16
47517,30,14,16
47518,6,3,3
47521,1,0,1
47522,1,0,1
47523,30,14,16
47524,30,14,16
47525,30,14,16
47526,30,14,16
47527,30,14,16
47528,6,6,0
47529,6,6,0
47530,11,9,2
47531,11,9,2
47532,12,0,12
47533,12,0,12
47534,4,2,2
47535,4,2,2
47536,4,2,2
47537,4,2,2
47538,4,2,2
47539,4,2,2
47540,4,2,2
47541,4,2,2
47542,4,2,2
47551,22,12,10
47562,8,7,1
47563,8,7,1
47564,8,7,1
47565,8,7,1
47566,8,7,1
47567,8,7,1
47568,10,2,8
47569,8,7,1
47570,3,3,0
47573,8,7,1
47574,22,12,10
47575,16,11,5
47577,3,1,2
47578,3,1,2
47579,15,9,6
47580,15,9,6
47581,15,9,6
47582,15,9,6
47583,15,12,3
47584,16,11,5
47585,19,1,18
47586,1,0,1
47587,19,1,18
47588,14,8,6
47589,3,0,3
47590,1,0,1
47591,15,12,3
47592,1,1,0
47593,4,2,2
47594,5,1,4
47595,14,8,6
47596,14,8,6
47597,14,8,6
47598,14,8,6
47599,3,2,1
47600,3,1,2
47601,3,1,2
47602,26,20,6
47603,17,15,2
47604,19,16,3
47605,19,16,3
47606,17,15,2
47607,22,5,17
47610,22,5,17
47611,19,16,3
47612,3,3,0
47613,5,5,0
47614,19,16,3
47615,28,18,10
47616,6,2,4
47617,6,2,4
47618,31,18,13
47619,31,18,13
47620,31,18,13
47621,31,18,13
47622,27,18,9
47623,27,18,9
47624,33,5,28
47625,33,5,28
47628,33,5,28
47629,53,29,24
47630,7,7,0
47631,7,5,2
47632,7,5,2
47633,7,5,2
47634,7,5,2
47635,7,7,0
47636,8,7,1
47637,1,0,1
47638,8,7,1
47639,33,5,28
47640,33,5,28
47641,3,1,2
47642,3,1,2
47643,3,1,2
47646,53,29,24
47647,11,1,10
47648,4,1,3
47649,25,18,7
47650,5,3,2
47651,28,18,10
47652,5,3,2
47653,9,4,5
47654,53,29,24
47655,53,29,24
47656,53,29,24
47657,53,29,24
47658,53,29,24
47659,53,29,24
47660,53,29,24
47661,53,29,24
47662,2,1,1
47663,2,1,1
47664,5,3,2
47665,19,16,3
47666,19,16,3
47667,19,16,3
47668,19,16,3
47669,19,16,3
47670,19,16,3
47671,19,16,3
47672,19,16,3
47673,11,8,3
47674,2,1,1
47675,2,1,1
47676,12,9,3
47677,12,9,3
47678,10,7,3
47679,23,5,18
47680,19,14,5
47681,23,5,18
47682,19,14,5
47683,19,14,5
47687,6,5,1
47688,5,4,1
47689,5,4,1
47690,4,3,1
47691,7,0,7
47692,4,3,1
47693,4,3,1
47696,10,8,2
47697,15,8,7
47698,12,9,3
47699,3,0,3
47700,3,0,3
47701,18,3,15
47703,18,3,15
47704,1,0,1
47705,18,3,15
47706,18,3,15
47707,18,3,15
47708,18,3,15
47709,25,16,9
47710,7,3,4
47711,23,15,8
47712,23,15,8
47713,23,15,8
47714,23,15,8
47717,23,17,6
47718,4,1,3
47719,24,2,22
47720,24,2,22
47723,24,2,22
47724,25,10,15
47725,2,0,2
47726,2,0,2
47727,2,0,2
47728,24,2,22
47729,24,2,22
47730,3,1,2
47731,3,1,2
47733,25,10,15
47734,25,16,9
47735,7,2,5
47736,25,10,15
47737,25,10,15
47738,25,10,15
47739,25,10,15
47740,25,10,15
47741,25,10,15
47742,25,10,15
47743,25,10,15
47744,8,0,8
47745,1,0,1
47746,1,0,1
47747,1,0,1
47748,1,0,1
47749,1,0,1
47750,1,0,1
47751,1,0,1
47752,12,9,3
47753,16,0,16
47754,16,0,16
47755,12,1,11
47756,12,1,11
47757,12,1,11
47758,12,1,11
47759,12,1,11
47760,12,1,11
47761,12,1,11
47762,12,1,11
47763,12,1,11
47764,17,12,5
47765,17,12,5
47768,3,1,2
47771,3,1,2
47772,22,12,10
47773,14,13,1
47774,12,11,1
47775,12,11,1
47776,14,14,0
47777,22,12,10
47778,22,12,10
47779,16,14,2
47780,22,12,10
47781,1,0,1
47782,1,0,1
47783,17,13,4
47784,14,12,2
47785,14,12,2
47786,14,0,14
47787,14,0,14
47788,7,3,4
47789,7,3,4
47790,7,3,4
47791,7,3,4
47792,7,3,4
47793,7,3,4
47794,7,3,4
47795,7,3,4
47796,7,3,4
47797,7,3,4
47798,7,3,4
47799,2,0,2
47800,16,14,2
47801,16,14,2
47802,16,14,2
47803,16,14,2
47804,16,14,2
47805,16,14,2
47806,16,14,2
47807,16,14,2
47808,5,0,5
47810,20,17,3
47811,20,17,3
47812,20,17,3
47813,21,16,5
47814,4,2,2
47815,4,2,2
47816,21,16,5
47817,35,14,21
47818,5,4,1
47819,5,4,1
47820,35,14,21
47821,39,39,0
47822,4,4,0
47823,3,3,0
47824,3,3,0
47825,3,3,0
47826,3,3,0
47827,35,14,21
47828,13,10,3
47829,13,10,3
47830,13,10,3
47831,13,10,3
47832,13,10,3
47833,13,10,3
47834,13,10,3
47835,13,10,3
47836,17,8,9
47837,17,8,9
47864,7,5,2
47865,8,0,8
47866,8,0,8
47867,3,1,2
47870,3,1,2
47871,3,1,2
47872,3,1,2
47873,3,1,2
47874,17,15,2
47875,21,15,6
47876,21,15,6
47877,21,15,6
47878,21,15,6
47879,16,15,1
47880,27,14,13
47881,27,14,13
47882,27,14,13
47883,10,2,8
47884,4,2,2
47885,18,15,3
47887,1,1,0
47888,5,1,4
47889,17,15,2
47890,6,1,5
47891,27,14,13
47892,27,14,13
47893,27,14,13
47894,27,14,13
47895,18,12,6
47896,16,10,6
47897,16,10,6
47898,16,10,6
47899,17,10,7
47900,17,10,7
47901,3,0,3
47902,3,0,3
47903,17,10,7
47905,19,0,19
47906,19,0,19
47909,19,0,19
47910,17,8,9
47918,19,0,19
47919,19,0,19
47924,2,0,2
47925,2,0,2
47926,2,0,2
47927,2,0,2
47928,17,8,9
47929,17,12,5
47930,17,8,9
47931,17,8,9
47932,17,8,9
47933,35,28,7
47951,15,12,3
47952,18,13,5
47953,28,6,22
47954,1,0,1
47955,15,8,7
47956,15,8,7
47957,15,8,7
47958,15,8,7
47959,15,8,7
47960,15,8,7
47961,15,8,7
47962,15,8,7
47963,15,8,7
47964,25,20,5
47965,25,20,5
47966,14,12,2
47967,15,11,4
47968,15,11,4
47969,15,11,4
47970,15,11,4
47971,14,12,2
47972,12,10,2
47973,3,2,1
47974,4,2,2
47975,14,11,3
47976,14,11,3
47977,25,20,5
47978,16,2,14
47979,14,9,5
47980,16,9,7
47981,16,9,7
47982,16,9,7
47983,13,9,4
47985,16,2,14
47986,12,8,4
47987,25,12,13
47994,16,2,14
47995,25,12,13
47996,5,1,4
47997,3,1,2
47998,9,1,8
47999,25,12,13
48000,9,4,5
48001,10,2,8
48002,10,2,8
48003,10,2,8
48004,8,4,4
48005,12,4,8
48006,1,1,0
48007,1,1,0
48008,12,4,8
48009,10,1,9
48010,4,3,1
48011,4,3,1
48012,12,4,8
48013,4,0,4
48014,10,1,9
48015,10,1,9
48016,10,1,9
48017,10,1,9
48018,10,1,9
48019,10,1,9
48020,10,1,9
48021,10,1,9
48022,10,5,5
48023,34,33,1
48024,34,33,1
48025,34,33,1
48026,12,12,0
48027,46,37,9
48030,46,37,9
48031,46,37,9
48032,46,37,9
48033,46,37,9
48034,46,37,9
48035,46,37,9
48036,46,37,9
48037,46,37,9
48038,46,37,9
48039,27,22,5
48040,17,14,3
48041,34,15,19
48042,9,8,1
48043,56,51,5
48044,8,8,0
48045,4,3,1
48046,4,1,3
48047,15,10,5
48048,17,1,16
48049,56,51,5
48050,56,51,5
48051,56,51,5
48052,56,51,5
48053,56,51,5
48054,56,51,5
48055,56,51,5
48056,31,14,17
48057,7,0,7
48058,7,0,7
48059,7,0,7
48060,7,0,7
48061,7,0,7
48062,7,0,7
48063,7,0,7
48064,7,0,7
48065,50,38,12
48070,11,9,2
48071,3,0,3
48072,3,1,2
48074,2,0,2
48075,2,0,2
48076,2,0,2
48078,3,1,2
48079,3,1,2
48080,3,1,2
48081,3,1,2
48082,3,1,2
48083,3,1,2
48084,3,1,2
48085,3,1,2
48086,24,18,6
48088,25,15,10
48089,25,15,10
48090,25,15,10
48091,25,15,10
48092,25,18,7
48093,5,3,2
48094,46,20,26
48095,46,20,26
48096,56,44,12
48097,6,6,0
48098,6,4,2
48099,6,4,2
48100,6,4,2
48101,6,4,2
48102,7,7,0
48103,56,44,12
48104,15,13,2
48105,24,18,6
48106,5,1,4
48107,56,44,12
48108,56,44,12
48109,56,44,12
48110,56,44,12
48111,20,11,9
48112,9,8,1
48113,9,8,1
48114,2,2,0
48115,2,2,0
48116,8,2,6
48117,41,21,20
48120,18,11,7
48121,10,6,4
48123,15,11,4
48124,25,13,12
48125,8,5,3
48126,8,5,3
48127,8,5,3
48130,9,7,2
48131,10,9,1
48132,11,2,9
48134,11,2,9
48135,11,2,9
48136,11,2,9
48137,11,2,9
48138,11,2,9
48141,8,8,0
48142,13,9,4
48143,13,7,6
48144,13,7,6
48145,13,7,6
48146,13,9,4
48147,16,0,16
48148,16,0,16
48149,11,5,6
48150,16,0,16
48151,11,5,6
48152,11,5,6
48153,11,5,6
48154,11,5,6
48155,7,1,6
48156,7,1,6
48157,7,1,6
48158,7,1,6
48159,7,1,6
48160,7,1,6
48161,7,1,6
48162,7,1,6
48163,4,2,2
48164,4,2,2
48165,3,3,0
48167,3,3,0
48168,2,2,0
48173,11,11,0
48174,6,6,0
48175,6,6,0
48176,6,6,0
48177,6,6,0
48178,6,6,0
48179,6,6,0
48180,6,6,0
48181,6,6,0
48182,12,8,4
48183,10,6,4
48184,10,6,4
48185,10,6,4
48186,12,8,4
48187,15,0,15
48188,15,0,15
48189,15,5,10
48190,15,0,15
48191,15,5,10
48192,15,5,10
48193,15,5,10
48194,18,13,5
48195,2,1,1
48196,2,1,1
48197,23,17,6
48198,23,17,6
48199,23,17,6
48200,18,15,3
48201,38,14,24
48202,2,1,1
48203,2,1,1
48204,38,14,24
48205,52,40,12
48206,8,6,2
48208,52,40,12
48209,16,12,4
48210,7,4,3
48211,52,40,12
48212,52,40,12
48213,52,40,12
48214,52,40,12
48215,19,12,7
48216,29,18,11
48217,16,10,6
48218,29,9,20
48219,29,9,20
48220,29,9,20
48221,25,16,9
48222,3,3,0
48223,7,7,0
48224,3,3,0
48225,29,9,20
48226,29,9,20
48227,25,16,9
48228,2,0,2
48230,2,0,2
48231,1,0,1
48232,1,0,1
48233,3,2,1
48234,25,16,9
48235,25,16,9
48236,6,6,0
48237,6,6,0
48238,3,2,1
48239,5,3,2
48240,3,2,1
48241,3,2,1
48242,6,5,1
48243,6,5,1
48244,6,5,1
48245,7,6,1
48246,5,3,2
48247,5,3,2
48248,15,12,3
48249,15,12,3
48250,15,12,3
48251,6,0,6
48252,6,0,6
48259,3,3,0
48260,3,3,0
48261,22,0,22
48262,22,0,22
48263,22,0,22
48264,22,0,22
48265,22,0,22
48266,24,3,21
48267,9,2,7
48268,14,4,10
48269,14,4,10
48270,24,3,21
48271,22,0,22
48272,22,0,22
48273,13,5,8
48274,13,5,8
48275,13,5,8
48276,8,5,3
48277,24,2,22
48278,18,5,13
48279,7,5,2
48280,22,0,22
48281,6,2,4
48282,6,2,4
48283,6,2,4
48284,9,9,0
48285,8,8,0
48286,8,8,0
48287,8,8,0
48288,8,8,0
48289,23,22,1
48290,16,0,16
48291,7,7,0
48292,7,7,0
48293,6,2,4
48294,6,2,4
48295,24,22,2
48296,28,25,3
48297,28,25,3
48298,28,25,3
48299,28,25,3
48300,24,22,2
48301,21,14,7
48302,1,1,0
48303,1,1,0
48304,21,14,7
48305,21,14,7
48306,1,0,1
48307,25,24,1
48308,2,0,2
48309,24,22,2
48310,6,2,4
48311,21,14,7
48312,21,14,7
48313,21,14,7
48314,21,14,7
48315,21,14,7
48316,21,14,7
48317,21,14,7
48318,21,14,7
48319,21,14,7
48320,21,14,7
48321,21,14,7
48322,21,14,7
48323,8,6,2
48324,14,2,12
48325,12,1,11
48326,12,1,11
48327,12,1,11
48328,12,1,11
48329,12,1,11
48330,12,1,11
48332,5,2,3
48333,7,0,7
48334,11,1,10
48335,7,0,7
48336,11,1,10
48337,22,0,22
48338,15,15,0
48339,16,15,1
48340,16,15,1
48341,16,15,1
48342,16,15,1
48343,13,13,0
48344,11,6,5
48345,11,6,5
48346,41,31,10
48347,3,3,0
48348,6,6,0
48349,3,3,0
48350,11,6,5
48351,41,31,10
48352,6,0,6
48353,41,31,10
48354,41,31,10
48355,41,31,10
48356,41,31,10
48357,18,12,6
48358,1,0,1
48359,1,0,1
48360,21,12,9
48361,21,12,9
48362,21,12,9
48363,21,12,9
48364,19,12,7
48365,19,12,7
48366,18,1,17
48367,18,1,17
48368,18,1,17
48369,20,13,7
48372,18,1,17
48373,20,13,7
48374,18,13,5
48375,4,0,4
48376,20,13,7
48377,20,13,7
48378,20,13,7
48379,23,11,12
48380,23,11,12
48381,21,7,14
48411,13,10,3
48412,18,9,9
48413,28,22,6
48417,28,22,6
48418,28,22,6
48420,36,27,9
48421,32,25,7
48422,36,24,12
48423,36,24,12
48424,36,24,12
48425,36,24,12
48426,36,27,9
48427,36,6,30
48431,36,6,30
48432,43,23,20
48433,13,10,3
48434,17,11,6
48435,17,11,6
48436,17,11,6
48437,17,11,6
48438,13,10,3
48439,12,9,3
48440,4,2,2
48441,3,1,2
48442,13,9,4
48443,13,9,4
48444,36,6,30
48445,43,23,20
48446,20,2,18
48447,5,2,3
48448,27,22,5
48449,32,25,7
48450,8,1,7
48451,43,23,20
48452,43,23,20
48453,43,23,20
48454,43,23,20
48455,43,23,20
48456,43,23,20
48457,43,23,20
48458,43,23,20
48459,43,23,20
48460,43,23,20
48461,43,23,20
48462,43,23,20
48463,30,27,3
48464,30,27,3
48465,30,27,3
48466,30,27,3
48467,30,27,3
48468,30,27,3
48469,30,27,3
48470,30,27,3
48471,9,7,2
48472,9,7,2
48473,9,7,2
48474,12,0,12
48475,12,0,12
48476,9,3,6
48477,9,3,6
48478,9,3,6
48479,9,3,6
48480,9,3,6
48481,2,0,2
48482,2,0,2
48492,8,5,3
48493,8,5,3
48494,9,5,4
48495,9,5,4
48496,8,5,3
48497,8,5,3
48498,12,6,6
48499,13,5,8
48500,13,5,8
48501,13,5,8
48502,13,5,8
48503,13,7,6
48504,16,5,11
48505,5,3,2
48506,5,3,2
48507,16,5,11
48508,22,18,4
48509,3,2,1
48510,8,5,3
48511,3,2,1
48512,3,3,0
48513,16,5,11
48514,1,0,1
48515,6,1,5
48516,25,14,11
48517,25,14,11
48518,25,14,11
48519,25,14,11
48520,25,14,11
48521,25,14,11
48522,25,14,11
48523,25,14,11
48524,25,14,11
48525,25,14,11
48526,25,14,11
48527,17,8,9
48528,17,8,9
48549,9,6,3
48550,20,16,4
48551,18,14,4
48552,18,14,4
48553,18,14,4
48554,18,14,4
48555,20,17,3
48556,22,2,20
48557,22,2,20
48558,12,8,4
48567,22,2,20
48568,1,1,0
48569,12,8,4
48570,1,0,1
48571,21,17,4
48572,9,6,3
48573,2,0,2
48574,20,16,4
48575,5,1,4
48576,12,8,4
48577,12,8,4
48578,12,8,4
48579,12,8,4
48580,12,8,4
48581,12,8,4
48582,12,8,4
48583,12,8,4
48595,25,16,9
48596,25,16,9
48597,16,14,2
48598,22,20,2
48599,32,15,17
48600,2,2,0
48601,2,2,0
48602,32,15,17
48603,72,65,7
48604,72,65,7
48605,72,65,7
48606,72,65,7
48607,72,65,7
48608,72,65,7
48609,72,65,7
48610,72,65,7
48611,12,8,4
48612,17,10,7
48613,17,10,7
48614,17,10,7
48615,17,10,7
48616,13,9,4
48617,25,7,18
48620,25,7,18
48621,23,7,16
48622,11,9,2
48623,7,6,1
48624,7,6,1
48625,7,6,1
48626,7,6,1
48627,11,9,2
48628,8,8,0
48629,8,7,1
48630,8,7,1
48631,25,7,18
48632,3,1,2
48633,3,1,2
48634,2,0,2
48635,30,26,4
48636,2,0,2
48637,12,8,4
48638,12,8,4
48639,6,2,4
48640,23,7,16
48641,23,7,16
48642,23,7,16
48643,23,7,16
48644,23,7,16
48645,23,7,16
48646,23,7,16
48647,7,5,2
48648,5,3,2
48649,5,3,2
48650,5,3,2
48651,7,5,2
48652,13,2,11
48653,13,2,11
48654,1,0,1
48655,8,5,3
48656,1,0,1
48657,1,0,1
48658,1,0,1
48659,1,0,1
48660,1,0,1
48661,1,0,1
48662,1,0,1
48663,1,0,1
48664,230,140,90
48665,230,140,90
48666,230,140,90
48671,22,7,15
48672,32,18,14
48673,43,14,29
48674,6,1,5
48675,35,16,19
48676,35,16,19
48685,14,12,2
48686,16,11,5
48687,16,11,5
48688,16,11,5
48689,16,11,5
48690,20,0,20
48693,20,0,20
48694,11,5,6
48700,3,1,2
48701,11,5,6
48702,2,0,2
48703,3,1,2
48704,11,5,6
48705,11,5,6
48706,11,5,6
48707,11,5,6
48708,11,5,6
48709,11,5,6
48710,22,8,14
48711,29,28,1
48712,29,28,1
48713,2,0,2
48714,2,0,2
48715,2,0,2
48716,29,28,1
48717,29,28,1
48718,29,28,1
48719,29,28,1
48720,29,28,1
48721,29,28,1
48722,13,9,4
48724,13,9,4
48725,13,9,4
48726,13,9,4
48727,13,9,4
48728,13,9,4
48729,13,9,4
48730,17,5,12
48731,17,5,12
48734,17,5,12
48735,4,4,0
48742,17,5,12
48743,2,2,0
48744,2,2,0
48745,23,19,4
48746,15,9,6
48747,13,9,4
48748,4,4,0
48749,4,4,0
48750,4,4,0
48751,4,4,0
48752,4,4,0
48753,4,4,0
48754,4,4,0
48755,4,4,0
48758,4,2,2
48759,4,2,2
48760,8,0,8
48762,8,0,8
48763,4,2,2
48764,4,2,2
48778,10,10,0
48779,44,15,29
48781,8,8,0
48782,17,13,4
48783,44,15,29
48784,17,13,4
48785,17,13,4
48786,17,13,4
48787,32,18,14
48790,16,12,4
48791,13,11,2
48792,13,11,2
48793,14,12,2
48794,13,0,13
48796,13,0,13
48797,11,4,7
48798,11,4,7
48799,11,4,7
48800,11,4,7
48801,11,4,7
48802,11,4,7
48803,11,4,7
48804,11,4,7
48805,11,4,7
48806,5,3,2
48807,8,0,8
48808,8,0,8
48809,3,1,2
48810,3,1,2
48811,3,1,2
48812,18,9,9
48813,18,9,9
48814,33,10,23
48815,9,0,9
48816,9,0,9
48817,6,0,6
48818,9,0,9
48819,9,0,9
48820,33,10,23
48824,35,14,21
48825,5,4,1
48826,5,4,1
48827,6,5,1
48828,15,6,9
48830,20,11,9
48833,20,11,9
48834,20,11,9
48835,13,11,2
48836,13,9,4
48837,13,9,4
48838,13,9,4
48839,14,11,3
48840,16,0,16
48842,16,0,16
48843,13,6,7
48846,13,6,7
48847,13,11,2
48848,3,0,3
48849,13,6,7
48850,13,6,7
48851,13,6,7
48852,13,6,7
48853,20,15,5
48854,22,14,8
48855,22,14,8
48856,22,14,8
48857,20,14,6
48858,25,6,19
48861,25,6,19
48862,19,10,9
48863,6,4,2
48864,10,3,7
48865,10,3,7
48866,2,0,2
48867,2,0,2
48868,2,0,2
48869,5,3,2
48870,25,6,19
48871,3,1,2
48872,3,1,2
48873,3,1,2
48874,3,1,2
48875,19,10,9
48876,1,0,1
48877,8,4,4
48878,19,10,9
48879,19,10,9
48880,19,10,9
48881,19,10,9
48882,19,10,9
48883,19,10,9
48884,19,10,9
48885,19,10,9
48886,9,7,2
48887,10,5,5
48888,10,5,5
48889,10,5,5
48890,10,5,5
48891,9,7,2
48892,20,8,12
48895,20,8,12
48896,1,1,0
48897,6,6,0
48898,8,8,0
48899,8,8,0
48900,6,6,0
48901,6,6,0
48902,7,7,0
48903,22,19,3
48904,11,7,4
48905,4,0,4
48906,1,1,0
48907,1,1,0
48908,1,1,0
48909,1,1,0
48910,1,1,0
48911,1,1,0
48912,1,1,0
48913,1,1,0
48914,3,0,3
48931,5,0,5
48932,4,1,3
48933,4,1,3
48934,4,1,3
48935,15,13,2
48936,1,0,1
48937,1,0,1
48938,18,13,5
48939,18,13,5
48940,15,12,3
48941,23,6,17
48942,28,15,13
48943,28,15,13
48944,28,15,13
48945,28,15,13
48946,28,15,13
48947,28,15,13
48948,28,15,13
48949,34,19,15
48950,34,19,15
48951,19,0,19
48952,6,2,4
48953,3,0,3
48954,7,1,6
48958,19,0,19
48959,5,0,5
48960,5,0,5
48961,7,3,4
48962,7,3,4
48963,7,3,4
48964,7,3,4
48965,7,3,4
48966,17,13,4
48967,16,12,4
48968,16,12,4
48969,17,13,4
48970,16,0,16
48971,16,0,16
48973,16,0,16
48974,8,4,4
48976,16,0,16
48977,8,4,4
48978,8,4,4
48979,8,4,4
48980,8,4,4
48981,8,4,4
48982,8,4,4
48983,8,4,4
48984,8,4,4
48985,8,4,4
48986,4,2,2
48987,3,2,1
48988,3,2,1
48989,4,2,2
48992,5,1,4
48993,9,3,6
48994,9,3,6
48995,14,3,11
48996,14,3,11
48998,12,0,12
48999,9,0,9
49000,1,1,0
49001,1,1,0
49002,10,6,4
49003,10,6,4
49004,28,20,8
49007,3,1,2
49008,8,4,4
49009,14,5,9
49010,1,0,1
49011,14,5,9
49012,14,5,9
49013,14,5,9
49016,5,3,2
49017,24,16,8
49018,52,45,7
49019,4,3,1
49020,52,45,7
49021,52,45,7
49022,52,45,7
49023,1,0,1
49024,1,0,1
49057,35,24,11
49060,23,14,9
49061,23,14,9
49062,23,14,9
49063,23,14,9
49064,23,14,9
49065,23,14,9
49066,35,24,11
49067,10,5,5
49068,27,18,9
49069,10,5,5
49070,10,5,5
49071,27,18,9
49072,27,18,9
49073,27,18,9
49076,23,2,21
49077,17,14,3
49078,17,13,4
49079,17,13,4
49080,17,13,4
49081,17,13,4
49082,19,14,5
49083,19,14,5
49084,3,0,3
49085,3,0,3
49086,19,14,5
49087,17,14,3
49090,23,2,21
49091,19,16,3
49092,15,11,4
49098,23,2,21
49099,15,11,4
49100,17,14,3
49101,6,0,6
49102,4,0,4
49103,15,11,4
49104,15,11,4
49105,15,11,4
49106,15,11,4
49107,36,20,16
49108,36,20,16
49109,36,20,16
49110,22,11,11
49111,43,14,29
49112,3,2,1
49113,36,20,16
49114,43,14,29
49115,43,14,29
49116,43,14,29
49117,26,11,15
49118,26,11,15
49119,26,11,15
49120,26,11,15
49121,9,2,7
49122,40,21,19
49123,15,13,2
49124,24,9,15
49125,24,9,15
49126,13,11,2
49127,13,11,2
49128,13,11,2
49129,13,11,2
49130,13,11,2
49131,13,11,2
49132,13,11,2
49133,13,11,2
49134,13,11,2
49135,52,18,34
49136,52,18,34
49137,41,30,11
49138,52,18,34
49142,15,4,11
49143,15,4,11
49144,18,9,9
49145,11,9,2
49146,14,0,14
49148,7,2,5
49149,1,0,1
49150,7,2,5
49151,7,2,5
49152,7,2,5
49153,7,2,5
49154,7,2,5
49155,7,2,5
49156,7,2,5
49157,7,2,5
49159,8,3,5
49160,41,30,11
49161,41,30,11
49162,41,30,11
49163,1,1,0
49164,1,1,0
49165,3,3,0
49166,16,13,3
49167,12,2,10
49168,12,2,10
49169,28,22,6
49170,5,5,0
49171,4,4,0
49172,4,4,0
49173,3,3,0
49174,3,3,0
49175,12,2,10
49178,28,22,6
49179,28,22,6
49180,28,22,6
49181,28,22,6
49182,28,22,6
49183,28,22,6
49184,28,22,6
49199,13,12,1
49200,10,9,1
49201,21,15,6
49202,4,4,0
49203,16,16,0
49204,21,20,1
49205,16,16,0
49206,16,16,0
49207,16,16,0
49208,16,16,0
49209,21,20,1
49210,16,16,0
49211,16,16,0
49212,13,2,11
49213,13,2,11
49214,4,2,2
49216,4,2,2
49217,4,2,2
49218,4,2,2
49219,4,2,2
49220,4,2,2
49221,4,2,2
49222,4,2,2
49223,4,2,2
49224,13,2,11
49225,13,2,11
49227,2,0,2
49228,2,0,2
49229,2,0,2
49230,2,0,2
49231,2,0,2
49232,2,0,2
49233,2,0,2
49234,4,0,4
49235,4,0,4
49236,4,0,4
49237,4,0,4
49238,6,5,1
49239,6,5,1
49240,13,4,9
49242,3,2,1
49244,3,2,1
49245,3,2,1
49246,3,2,1
49258,4,3,1
49259,4,3,1
49311,20,12,8
49312,20,12,8
49313,20,12,8
49314,23,13,10
49315,23,13,10
49316,4,0,4
49317,22,0,22
49318,22,0,22
49319,22,0,22
49320,6,2,4
49321,6,2,4
49322,19,14,5
49323,22,7,15
49324,22,7,15
49325,22,7,15
49326,22,7,15
49327,2,0,2
49328,22,4,18
49329,11,6,5
49330,11,3,8
49331,11,3,8
49332,11,3,8
49333,11,3,8
49334,22,4,18
49335,9,6,3
49336,2,0,2
49337,11,6,5
49338,22,7,15
49339,22,7,15
49340,11,3,8
49343,22,7,15
49344,19,14,5
49345,12,3,9
49346,22,7,15
49349,24,11,13
49350,24,11,13
49355,17,12,5
49357,19,13,6
49358,19,13,6
49359,19,13,6
49360,19,13,6
49361,18,13,5
49362,15,2,13
49363,15,2,13
49365,15,2,13
49366,26,20,6
49367,2,1,1
49368,2,1,1
49369,2,1,1
49370,3,3,0
49371,15,2,13
49372,15,2,13
49373,1,1,0
49374,26,20,6
49375,8,0,8
49376,17,12,5
49377,6,2,4
49378,26,20,6
49379,26,20,6
49380,26,20,6
49381,26,20,6
49383,8,2,6
49384,8,2,6
49385,7,6,1
49386,14,13,1
49387,14,13,1
49388,14,6,8
49389,22,17,5
49390,8,7,1
49391,8,7,1
49392,6,5,1
49393,13,3,10
49394,6,5,1
49395,5,4,1
49396,22,17,5
49397,22,17,5
49398,10,5,5
49399,10,5,5
49400,22,17,5
49401,22,17,5
49402,18,14,4
49403,2,0,2
49404,16,12,4
49405,16,12,4
49406,16,12,4
49407,4,1,3
49408,18,11,7
49409,18,11,7
49410,4,1,3
49411,18,11,7
49412,10,0,10
49413,10,0,10
49414,10,0,10
49415,10,0,10
49416,10,0,10
49417,10,0,10
49418,12,0,12
49419,3,1,2
49420,10,0,10
49421,10,0,10
49422,4,1,3
49424,10,0,10
49425,31,4,27
49426,31,4,27
49427,29,20,9
49428,3,1,2
49429,6,2,4
49430,3,1,2
49431,29,20,9
49432,6,0,6
49433,15,13,2
49434,29,20,9
49435,29,20,9
49436,29,20,9
49437,29,20,9
49440,2,2,0
49441,17,13,4
49442,17,13,4
49443,26,16,10
49446,13,11,2
49447,14,12,2
49448,14,12,2
49449,26,11,15
49450,1,1,0
49453,26,11,15
49454,18,16,2
49455,2,2,0
49456,4,4,0
49459,11,9,2
49463,11,9,2
49464,15,12,3
49465,26,16,10
49468,18,16,2
49469,18,16,2
49470,18,16,2
49471,18,16,2
49472,5,3,2
49473,5,3,2
49474,8,7,1
49475,10,0,10
49476,4,1,3
49477,4,1,3
49478,4,1,3
49479,4,1,3
49480,4,1,3
49481,4,1,3
49482,4,1,3
49483,40,23,17
49484,23,16,7
49485,24,13,11
49486,24,13,11
49487,24,13,11
49488,24,13,11
49489,25,16,9
49490,40,8,32
49492,40,8,32
49493,38,7,31
49494,9,7,2
49495,9,4,5
49496,9,4,5
49497,9,4,5
49498,9,4,5
49499,8,7,1
49500,8,6,2
49501,8,6,2
49502,40,8,32
49503,38,7,31
49504,15,0,15
49505,21,16,5
49506,5,0,5
49507,38,7,31
49508,38,7,31
49509,38,7,31
49510,38,7,31
49511,38,7,31
49512,38,7,31
49513,38,7,31
49514,38,7,31
49515,22,15,7
49516,39,26,13
49517,20,13,7
49518,40,23,17
49519,40,23,17
49520,35,14,21
49521,40,23,17
49522,35,14,21
49523,19,12,7
49524,35,14,21
49525,35,14,21
49526,40,23,17
49527,17,10,7
49528,28,18,10
49529,2,1,1
49530,2,1,1
49531,6,4,2
49532,31,18,13
49533,31,18,13
49534,31,18,13
49535,31,18,13
49536,25,18,7
49537,37,6,31
49538,37,6,31
49539,59,30,29
49540,8,6,2
49541,9,4,5
49542,9,4,5
49543,9,4,5
49544,9,4,5
49545,7,6,1
49546,8,6,2
49547,37,6,31
49548,2,1,1
49549,59,30,29
49550,2,0,2
49551,24,17,7
49552,11,4,7
49553,59,30,29
49554,59,30,29
49555,59,30,29
49556,59,30,29
49557,59,30,29
49558,59,30,29
49559,59,30,29
49560,59,30,29
49561,30,16,14
49562,2,0,2
49563,2,0,2
49575,27,16,11
49576,29,18,11
49577,29,18,11
49578,16,14,2
49579,16,13,3
49580,16,13,3
49581,16,13,3
49582,23,15,8
49583,19,0,19
49584,19,0,19
49585,11,6,5
49588,11,6,5
49589,16,14,2
49590,3,0,3
49591,11,6,5
49592,11,6,5
49593,11,6,5
49594,11,6,5
49595,11,6,5
49596,11,6,5
49597,11,6,5
49598,11,6,5
49599,27,16,11
49600,32,11,21
49601,32,11,21
49602,27,6,21
49603,4,0,4
49604,32,11,21
49605,1,1,0
49606,1,1,0
49607,14,2,12
49608,27,6,21
49609,27,6,21
49610,27,6,21
49611,27,6,21
49612,27,6,21
49613,27,6,21
49614,27,6,21
49615,27,6,21
49616,27,6,21
49617,27,6,21
49618,27,6,21
49619,27,6,21
49620,6,0,6
49621,6,0,6
49622,6,0,6
49623,6,0,6
49624,6,0,6
49625,6,0,6
49626,24,3,21
49629,24,3,21
49630,32,13,19
49631,8,7,1
49632,9,5,4
49633,9,5,4
49634,9,5,4
49635,9,5,4
49636,8,7,1
49637,8,8,0
49638,2,0,2
49639,10,7,3
49640,10,7,3
49641,24,3,21
49642,5,1,4
49643,32,13,19
49644,15,1,14
49645,3,1,2
49646,6,1,5
49647,32,13,19
49648,32,13,19
49649,32,13,19
49650,32,13,19
49651,32,13,19
49652,32,13,19
49653,32,13,19
49654,32,13,19
49655,23,16,7
49656,2,1,1
49657,24,15,9
49658,24,15,9
49659,24,15,9
49660,24,15,9
49661,21,17,4
49662,23,18,5
49663,2,1,1
49664,14,6,8
49665,14,6,8
49666,14,6,8
49667,14,6,8
49668,14,6,8
49669,14,6,8
49670,10,5,5
49671,6,4,2
49672,12,2,10
49673,13,5,8
49674,13,5,8
49675,13,5,8
49676,14,3,11
49677,7,6,1
49678,14,6,8
49679,14,6,8
49680,6,4,2
49681,6,4,2
49682,6,4,2
49685,16,1,15
49686,5,4,1
49687,5,4,1
49688,14,6,8
49689,3,0,3
49690,3,2,1
49691,3,2,1
49692,3,2,1
49693,11,9,2
49694,11,7,4
49695,11,7,4
49696,11,7,4
49697,11,7,4
49698,10,9,1
49699,15,2,13
49701,19,11,8
49703,19,11,8
49704,7,4,3
49705,2,1,1
49706,6,2,4
49707,19,11,8
49708,12,9,3
49709,1,0,1
49710,15,11,4
49711,15,11,4
49712,11,9,2
49713,10,1,9
49714,10,1,9
49715,12,7,5
49716,10,4,6
49717,3,1,2
49718,12,7,5
49719,12,7,5
49720,12,7,5
49721,12,7,5
49732,11,5,6
49733,11,5,6
49734,4,2,2
49735,4,2,2
49736,33,20,13
49737,33,20,13
49738,33,20,13
49739,33,20,13
49740,17,2,15
49741,12,8,4
49742,19,13,6
49743,19,13,6
49744,19,13,6
49745,19,13,6
49746,12,8,4
49747,17,2,15
49748,13,9,4
49749,33,20,13
49750,33,20,13
49751,14,12,2
49752,18,12,6
49753,18,12,6
49754,24,12,12
49755,24,12,12
49756,24,12,12
49757,24,12,12
49758,24,12,12
49759,24,12,12
49760,24,12,12
49761,24,12,12
49762,24,12,12
49763,24,12,12
49764,14,11,3
49765,14,11,3
49766,14,11,3
49767,12,7,5
49768,18,16,2
49769,2,0,2
49770,10,8,2
49771,35,6,29
49772,25,21,4
49774,27,21,6
49775,27,21,6
49776,27,21,6
49777,27,21,6
49778,25,20,5
49779,25,20,5
49780,4,1,3
49781,4,1,3
49782,25,20,5
49785,35,6,29
49786,26,21,5
49787,44,31,13
49788,6,6,0
49789,7,4,3
49790,7,4,3
49791,7,4,3
49792,7,4,3
49793,1,1,0
49794,3,1,2
49795,6,5,1
49796,6,5,1
49797,35,6,29
49798,44,31,13
49799,2,0,2
49800,25,21,4
49801,14,1,13
49802,2,1,1
49803,4,0,4
49804,44,31,13
49805,44,31,13
49806,44,31,13
49807,44,31,13
49808,44,31,13
49809,44,31,13
49810,44,31,13
49811,44,31,13
49812,44,31,13
49813,44,31,13
49814,2,0,2
49815,12,9,3
49816,12,9,3
49817,2,0,2
49818,2,0,2
49819,15,12,3
49820,16,13,3
49821,16,13,3
49822,12,10,2
49823,1,0,1
49824,14,1,13
49826,14,1,13
49827,8,6,2
49832,8,6,2
49833,14,12,2
49834,2,0,2
49835,8,6,2
49836,8,6,2
49837,8,6,2
49838,8,6,2
49839,13,7,6
49841,13,7,6
49842,30,14,16
49843,6,0,6
49844,2,0,2
49845,4,0,4
49854,2,0,2
49855,2,0,2
49883,11,8,3
49884,11,8,3
49885,6,1,5
49886,12,4,8
49887,12,4,8
49888,12,9,3
49889,4,3,1
49890,4,3,1
49891,4,3,1
49892,4,3,1
49893,4,3,1
49894,4,3,1
49895,4,3,1
49896,4,3,1
49897,13,3,10
49899,14,13,1
49900,14,13,1
49901,14,13,1
49902,14,13,1
49903,14,13,1
49904,14,13,1
49905,12,11,1
49906,12,11,1
49907,10,9,1
49908,21,2,19
49909,23,11,12
49910,23,11,12
49913,21,2,19
49914,23,8,15
49916,4,1,3
49917,23,8,15
49918,23,8,15
49919,23,8,15
49920,23,8,15
49921,23,8,15
49922,23,8,15
49923,23,8,15
49924,10,9,1
49925,10,9,1
49926,3,3,0
49927,3,3,0
49928,12,10,2
49929,12,9,3
49930,12,9,3
49931,12,9,3
49932,13,11,2
49933,14,0,14
49935,14,0,14
49936,9,7,2
49940,13,11,2
49941,12,10,2
49942,3,0,3
49943,9,7,2
49944,9,7,2
49945,9,7,2
49946,9,7,2
49971,19,19,0
49972,19,19,0
49973,19,19,0
49974,7,7,0
49975,21,14,7
49976,16,11,5
49977,16,11,5
49978,10,6,4
49979,20,10,10
49980,2,2,0
49981,20,10,10
49982,22,21,1
49983,22,21,1
49984,5,4,1
49985,5,4,1
49986,2,2,0
49987,20,10,10
49988,27,15,12
49989,3,1,2
49990,22,21,1
49991,22,21,1
49992,22,21,1
49993,22,21,1
49994,12,0,12
49995,11,9,2
49996,10,8,2
49997,10,8,2
49998,11,9,2
50000,12,0,12
50001,11,9,2
50002,7,5,2
50003,7,5,2
50004,7,5,2
50005,7,5,2
50006,7,5,2
50007,1,0,1
50008,27,17,10
50009,1,1,0
50010,1,1,0
50011,7,7,0
50012,4,4,0
50013,18,7,11
50014,18,7,11
50015,10,7,3
50016,9,6,3
50017,13,3,10
50018,13,3,10
50019,12,9,3
50021,13,3,10
50022,12,9,3
50023,12,9,3
50024,12,9,3
50025,13,10,3
50026,1,0,1
50027,1,0,1
50028,18,10,8
50029,18,10,8
50030,18,10,8
50031,11,10,1
50032,7,0,7
50033,7,0,7
50034,8,6,2
50041,7,0,7
50042,8,6,2
50043,6,1,5
50044,2,1,1
50045,11,10,1
50046,5,2,3
50047,8,6,2
50048,8,6,2
50049,8,6,2
50062,11,3,8
50063,11,3,8
50064,11,3,8
50065,6,1,5
50066,6,1,5
50067,11,3,8
50068,2,1,1
50069,2,1,1
50070,3,2,1
50072,10,2,8
50073,11,3,8
50098,17,14,3
50099,15,11,4
50100,15,11,4
50101,15,11,4
50102,15,11,4
50103,17,14,3
50104,19,2,17
50106,19,2,17
50107,10,7,3
50110,19,2,17
50111,1,1,0
50112,1,1,0
50113,10,7,3
50114,1,0,1
50115,20,14,6
50116,6,2,4
50117,10,7,3
50118,10,7,3
50119,10,7,3
50120,10,7,3
50121,10,7,3
50122,10,7,3
50123,7,2,5
50124,7,2,5
50125,11,8,3
50126,11,8,3
50127,8,7,1
50128,6,4,2
50129,6,4,2
50130,8,6,2
50131,1,0,1
50132,16,7,9
50133,16,7,9
50145,4,4,0
50146,24,14,10
50147,24,14,10
50148,24,14,10
50149,24,14,10
50150,24,14,10
50151,24,14,10
50152,24,14,10
50157,15,14,1
50158,7,6,1
50159,8,1,7
50160,2,2,0
50161,26,25,1
50166,1,1,0
50167,1,1,0
50168,1,1,0
50169,26,25,1
50170,26,25,1
50171,3,0,3
50172,3,0,3
50173,47,27,20
50174,8,6,2
50175,8,6,2
50176,47,27,20
50177,65,50,15
50178,15,11,4
50179,6,5,1
50180,65,50,15
50181,3,2,1
50182,11,5,6
50183,65,50,15
50184,65,50,15
50185,65,50,15
50186,65,50,15
50187,4,0,4
50188,4,0,4
50189,4,0,4
50191,4,0,4
50192,4,1,3
50193,4,1,3
50194,7,0,7
50196,7,0,7
50197,7,0,7
50198,4,0,4
50199,21,17,4
50200,37,26,11
50201,37,26,11
50202,37,26,11
50203,23,17,6
50204,23,17,6
50205,22,18,4
50206,22,19,3
50207,24,19,5
50208,24,19,5
50209,24,19,5
50210,24,19,5
50211,22,19,3
50212,35,18,17
50213,35,18,17
50214,16,2,14
50215,4,2,2
50216,22,20,2
50217,22,19,3
50218,6,1,5
50219,35,18,17
50220,35,18,17
50221,35,18,17
50222,35,18,17
50223,35,18,17
50224,35,18,17
50225,35,18,17
50226,35,18,17
50227,35,18,17
50228,7,1,6
50229,11,9,2
50230,15,10,5
50231,15,10,5
50232,15,10,5
50233,15,10,5
50234,24,8,16
50236,24,8,16
50237,14,11,3
50240,14,11,3
50241,14,11,3
50242,14,11,3
50243,14,11,3
50244,11,2,9
50245,11,2,9
50246,15,13,2
50251,15,13,2
50252,15,13,2
50253,15,13,2
50254,15,13,2
50255,15,13,2
50256,15,13,2
50257,15,13,2
50258,15,13,2
50259,11,7,4
50262,11,7,4
50263,11,9,2
50264,13,9,4
50265,13,9,4
50266,13,9,4
50267,13,9,4
50268,11,9,2
50269,10,8,2
50270,2,1,1
50271,11,9,2
50272,11,9,2
50273,11,7,4
50274,6,0,6
50275,3,1,2
50277,10,9,1
50278,3,1,2
50279,3,1,2
50280,3,1,2
50281,3,1,2
50282,3,1,2
50283,3,1,2
50284,3,1,2
50285,3,1,2
50303,17,12,5
50304,17,12,5
50305,17,12,5
50306,14,12,2
50307,17,15,2
50308,17,15,2
50309,17,15,2
50310,17,15,2
50311,14,12,2
50312,20,19,1
50313,13,1,12
50314,5,1,4
50315,12,10,2
50316,12,10,2
50317,17,12,5
50318,17,12,5
50319,22,22,0
50320,26,25,1
50321,26,25,1
50322,26,25,1
50323,26,25,1
50324,22,21,1
50325,22,21,1
50326,2,0,2
50327,14,13,1
50328,1,0,1
50329,1,0,1
50330,23,21,2
50331,14,13,1
50332,14,13,1
50333,24,23,1
50334,24,23,1
50335,22,22,0
50336,4,0,4
50337,14,13,1
50338,14,13,1
50339,14,13,1
50340,14,13,1
50341,14,13,1
50342,14,13,1
50343,14,13,1
50344,14,13,1
50356,29,25,4
50357,8,6,2
50358,8,6,2
50359,11,7,4
50360,11,7,4
50361,8,6,2
50362,15,3,12
50363,15,3,12
50364,11,4,7
50365,11,7,4
50366,11,4,7
50367,11,4,7
50384,41,31,10
50385,15,10,5
50386,41,31,10
50387,8,6,2
50388,8,6,2
50389,14,10,4
50390,14,10,4
50391,14,10,4
50392,7,6,1
50393,39,25,14
50394,4,3,1
50395,14,8,6
50396,25,16,9
50397,25,16,9
50398,18,12,6
50399,27,14,13
50400,27,14,13
50401,27,14,13
50402,33,30,3
50403,27,14,13
50404,27,14,13
50406,6,2,4
50407,6,2,4
50408,1,0,1
50409,24,18,6
50411,33,30,3
50412,13,10,3
50413,13,10,3
50414,13,11,2
50415,15,0,15
50418,15,0,15
50419,9,3,6
50423,9,3,6
50424,9,3,6
50425,9,3,6
50426,9,3,6
50427,9,3,6
50428,9,3,6
50429,9,3,6
50430,9,3,6
50431,32,7,25
50432,25,19,6
50433,26,21,5
50434,26,21,5
50435,26,21,5
50436,25,20,5
50437,3,2,1
50439,32,7,25
50440,32,28,4
50441,4,4,0
50442,32,28,4
50443,32,28,4
50444,32,28,4
50445,32,28,4
50446,32,28,4
50447,32,28,4
50448,32,28,4
50449,32,28,4
50450,32,28,4
50451,32,28,4
50452,32,28,4
50453,32,28,4
50454,86,66,20
50455,57,52,5
50456,11,6,5
50457,4,2,2
50458,15,9,6
50459,10,6,4
50460,13,3,10
50462,13,3,10
50463,26,11,15
50464,2,0,2
50465,26,11,15
50466,26,11,15
50502,15,11,4
50503,21,7,14
50504,21,7,14
50505,23,11,12
50506,21,7,14
50507,23,11,12
50508,23,11,12
50509,23,11,12
50510,23,11,12
50511,23,11,12
50512,23,11,12
50513,23,11,12
50514,23,11,12
50543,16,15,1
50544,16,15,1
50545,16,16,0
50546,4,2,2
50547,11,11,0
50548,4,0,4
50549,11,11,0
50550,11,11,0
50551,11,11,0
50552,11,11,0
50553,11,11,0
50554,11,11,0
50555,11,11,0
50556,11,11,0
50557,11,11,0
50558,11,11,0
50560,50,43,7
50561,16,12,4
50562,16,12,4
50563,21,12,9
50564,7,7,0
50565,7,7,0
50566,20,13,7
50567,19,14,5
50568,3,0,3
50569,20,13,7
50570,20,13,7
50571,20,13,7
50572,20,13,7
50573,24,19,5
50574,24,6,18
50575,5,3,2
50576,5,3,2
50577,24,6,18
50578,34,22,12
50579,5,3,2
50580,9,5,4
50581,34,22,12
50582,6,1,5
50583,34,22,12
50584,34,22,12
50585,34,22,12
50586,34,22,12
50587,20,13,7
50588,20,13,7
50589,20,13,7
50590,20,13,7
50591,20,13,7
50592,20,13,7
50593,20,13,7
50594,20,13,7
50609,19,18,1
50610,35,34,1
50611,35,34,1
50612,35,34,1
50613,20,19,1
50614,27,11,16
50615,6,6,0
50616,6,6,0
50617,50,49,1
50618,3,3,0
50620,50,49,1
50621,16,15,1
50622,50,49,1
50623,50,49,1
50624,50,49,1
50625,50,49,1
50626,50,49,1
50627,50,49,1
50628,14,9,5
50629,18,3,15
50631,18,3,15
50632,12,1,11
50633,1,0,1
50634,12,1,11
50635,12,1,11
50636,12,1,11
50637,12,1,11
50638,12,1,11
50639,12,1,11
50640,12,1,11
50641,12,1,11
50642,9,8,1
50643,9,8,1
50644,12,11,1
50645,13,11,2
50646,12,11,1
50647,14,0,14
50649,4,3,1
50650,1,0,1
50651,4,3,1
50652,4,3,1
50653,4,3,1
50654,4,3,1
50655,4,3,1
50656,4,3,1
50657,4,3,1
50658,4,3,1
50665,7,0,7
50666,7,0,7
50667,20,12,8
50668,27,13,14
50669,27,13,14
50670,27,13,14
50671,23,9,14
50672,23,9,14
50673,23,9,14
50675,7,0,7
50676,7,0,7
50677,7,0,7
50678,7,0,7
50679,23,9,14
50680,23,9,14
50681,23,4,19
50682,23,4,19
50683,5,1,4
50684,5,1,4
50685,23,4,19
50686,16,4,12
50687,12,8,4
50688,13,6,7
50689,13,6,7
50690,13,6,7
50691,13,6,7
50692,12,8,4
50693,9,8,1
50694,10,7,3
50695,10,7,3
50696,23,4,19
50697,23,4,19
50698,4,1,3
50699,34,26,8
50700,34,26,8
50701,18,12,6
50702,20,12,8
50703,6,2,4
50704,16,4,12
50705,16,4,12
50706,16,4,12
50707,16,4,12
50708,16,4,12
50709,16,4,12
50710,16,4,12
50711,16,4,12
50712,6,4,2
50714,33,20,13
50715,15,9,6
50716,7,4,3
50717,7,4,3
50718,7,4,3
50729,22,16,6
50730,31,23,8
50731,31,23,8
50732,31,23,8
50733,19,15,4
50734,56,25,31
50735,56,25,31
50736,42,37,5
50737,6,5,1
50738,12,8,4
50739,56,25,31
50740,6,2,4
50741,24,16,8
50742,24,16,8
50743,24,16,8
50744,24,16,8
50767,9,9,0
50769,8,8,0
50771,10,10,0
50772,10,10,0
50773,10,10,0
50774,10,10,0
50775,10,10,0
50776,10,10,0
50777,10,10,0
50778,10,10,0
50779,12,11,1
50780,12,9,3
50781,12,9,3
50782,11,11,0
50783,11,11,0
50784,11,11,0
50785,11,11,0
50786,11,11,0
50787,11,11,0
50788,11,11,0
50789,11,11,0
50815,2,0,2
50818,31,21,10
50819,8,4,4
50820,12,5,7
50821,12,5,7
50822,13,1,12
50823,13,1,12
50824,18,3,15
50825,18,3,15
50826,18,3,15
50827,6,0,6
50828,18,3,15
50829,6,3,3
50830,9,2,7
50831,9,2,7
50832,14,6,8
50833,6,3,3
50834,4,0,4
50835,1,0,1
50836,1,0,1
50838,28,20,8
50839,39,19,20
50840,39,19,20
50841,56,43,13
50842,16,10,6
50843,56,43,13
50844,56,43,13
50845,56,43,13
50846,56,43,13
50847,56,43,13
50848,56,43,13
50849,56,43,13
50850,19,13,6
50851,29,19,10
50852,35,11,24
50853,35,11,24
50854,35,11,24
50855,53,34,19
50856,10,7,3
50857,35,11,24
50858,35,11,24
50859,53,34,19
50860,53,34,19
50861,53,34,19
50862,53,34,19
50863,53,34,19
50864,53,34,19
50865,53,34,19
50866,53,34,19
50867,19,14,5
50868,21,15,6
50869,21,15,6
50870,21,15,6
50871,21,15,6
50872,22,17,5
50873,29,11,18
50874,29,11,18
50875,29,11,18
50876,39,33,6
50877,7,7,0
50878,7,7,0
50879,7,7,0
50880,7,7,0
50881,7,7,0
50882,6,6,0
50883,7,7,0
50884,29,11,18
50885,29,11,18
50886,39,33,6
50887,19,14,5
50888,19,14,5
50889,5,1,4
50890,39,33,6
50891,39,33,6
50892,39,33,6
50893,39,33,6
50894,74,39,35
50895,18,14,4
50896,27,20,7
50897,27,20,7
50898,17,14,3
50899,33,15,18
50900,4,2,2
50901,4,2,2
50902,33,15,18
50903,53,41,12
50904,5,4,1
50905,11,9,2
50906,11,9,2
50907,5,5,0
50908,53,41,12
50909,6,3,3
50910,16,12,4
50911,1,0,1
50912,5,2,3
50913,53,41,12
50914,53,41,12
50915,53,41,12
50916,53,41,12
50917,124,39,85
50918,124,39,85
50919,3,2,1
50920,74,39,35
50921,33,23,10
50922,33,23,10
50923,33,23,10
50924,26,22,4
50925,26,22,4
50926,26,22,4
50927,36,9,27
50929,36,9,27
50930,36,9,27
50931,5,1,4
50932,5,1,4
50933,27,21,6
50934,6,3,3
50935,7,5,2
50936,12,7,5
50937,33,23,10
50938,8,4,4
50939,8,4,4
50940,33,23,10
50941,30,21,9
50942,13,11,2
50943,23,15,8
50944,23,15,8
50945,23,15,8
50946,23,15,8
50947,13,11,2
50948,43,23,20
50949,20,17,3
50950,2,0,2
50951,2,2,0
50952,19,13,6
50953,19,13,6
50954,74,39,35
50955,41,30,11
50956,41,30,11
50957,41,30,11
50958,41,30,11
50959,41,30,11
50960,41,30,11
50961,41,30,11
50962,41,30,11
50963,8,5,3
50964,33,23,10
50965,37,19,18
50966,37,19,18
50967,116,45,71
50968,25,16,9
50969,40,25,15
50970,40,25,15
50971,40,25,15
50972,40,25,15
50973,23,14,9
50974,72,37,35
50975,3,2,1
50976,3,2,1
50977,72,37,35
50978,43,35,8
50979,10,8,2
50980,15,10,5
50981,15,10,5
50982,15,10,5
50983,10,8,2
50984,8,7,1
50985,10,7,3
50986,10,7,3
50987,72,37,35
50988,3,1,2
50989,55,36,19
50990,7,3,4
50991,5,3,2
50992,21,13,8
50993,2,0,2
50994,9,4,5
50995,43,35,8
50996,43,35,8
50997,43,35,8
50998,43,35,8
50999,43,35,8
51000,43,35,8
51001,43,35,8
51002,43,35,8
51025,12,6,6
51026,12,9,3
51027,17,9,8
51029,17,9,8
51030,16,14,2
51032,7,6,1
51033,16,14,2
51034,16,14,2
51035,16,14,2
51036,16,14,2
51037,55,19,36
51038,55,19,36
51039,55,19,36
51040,55,19,36
51043,24,22,2
51044,24,22,2
51045,16,7,9
51046,3,1,2
51047,16,7,9
51050,14,10,4
51051,14,10,4
51052,14,10,4
51059,14,10,4
51060,25,10,15
51061,25,10,15
51062,25,10,15
51063,17,11,6
51064,16,7,9
51065,16,7,9
51066,33,20,13
51067,3,3,0
51068,7,5,2
51069,2,1,1
51072,11,9,2
51073,4,3,1
51074,9,1,8
51075,33,20,13
51076,4,0,4
51077,4,0,4
51078,19,12,7
51079,1,0,1
51080,1,0,1
51081,15,10,5
51082,15,10,5
51083,15,10,5
51084,15,12,3
51085,16,0,16
51087,16,0,16
51088,13,5,8
51090,13,5,8
51091,13,5,8
51092,13,5,8
51093,13,5,8
51094,13,5,8
51095,13,5,8
51096,13,5,8
51097,41,15,26
51098,27,18,9
51099,5,3,2
51100,5,3,2
51101,35,24,11
51102,35,24,11
51103,35,24,11
51104,35,24,11
51105,29,19,10
51106,41,15,26
51107,41,15,26
51108,31,18,13
51109,7,5,2
51110,9,5,4
51111,9,5,4
51112,7,5,2
51113,41,15,26
51114,31,18,13
51115,2,1,1
51122,2,0,2
51123,26,19,7
51124,41,15,26
51125,27,18,9
51126,6,1,5
51127,31,18,13
51128,31,18,13
51129,31,18,13
51130,31,18,13
51131,31,18,13
51132,31,18,13
51133,31,18,13
51134,31,18,13
51135,3,1,2
51136,3,1,2
51137,4,4,0
51144,12,1,11
51145,6,0,6
51146,6,0,6
51147,12,1,11
51151,45,22,23
51152,3,1,2
51153,3,1,2
51154,72,29,43
51155,12,9,3
51156,11,8,3
51157,14,4,10
51158,14,4,10
51159,14,4,10
51160,9,5,4
51161,9,5,4
51162,4,1,3
51163,9,6,3
51164,9,5,4
51165,72,29,43
51166,14,7,7
51167,37,29,8
51168,72,29,43
51169,72,29,43
51170,37,18,19
51171,37,18,19
51172,37,18,19
51173,11,0,11
51174,11,0,11
51175,37,18,19
51176,37,18,19
51181,28,16,12
51182,20,15,5
51183,18,12,6
51184,18,12,6
51185,18,12,6
51186,18,12,6
51187,20,15,5
51188,24,5,19
51189,24,5,19
51190,24,5,19
51191,14,7,7
51196,24,5,19
51197,24,5,19
51198,14,7,7
51199,11,6,5
51200,14,7,7
51201,14,7,7
51202,14,7,7
51203,14,7,7
51204,14,7,7
51205,14,7,7
51206,14,7,7
51207,14,7,7
51208,15,10,5
51209,18,10,8
51210,18,10,8
51211,18,10,8
51212,18,10,8
51213,17,10,7
51214,17,10,7
51215,5,0,5
51216,17,10,7
51217,34,11,23
51220,34,11,23
51221,11,2,9
51222,9,7,2
51223,9,5,4
51224,9,5,4
51225,9,5,4
51226,9,5,4
51227,9,7,2
51228,9,7,2
51229,1,0,1
51230,9,7,2
51231,34,11,23
51232,3,1,2
51233,3,1,2
51234,2,0,2
51235,2,0,2
51236,30,25,5
51237,4,1,3
51238,15,11,4
51239,15,10,5
51240,7,2,5
51241,11,2,9
51242,11,2,9
51243,11,2,9
51244,11,2,9
51245,11,2,9
51246,11,2,9
51247,11,2,9
51248,11,2,9
51249,104,55,49
51250,104,55,49
51263,1,0,1
51264,1,0,1
51265,4,2,2
51270,9,8,1
51271,2,2,0
51272,2,2,0
51273,16,10,6
51274,16,10,6
51275,8,8,0
51277,7,3,4
51279,8,8,0
51281,15,13,2
51282,14,11,3
51283,14,11,3
51284,14,11,3
51285,15,13,2
51286,15,1,14
51288,15,1,14
51289,7,5,2
51292,3,0,3
51293,7,5,2
51294,7,5,2
51295,7,5,2
51296,7,5,2
51297,7,5,2
51298,7,5,2
51299,7,5,2
51300,7,5,2
51301,3,3,0
51302,3,3,0
51359,5,1,4
51360,1,0,1
51361,1,0,1
51362,12,0,12
51364,12,0,12
51365,4,2,2
51366,6,4,2
51367,2,0,2
51368,4,2,2
51369,4,2,2
51370,4,2,2
51371,4,2,2
51372,4,2,2
51373,4,2,2
51374,4,2,2
51375,4,2,2
51382,12,9,3
51383,12,9,3
51384,8,6,2
51385,8,6,2
51386,3,3,0
51387,1,0,1
51388,1,0,1
51390,3,1,2
51391,7,5,2
51392,2,0,2
51393,2,0,2
51394,7,5,2
51395,4,2,2
51396,4,2,2
51397,4,2,2
51398,5,0,5
51400,5,0,5
51404,104,55,49
51405,4,4,0
51406,4,4,0
51408,12,10,2
51409,12,10,2
51410,14,0,14
51411,14,0,14
51412,4,2,2
51414,4,2,2
51416,4,2,2
51417,4,2,2
51418,4,2,2
51419,4,2,2
51420,4,2,2
51421,4,2,2
51422,4,2,2
51423,4,2,2
51461,4,2,2
51462,4,2,2
51463,110,49,61
51464,18,11,7
51465,18,7,11
51466,18,7,11
51467,18,7,11
51468,18,7,11
51469,18,11,7
51471,10,8,2
51472,3,0,3
51473,16,9,7
51474,16,9,7
51475,104,55,49
51497,3,0,3
51508,3,0,3
51509,3,0,3
51510,3,0,3
51511,4,1,3
51512,11,5,6
51513,11,5,6
51520,2,2,0
51521,10,5,5
51522,16,10,6
51523,16,10,6
51524,7,3,4
51528,7,3,4
51529,7,3,4
51530,7,3,4
51531,4,1,3
51532,11,5,6
51534,3,0,3
51535,10,9,1
51536,10,9,1
51542,9,9,0
51548,8,8,0
51549,8,8,0
51550,8,8,0
51551,8,8,0
51552,8,8,0
51553,8,8,0
51554,10,9,1
51555,110,49,61
51556,22,9,13
51557,3,2,1
51559,34,22,12
51560,3,0,3
51561,5,0,5
51562,5,0,5
51563,12,1,11
51564,12,1,11
51565,6,0,6
51566,6,0,6
51567,6,0,6
51568,6,0,6
51569,12,1,11
51570,12,1,11
51572,6,4,2
51573,6,4,2
51574,7,5,2
51575,12,0,12
51576,12,0,12
51577,4,0,4
51578,2,0,2
51579,4,0,4
51580,7,3,4
51581,7,3,4
51582,7,3,4
51583,23,7,16
51584,45,22,23
51585,19,8,11
51586,110,49,61
51587,110,49,61
51588,110,49,61
51590,110,49,61
51591,110,49,61
51592,110,49,61
51593,8,5,3
51594,11,3,8
51595,11,3,8
51596,11,6,5
51598,11,3,8
51599,11,6,5
51600,11,6,5
51601,11,6,5
51602,11,6,5
51611,29,16,13
51636,18,12,6
51637,23,18,5
51638,23,18,5
51639,23,18,5
51640,23,18,5
51641,21,14,7
51642,21,14,7
51643,5,2,3
51644,5,2,3
51645,21,14,7
51646,35,16,19
51647,5,5,0
51648,5,5,0
51649,35,16,19
51650,28,22,6
51651,7,7,0
51652,7,7,0
51653,35,16,19
51654,43,37,6
51655,2,1,1
51656,16,11,5
51657,18,12,6
51658,28,22,6
51659,28,22,6
51660,28,22,6
51661,28,22,6
51662,28,22,6
51663,28,22,6
51664,28,22,6
51665,28,22,6
51666,28,22,6
51667,28,22,6
51668,1,1,0
51669,31,25,6
51671,31,25,6
51672,31,25,6
51673,9,0,9
51674,9,0,9
51675,9,0,9
51676,9,0,9
51677,9,0,9
51678,9,0,9
51679,19,2,17
51680,9,6,3
51681,11,6,5
51682,11,6,5
51683,11,6,5
51684,19,2,17
51685,9,7,2
51686,10,5,5
51687,10,5,5
51688,9,0,9
51689,9,0,9
51690,9,7,2
51691,9,7,2
51692,7,3,4
51693,7,3,4
51694,3,0,3
51695,3,0,3
51696,7,3,4
51697,18,2,16
51700,18,2,16
51703,9,6,3
51704,1,0,1
51705,9,0,9
51706,9,0,9
51707,8,6,2
51709,11,10,1
51710,11,10,1
51711,11,10,1
51712,11,10,1
51766,2,1,1
51767,17,9,8
51768,25,15,10
51769,25,15,10
51770,25,15,10
51771,25,15,10
51772,17,9,8
51773,21,15,6
51774,8,3,5
51775,6,4,2
51776,1,1,0
51777,1,1,0
51778,44,26,18
51779,44,26,18
51780,20,19,1
51781,4,2,2
51782,4,2,2
51783,12,12,0
51784,12,12,0
51785,12,12,0
51786,12,12,0
51787,2,2,0
51788,3,1,2
51789,3,1,2
51790,17,17,0
51791,27,9,18
51792,27,9,18
51793,27,9,18
51794,19,18,1
51795,12,9,3
51796,16,9,7
51797,16,9,7
51798,16,9,7
51799,10,7,3
51800,27,9,18
51801,27,9,18
51802,2,0,2
51803,2,0,2
51804,2,0,2
51805,2,0,2
51806,20,14,6
51807,20,14,6
51808,19,18,1
51809,5,4,1
51810,20,19,1
51811,10,7,3
51831,10,7,3
51832,20,0,20
51833,19,16,3
51836,18,14,4
51837,18,14,4
51838,18,14,4
51839,18,14,4
51840,20,17,3
51841,20,0,20
51842,21,17,4
51843,12,8,4
51852,20,0,20
51853,12,8,4
51854,19,16,3
51855,11,1,10
51856,2,1,1
51857,4,0,4
51858,12,8,4
51859,12,8,4
51860,12,8,4
51861,12,8,4
51862,12,8,4
51863,12,8,4
51864,12,8,4
51865,12,8,4
51866,20,19,1
51867,19,18,1
51868,19,18,1
51869,19,18,1
51870,19,18,1
51871,23,9,14
51872,23,9,14
51873,23,9,14
51874,23,9,14
51875,23,9,14
51876,8,1,7
51877,18,15,3
51878,27,19,8
51879,27,19,8
51880,27,19,8
51881,27,19,8
51882,22,17,5
51883,8,1,7
51884,8,1,7
51885,38,26,12
51886,9,7,2
51887,8,4,4
51888,8,4,4
51889,8,4,4
51890,8,4,4
51891,8,7,1
51892,2,0,2
51893,9,6,3
51894,9,6,3
51895,8,1,7
51896,38,26,12
51897,17,16,1
51898,8,1,7
51899,2,0,2
51900,18,15,3
51901,5,0,5
51902,38,26,12
51903,38,26,12
51904,38,26,12
51905,38,26,12
51906,38,26,12
51907,38,26,12
51908,20,17,3
51909,23,15,8
51910,23,15,8
51911,23,15,8
51912,23,15,8
51913,24,18,6
51914,18,9,9
51915,3,1,2
51916,3,1,2
51917,18,9,9
51918,18,9,9
51919,2,0,2
51920,22,18,4
51921,2,0,2
51922,20,17,3
51923,7,2,5
51924,18,9,9
51925,18,9,9
51926,18,9,9
51927,18,9,9
51928,18,9,9
51929,18,9,9
51930,18,9,9
51931,18,9,9
51932,14,11,3
51933,14,11,3
51934,14,10,4
51935,14,10,4
51936,3,0,3
51937,3,0,3
51938,14,10,4
51939,18,0,18
51942,15,5,10
51946,15,5,10
51947,15,5,10
51948,15,5,10
51949,15,5,10
51950,15,5,10
51951,15,5,10
51952,15,5,10
51954,1,1,0
51955,1,1,0
51957,43,21,22
51960,6,2,4
51961,4,4,0
51964,6,2,4
51968,1,1,0
51969,1,1,0
51978,6,2,4
51980,43,21,22
51983,7,2,5
51984,7,2,5
51986,89,50,39
51987,139,85,54
51988,139,85,54
51989,139,85,54
51990,139,85,54
51991,17,9,8
51992,17,9,8
51993,74,47,27
51994,74,47,27
51995,15,9,6
51996,15,9,6
51997,74,47,27
51998,4,2,2
52002,198,68,130
52003,198,68,130
52004,4,0,4
52005,198,68,130
52006,82,37,45
52007,11,9,2
52008,18,12,6
52009,18,12,6
52010,18,12,6
52011,11,9,2
52012,14,11,3
52013,14,11,3
52014,198,68,130
52015,8,4,4
52016,8,4,4
52017,82,37,45
52018,33,11,22
52019,18,8,10
52020,77,41,36
52021,8,8,0
52022,8,8,0
52023,8,8,0
52024,8,8,0
52025,29,20,9
52026,26,18,8
52027,82,37,45
52028,82,37,45
52029,198,68,130
52031,281,132,149
52032,281,132,149
52049,5,0,5
52050,5,0,5
52053,4,2,2
52054,3,1,2
52055,3,1,2
52084,2,0,2
52087,6,3,3
52089,6,3,3
52113,5,4,1
52127,12,0,12
52128,8,7,1
52129,8,7,1
52132,3,2,1
52133,3,2,1
52134,3,2,1
52135,3,2,1
52136,3,2,1
52137,3,2,1
52138,3,2,1
52139,13,8,5
52140,13,8,5
52142,118,67,51
52143,31,27,4
52144,6,1,5
52223,3,0,3
52241,1,0,1
52242,1,0,1
52269,18,4,14
52270,18,4,14
52271,1,0,1
52274,18,4,14
52275,8,4,4
52278,18,4,14
52279,8,4,4
52281,2,0,2
52282,8,4,4
52283,8,4,4
52284,8,4,4
52285,8,4,4
52286,8,4,4
52287,8,4,4
52288,8,4,4
52289,8,4,4
52290,3,3,0
52291,3,3,0
52292,2,2,0
52293,2,2,0
52307,12,9,3
52308,12,9,3
52309,19,15,4
52310,17,12,5
52311,17,12,5
52312,18,13,5
52352,2,0,2
52353,2,0,2
52358,8,8,0
52359,8,8,0
52360,8,4,4
52361,8,4,4
52362,8,4,4
52388,15,13,2
52389,15,13,2
52390,16,13,3
52391,16,13,3
52413,16,16,0
52414,16,11,5
52415,16,10,6
52416,16,10,6
52417,16,10,6
52418,16,10,6
52419,16,11,5
52420,21,10,11
52421,21,10,11
52422,21,10,11
52423,14,9,5
52424,21,10,11
52425,21,10,11
52426,5,1,4
52427,14,9,5
52428,14,9,5
52429,14,9,5
52430,14,9,5
52431,13,8,5
52432,15,9,6
52433,15,9,6
52434,15,9,6
52435,15,10,5
52436,18,10,8
52437,18,10,8
52438,18,10,8
52439,15,10,5
52442,18,10,8
52443,18,10,8
52444,4,1,3
52445,15,10,5
52446,15,10,5
52447,38,31,7
52448,62,29,33
52449,62,29,33
52450,12,9,3
52451,16,12,4
52452,16,12,4
52453,16,12,4
52454,16,12,4
52455,12,9,3
52456,26,21,5
52457,5,0,5
52458,3,0,3
52459,9,7,2
52460,9,7,2
52461,62,29,33
52462,31,13,18
52463,8,7,1
52464,8,7,1
52465,14,2,12
52466,33,13,20
52467,4,3,1
52468,4,3,1
52469,4,3,1
52470,38,31,7
52473,2,0,2
52474,15,9,6
52475,1,0,1
52476,10,8,2
52479,10,8,2
52480,10,8,2
52481,10,8,2
52482,10,8,2
52483,12,10,2
52484,19,11,8
52485,13,3,10
52486,34,32,2
52487,8,8,0
52488,4,4,0
52489,4,4,0
52490,4,4,0
52491,4,4,0
52492,3,3,0
52493,7,7,0
52495,6,6,0
52496,6,6,0
52497,19,11,8
52498,1,1,0
52500,34,32,2
52501,3,1,2
52502,2,1,1
52505,11,9,2
52506,2,0,2
52507,10,8,2
52508,5,1,4
52509,13,10,3
52510,13,10,3
52511,13,10,3
52512,13,10,3
52513,137,70,67
52514,7,3,4
52515,7,3,4
52525,7,7,0
52534,1,0,1
52535,1,0,1
52536,8,4,4
52537,14,11,3
52539,19,12,7
52540,19,12,7
52541,9,9,0
52542,6,2,4
52543,6,2,4
52544,9,6,3
52548,9,6,3
52549,9,6,3
52550,9,6,3
52551,9,6,3
52552,9,6,3
52553,9,6,3
52554,10,5,5
52555,13,3,10
52556,13,3,10
52557,13,3,10
52558,13,5,8
52559,11,0,11
52560,2,0,2
52561,2,0,2
52562,11,0,11
52563,13,1,12
52564,1,0,1
52565,11,0,11
52566,28,13,15
52567,4,0,4
52568,13,1,12
52569,13,1,12
52570,13,1,12
52571,13,1,12
52572,13,1,12
52573,13,1,12
52574,13,1,12
52575,8,1,7
52576,8,1,7
52581,8,1,7
52582,1,1,0
52583,1,1,0
52584,1,1,0
52585,6,6,0
52586,2,0,2
52587,8,1,7
52588,8,1,7
52589,11,10,1
52590,3,3,0
52591,2,1,1
52592,6,5,1
52593,6,5,1
52594,6,5,1
52595,6,5,1
52596,8,8,0
52597,11,11,0
52599,13,13,0
52600,8,7,1
52601,8,7,1
52602,4,0,4
52603,11,11,0
52604,11,11,0
52605,11,11,0
52606,11,11,0
52607,53,11,42
52608,53,11,42
52609,200,138,62
52610,200,138,62
52616,16,9,7
52622,2,2,0
52623,2,2,0
52650,53,11,42
52651,9,5,4
52652,8,4,4
52653,53,11,42
52666,20,15,5
52669,16,10,6
52670,16,10,6
52671,16,10,6
52672,16,10,6
52673,20,15,5
52676,15,1,14
52677,15,1,14
52678,15,1,14
52679,14,8,6
52686,15,1,14
52687,15,1,14
52688,14,8,6
52689,7,1,6
52690,2,1,1
52691,19,13,6
52692,20,15,5
52693,4,0,4
52694,14,8,6
52695,14,8,6
52696,14,8,6
52697,14,8,6
52701,5,3,2
52702,2,0,2
52703,2,0,2
52704,5,3,2
52705,2,2,0
52706,5,1,4
52707,3,2,1
52708,3,2,1
52709,5,1,4
52710,8,8,0
52711,4,3,1
52712,4,3,1
52713,6,5,1
52714,6,5,1
52715,8,0,8
52716,3,2,1
52717,3,2,1
52718,3,2,1
52719,3,2,1
52745,6,4,2
52746,5,1,4
52747,7,1,6
52748,7,1,6
52760,1,0,1
52761,1,0,1
52788,200,138,62
52798,4,2,2
52799,4,2,2
52800,2,0,2
52802,2,0,2
52812,286,131,155
52813,286,131,155
52814,1,1,0
52824,286,131,155
52825,286,131,155
52826,286,131,155
52827,286,131,155
52828,286,131,155
52829,1,0,1
52830,1,0,1
52832,172,139,33
52833,1,0,1
52834,2,0,2
52835,2,0,2
52837,4,2,2
52838,4,1,3
52840,4,1,3
52843,3,1,2
52844,4,3,1
52845,4,2,2
52846,4,2,2
52847,4,0,4
52848,4,2,2
52849,4,2,2
52850,8,1,7
52851,5,4,1
52852,5,4,1
52861,157,74,83
52862,157,74,83
52863,27,21,6
52875,27,21,6
52878,286,131,155
52879,286,131,155
52881,112,54,58
52882,112,54,58
52883,112,54,58
52884,112,54,58
52885,112,54,58
52886,112,54,58
52887,25,9,16
52888,25,9,16
52889,14,6,8
52890,14,6,8
52891,59,36,23
52892,59,36,23
52895,286,131,155
52896,286,131,155
52899,172,139,33
52900,7,2,5
52905,1,1,0
52910,4,4,0
52939,1,0,1
52962,2,2,0
53001,3,1,2
53010,4,2,2
53014,2,2,0
53018,6,5,1
53023,1,0,1
53024,1,1,0
53040,2,2,0
53078,2,0,2
53277,9,7,2
53278,7,5,2
53279,7,5,2
53280,7,5,2
53281,11,7,4
53282,16,5,11
53284,4,2,2
53285,2,2,0
53286,7,6,1
53287,3,2,1
53288,4,2,2
53289,2,2,0
53291,11,7,4
53292,8,8,0
53294,16,5,11
53295,10,8,2
53296,10,8,2
53335,6,4,2
53336,22,21,1
53337,12,11,1
53338,13,4,9
53339,17,16,1
53342,1,1,0
53343,17,16,1
53344,17,16,1
53345,17,16,1
53346,17,16,1
53347,17,16,1
53348,26,23,3
53350,25,21,4
53351,25,21,4
53352,25,21,4
53353,28,23,5
53354,28,23,5
53355,28,23,5
53356,5,0,5
53357,5,0,5
53358,28,23,5
53359,28,23,5
53362,26,2,24
53363,26,2,24
53364,20,17,3
53370,26,2,24
53371,1,1,0
53372,20,17,3
53373,2,1,1
53374,27,23,4
53375,4,1,3
53376,20,17,3
53377,20,17,3
53378,20,17,3
53379,20,17,3
53380,20,17,3
53381,20,17,3
53382,20,17,3
53383,20,17,3
53384,20,17,3
53385,20,17,3
53386,20,17,3
53387,20,17,3
53407,7,0,7
53408,7,0,7
53409,7,0,7
53410,20,4,16
53411,20,4,16
53412,20,4,16
53413,21,6,15
53414,7,0,7
53415,7,0,7
53416,7,0,7
53417,7,0,7
53418,7,0,7
53419,7,0,7
53420,7,0,7
53421,21,6,15
53422,3,0,3
53423,22,6,16
53424,2,1,1
53425,5,1,4
53426,23,6,17
53427,7,0,7
53428,7,0,7
53429,7,0,7
53432,2,0,2
53433,2,0,2
53441,7,0,7
53442,7,0,7
53479,18,12,6
53482,16,10,6
53483,16,10,6
53484,16,10,6
53485,16,10,6
53486,18,13,5
53487,16,2,14
53488,16,2,14
53489,16,2,14
53490,14,8,6
53500,16,2,14
53501,16,2,14
53502,14,8,6
53503,7,1,6
53504,4,1,3
53505,19,13,6
53506,2,0,2
53507,18,12,6
53508,4,0,4
53509,14,8,6
53510,14,8,6
53511,14,8,6
53512,14,8,6
53513,7,6,1
53514,7,6,1
53515,13,4,9
53516,16,16,0
53517,16,16,0
53518,16,16,0
53519,11,11,0
53520,11,11,0
53521,11,11,0
53524,11,11,0
53525,14,14,0
53527,14,14,0
53528,14,14,0
53529,14,14,0
53530,14,14,0
53531,14,14,0
53793,6,3,3
53839,6,3,3
53880,10,5,5
53881,10,5,5
53883,5,1,4
53885,5,1,4
53893,10,5,5
53894,10,5,5
53895,8,8,0
53896,8,8,0
53897,6,6,0
53902,7,4,3
53903,3,3,0
53904,13,11,2
53905,13,11,2
53906,15,10,5
53907,15,10,5
53908,14,10,4
53909,14,10,4
53910,2,0,2
53911,2,0,2
53914,19,6,13
53915,19,6,13
53916,9,7,2
53919,9,7,2
53920,13,11,2
53921,9,7,2
53922,9,7,2
53923,9,7,2
53924,3,3,0
53925,3,3,0
53926,3,3,0
54015,14,14,0
54016,14,13,1
54017,14,13,1
54018,14,13,1
54019,14,13,1
54020,13,13,0
54032,2,0,2
54033,2,0,2
54034,13,13,0
54039,2,2,0
54040,13,13,0
54041,4,3,1
54042,14,13,1
54043,6,2,4
54044,13,13,0
54045,13,13,0
54046,13,13,0
54047,13,13,0
54048,17,13,4
54049,22,14,8
54050,22,14,8
54051,22,14,8
54052,22,14,8
54053,19,14,5
54054,17,0,17
54055,17,0,17
54056,29,14,15
54065,17,0,17
54066,2,2,0
54067,29,14,15
54072,2,1,1
54073,2,1,1
54074,2,1,1
54078,21,14,7
54079,17,13,4
54080,7,2,5
54081,29,14,15
54082,29,14,15
54083,29,14,15
54084,29,14,15
54087,6,1,5
54092,10,7,3
54093,9,8,1
54094,9,8,1
54095,9,8,1
54102,13,2,11
54103,4,3,1
54106,4,3,1
54107,10,7,3
54108,4,3,1
54109,4,3,1
54110,4,3,1
54111,4,3,1
54112,6,1,5
54113,25,19,6
54114,24,16,8
54115,24,16,8
54116,24,16,8
54117,24,16,8
54118,22,18,4
54119,22,18,4
54120,25,0,25
54121,25,0,25
54122,18,8,10
54130,25,0,25
54131,18,8,10
54132,12,0,12
54135,23,19,4
54136,1,0,1
54137,5,0,5
54138,18,8,10
54139,18,8,10
54140,18,8,10
54141,18,8,10
54142,18,8,10
54143,18,8,10
54144,18,8,10
54145,18,8,10
54146,18,8,10
54147,18,8,10
54148,3,0,3
54149,3,0,3
54150,3,0,3
54151,3,0,3
54204,16,10,6
54205,16,10,6
54206,16,10,6
54317,5,2,3
54318,8,6,2
54319,8,6,2
54322,8,7,1
54323,8,7,1
54324,10,9,1
54325,7,6,1
54327,8,2,6
54328,10,9,1
54329,10,9,1
54439,9,8,1
54440,9,8,1
54470,7,6,1
54471,10,0,10
54472,2,1,1
54474,2,1,1
54475,2,1,1
54476,2,1,1
54479,13,6,7
54480,4,3,1
54481,4,3,1
54482,18,6,12
54483,4,3,1
54484,4,3,1
54485,13,6,7
54486,13,6,7
54487,13,6,7
54488,13,6,7
54489,13,5,8
54490,13,5,8
54491,13,6,7
54492,13,6,7
54493,13,6,7
54514,9,8,1
54546,2,2,0
54547,2,2,0
54548,2,2,0
54549,1,1,0
54550,3,3,0
54561,11,3,8
54562,11,3,8
54567,11,3,8
54568,11,3,8
54695,96,48,48
54696,96,48,48
54697,286,131,155
54698,286,131,155
54699,116,62,54
54700,78,56,22
54701,204,138,66
54703,25,19,6
54704,25,19,6
54745,9,1,8
54746,4,1,3
54747,1,0,1
54749,1,0,1
54750,6,3,3
54751,4,1,3
54753,4,1,3
54754,106,93,13
54758,133,111,22
54761,133,111,22
54763,14,7,7
54764,14,7,7
54765,2,0,2
54766,44,41,3
54767,44,41,3
54768,44,41,3
54769,44,41,3
54770,4,3,1
54771,4,3,1
54772,4,3,1
54773,11,7,4
54774,11,11,0
54776,11,11,0
54802,5,5,0
54803,106,93,13
54804,11,9,2
54805,11,9,2
54808,2,2,0
54809,2,2,0
54810,13,7,6
54813,13,7,6
54814,9,9,0
54825,2,1,1
54826,2,1,1
54828,18,3,15
54829,18,3,15
54830,18,3,15
54831,16,1,15
54834,18,3,15
54835,18,3,15
54837,16,1,15
54838,9,0,9
54840,14,9,5
54841,16,1,15
54842,16,1,15
54843,16,1,15
54844,16,1,15
54845,16,1,15
54846,16,1,15
54847,16,1,15
54859,26,18,8
54860,26,18,8
54861,3,3,0
54862,3,3,0
54863,26,18,8
54864,5,2,3
54865,5,2,3
54866,70,58,12
54867,70,58,12
54869,70,58,12
54870,52,42,10
54871,5,5,0
54872,70,58,12
54873,70,58,12
54874,8,8,0
54875,6,6,0
54876,6,6,0
54878,48,39,9
54879,52,42,10
54880,52,42,10
54881,52,42,10
54882,52,42,10
54883,10,9,1
54884,63,62,1
54885,8,4,4
54886,8,4,4
54887,63,62,1
54888,61,60,1
54889,61,60,1
54890,29,29,0
54892,18,18,0
54893,12,12,0
54894,9,9,0
54895,10,9,1
54896,9,0,9
54897,11,11,0
54898,11,11,0
54899,29,29,0
54900,10,9,1
54901,10,9,1
54902,10,9,1
54903,10,9,1
54904,10,9,1
54905,10,9,1
54906,10,9,1
54907,10,9,1
54909,2,1,1
54910,2,0,2
54911,2,1,1
54912,11,3,8
54913,11,3,8
54915,11,3,8
54916,11,3,8
54917,2,2,0
54918,2,2,0
54919,16,0,16
54920,16,0,16
54921,2,1,1
54922,2,0,2
54923,11,5,6
54924,16,0,16
54925,7,2,5
54926,7,2,5
54927,7,2,5
54928,8,4,4
54929,1,0,1
54930,1,0,1
54931,15,3,12
54932,15,3,12
54933,7,4,3
54935,16,0,16
54936,16,0,16
54937,28,21,7
54938,12,4,8
54939,12,4,8
54940,28,21,7
54941,28,21,7
54942,57,47,10
54943,112,91,21
54944,112,91,21
54945,112,91,21
54946,30,22,8
54947,30,22,8
54948,30,22,8
54953,30,22,8
54954,30,22,8
54955,19,10,9
54956,4,2,2
54957,19,10,9
54958,30,22,8
54959,30,22,8
54960,30,22,8
54961,13,5,8
54962,13,5,8
54963,12,4,8
54964,143,129,14
54965,143,129,14
54966,126,107,19
54982,200,128,72
54985,207,146,61
54988,9,9,0
54989,9,9,0
54990,9,9,0
54991,11,11,0
55002,12,12,0
55003,12,12,0
55004,17,11,6
55005,17,11,6
55010,2,2,0
55011,5,4,1
55012,8,7,1
55013,207,146,61
55014,207,146,61
55015,207,146,61
55017,17,7,10
55018,126,101,25
55019,126,101,25
55020,126,101,25
55021,126,101,25
55022,17,7,10
55023,17,7,10
55024,207,146,61
55025,207,146,61
55026,207,146,61
55028,207,146,61
55029,4,3,1
55030,4,3,1
55031,21,17,4
55032,21,17,4
55036,4,1,3
55041,78,62,16
55042,6,6,0
55043,27,23,4
55044,27,23,4
55045,27,23,4
55046,54,47,7
55047,54,47,7
55048,17,12,5
55049,17,12,5
55050,54,47,7
55051,54,47,7
55052,7,7,0
55053,7,7,0
55054,7,7,0
55055,9,9,0
55058,8,8,0
55059,8,8,0
55060,8,8,0
55061,8,8,0
55062,8,8,0
55063,8,8,0
55064,8,5,3
55065,1,1,0
55066,1,1,0
55067,10,9,1
55069,10,9,1
55070,11,7,4
55101,4,4,0
55102,4,4,0
55103,17,15,2
55104,17,15,2
55106,97,77,20
55107,97,77,20
55108,97,77,20
55111,97,77,20
55112,110,83,27
55114,49,38,11
55115,49,38,11
55116,49,37,12
55117,49,37,12
55118,24,16,8
55119,37,29,8
55120,49,38,11
55121,49,38,11
55134,71,61,10
55135,8,8,0
55137,110,83,27
55138,110,83,27
55139,110,83,27
55140,96,85,11
55141,9,8,1
55142,12,10,2
55143,12,10,2
55144,9,8,1
55145,1,0,1
55146,7,5,2
55147,110,83,27
55148,110,83,27
55149,9,5,4
55150,9,5,4
55151,96,85,11
55152,6,4,2
55153,6,2,4
55154,6,2,4
55155,2,0,2
55156,2,0,2
55170,2,0,2
55171,2,0,2
55174,36,32,4
55175,38,27,11
55176,38,27,11
55177,4,3,1
55178,4,3,1
55179,7,0,7
55180,5,2,3
55181,5,2,3
55182,67,60,7
55183,39,27,12
55184,39,27,12
55185,110,83,27
55220,40,37,3
55232,96,85,11
55233,96,85,11
55234,96,85,11
55235,96,85,11
55236,96,85,11
55237,96,85,11
55238,96,85,11
55239,96,85,11
55240,158,130,28
55241,158,130,28
55242,8,6,2
55243,8,6,2
55244,168,141,27
55246,19,15,4
55247,19,15,4
55254,55,42,13
55255,55,42,13
55256,19,7,12
55257,19,7,12
55258,19,9,10
55259,19,7,12
55260,55,42,13
55261,55,42,13
55262,47,25,22
55263,47,25,22
55264,47,25,22
55265,47,25,22
55266,3,3,0
55267,3,3,0
55268,3,3,0
55269,3,3,0
55273,13,7,6
55274,13,7,6
55275,13,7,6
55276,13,7,6
55277,13,7,6
55278,13,7,6
55279,18,6,12
55280,4,3,1
55281,4,3,1
55282,13,7,6
55283,13,7,6
55284,6,5,1
55285,6,5,1
55286,6,5,1
55287,5,4,1
55288,18,3,15
55289,5,4,1
55290,13,7,6
55291,168,141,27
55292,27,23,4
55293,27,23,4
55294,23,16,7
55295,61,28,33
55296,21,13,8
55297,21,13,8
55298,61,28,33
55299,52,39,13
55300,7,2,5
55301,7,2,5
55302,168,141,27
55303,52,39,13
55304,52,39,13
55305,52,39,13
55306,52,39,13
55307,168,141,27
55330,19,15,4
55331,19,15,4
55332,1,0,1
55333,1,0,1
55334,6,2,4
55335,24,15,9
55336,24,15,9
55338,55,42,13
55342,13,7,6
55343,168,141,27
55344,11,11,0
55345,6,3,3
55348,18,13,5
55349,23,17,6
55350,23,17,6
55351,23,17,6
55352,19,12,7
55353,19,12,7
55354,3,0,3
55355,3,0,3
55356,19,12,7
55359,28,15,13
55360,28,15,13
55361,28,15,13
55362,28,23,5
55364,28,15,13
55365,28,15,13
55366,28,23,5
55367,3,0,3
55368,28,23,5
55369,28,23,5
55370,28,23,5
55371,28,23,5
55373,1,1,0
55374,1,1,0
55375,1,1,0
55376,1,1,0
55380,4,4,0
55382,133,111,22
55383,133,111,22
55384,133,111,22
55385,31,26,5
55386,25,20,5
55390,25,12,13
55391,25,12,13
55392,25,12,13
55393,25,12,13
55403,150,136,14
55404,150,136,14
55405,12,12,0
55406,12,12,0
55408,12,12,0
55409,4,1,3
55410,6,5,1
55411,3,2,1
55415,6,5,1
55416,3,3,0
55417,3,3,0
55418,12,12,0
55419,150,136,14
55420,2,2,0
55421,1,1,0
55458,2,2,0
55459,2,2,0
55460,9,9,0
55461,150,136,14
55462,150,136,14
55464,3,1,2
55465,165,122,43
55466,12,7,5
55467,2,1,1
55468,2,1,1
55473,1,1,0
55474,1,1,0
55475,1,1,0
55476,1,1,0
55477,33,25,8
55478,6,5,1
55479,47,36,11
55480,47,36,11
55482,47,36,11
55483,27,21,6
55484,8,7,1
55485,51,29,22
55486,51,29,22
55487,51,29,22
55488,71,63,8
55489,6,6,0
55490,10,10,0
55491,6,6,0
55492,7,7,0
55493,51,29,22
55494,51,29,22
55495,8,7,1
55496,8,7,1
55497,9,8,1
55498,9,8,1
55499,26,19,7
55500,71,63,8
55501,36,31,5
55502,71,63,8
55503,71,63,8
55504,71,63,8
55505,71,63,8
55506,71,63,8
55507,71,63,8
55508,71,63,8
55509,71,63,8
55510,7,4,3
55511,7,4,3
55512,3,0,3
55513,15,13,2
55518,15,13,2
55519,7,7,0
55520,19,13,6
55521,23,8,15
55522,17,13,4
55523,14,10,4
55524,14,10,4
55525,14,10,4
55526,14,10,4
55527,17,14,3
55528,23,8,15
55529,23,8,15
55530,12,9,3
55536,12,9,3
55537,17,14,3
55538,2,0,2
55539,17,13,4
55540,5,0,5
55541,12,9,3
55542,12,9,3
55543,12,9,3
55544,12,9,3
55545,54,43,11
55546,54,43,11
55547,1,0,1
55548,1,0,1
55549,8,6,2
55550,28,21,7
55551,52,39,13
55552,11,6,5
55553,11,6,5
55554,52,39,13
55555,29,23,6
55556,81,56,25
55557,81,56,25
55559,2,0,2
55560,81,56,25
55561,82,70,12
55562,5,5,0
55563,81,56,25
55564,81,56,25
55565,52,39,13
55566,52,39,13
55567,11,1,10
55568,82,70,12
55569,17,16,1
55570,28,21,7
55571,82,70,12
55572,82,70,12
55573,82,70,12
55574,82,70,12
55577,165,122,43
55578,78,59,19
55579,78,59,19
55580,142,111,31
55581,78,59,19
55582,78,59,19
55583,2,2,0
55585,2,2,0
55587,30,19,11
55588,30,19,11
55589,11,9,2
55594,4,4,0
55595,142,111,31
55596,39,34,5
55597,39,34,5
55599,39,34,5
55600,39,34,5
55601,6,6,0
55602,6,6,0
55604,165,122,43
55605,165,122,43
55606,165,122,43
55607,8,8,0
55609,9,9,0
55610,10,10,0
55611,14,10,4
55612,2,2,0
55617,5,5,0
55618,10,10,0
55624,12,11,1
55625,12,11,1
55656,38,22,16
55657,38,22,16
55658,27,19,8
55659,3,3,0
55660,6,6,0
55661,38,22,16
55662,27,19,8
55663,21,14,7
55664,27,19,8
55665,27,19,8
55666,12,10,2
55667,12,10,2
55668,41,35,6
55669,41,35,6
55671,3,3,0
55672,3,3,0
55673,3,3,0
55674,7,7,0
55675,12,12,0
55676,41,35,6
55677,41,35,6
55678,7,7,0
55679,12,12,0
55681,4,4,0
55682,4,4,0
55683,26,18,8
55684,11,11,0
55686,12,12,0
55687,12,12,0
55688,15,14,1
55689,8,8,0
55690,8,8,0
55691,15,15,0
55698,15,15,0
55699,15,15,0
55700,15,15,0
55701,15,15,0
55702,15,15,0
55703,15,15,0
55704,26,18,8
55705,126,107,19
55706,9,7,2
55707,9,7,2
55708,126,101,25
55710,8,7,1
55711,8,7,1
55712,6,6,0
55713,3,1,2
55715,3,1,2
55721,14,12,2
55722,5,5,0
55723,5,5,0
55724,44,42,2
55725,44,42,2
55726,44,42,2
55727,28,21,7
55728,28,21,7
55729,28,21,7
55730,12,4,8
55731,12,4,8
55732,12,4,8
55733,28,21,7
55734,28,21,7
55735,2,2,0
55736,2,2,0
55737,2,2,0
55738,2,2,0
55739,84,58,26
55740,84,58,26
55741,41,39,2
55742,41,39,2
55743,3,1,2
55744,26,22,4
55745,26,22,4
55746,25,23,2
55747,3,1,2
55748,12,11,1
55749,15,14,1
55750,15,14,1
55751,13,10,3
55752,143,129,14
55753,143,129,14
55754,143,129,14
55755,23,17,6
55756,14,8,6
55757,77,60,17
55758,77,60,17
55759,77,60,17
55760,38,32,6
55762,77,60,17
55763,77,60,17
55764,77,60,17
55765,4,4,0
55767,143,129,14
55768,143,129,14
55769,38,32,6
55770,38,32,6
55780,29,23,6
55781,29,23,6
55789,2,2,0
55790,2,2,0
55791,2,2,0
55792,2,2,0
55793,89,74,15
55801,89,74,15
55804,158,130,28
55805,45,40,5
55806,45,40,5
55807,45,40,5
55808,39,37,2
55809,39,37,2
55810,39,37,2
55811,39,37,2
55812,8,6,2
55813,8,6,2
55814,57,33,24
55815,57,33,24
55816,17,16,1
55817,17,16,1
55818,56,54,2
55819,11,9,2
55820,11,9,2
55821,13,2,11
55824,3,2,1
55825,2,0,2
55826,3,2,1
55827,3,2,1
55828,3,2,1
55829,3,2,1
55830,3,2,1
55831,3,2,1
55832,48,44,4
55833,7,5,2
55834,48,44,4
55835,2,0,2
55836,30,28,2
55837,15,14,1
55838,28,24,4
55839,28,24,4
55840,28,24,4
55841,47,37,10
55842,158,130,28
55843,66,64,2
55844,66,64,2
55845,66,64,2
55846,66,64,2
55847,66,64,2
55848,66,64,2
55849,66,64,2
55850,66,64,2
55853,1,1,0
55856,1,1,0
55857,1,1,0
55859,103,84,19
55860,103,84,19
55861,24,21,3
55863,1,1,0
55864,1,1,0
55865,200,128,72
55867,21,18,3
55868,43,34,9
55869,43,34,9
55870,43,34,9
55871,43,34,9
55872,21,18,3
55876,38,37,1
55877,7,5,2
55878,7,5,2
55879,12,11,1
55880,9,7,2
55881,4,2,2
55882,32,20,12
55883,32,20,12
55884,37,25,12
55885,6,2,4
55886,6,2,4
55887,44,26,18
55888,44,26,18
55889,44,26,18
55890,44,26,18
55891,39,28,11
55892,39,28,11
55893,69,39,30
55894,69,39,30
55895,69,39,30
55896,69,39,30
55898,69,39,30
55899,39,28,11
55900,9,7,2
55901,9,7,2
55902,9,7,2
55905,17,3,14
55906,5,4,1
55907,39,28,11
55908,3,0,3
55909,5,4,1
55910,5,4,1
55911,5,4,1
55912,5,4,1
55913,5,4,1
55914,5,4,1
55915,61,32,29
55916,11,9,2
55917,15,10,5
55918,15,10,5
55919,15,10,5
55920,15,10,5
55921,11,9,2
55922,12,10,2
55923,2,1,1
55924,11,9,2
55925,11,9,2
55926,69,39,30
55927,69,39,30
55928,69,39,30
55930,9,5,4
55933,8,8,0
55934,61,32,29
55935,42,28,14
55936,16,5,11
55937,16,5,11
55938,16,5,11
55939,16,5,11
55940,16,5,11
55941,7,6,1
55942,7,6,1
55944,1,0,1
55945,1,0,1
55946,1,0,1
55949,36,24,12
55950,37,25,12
55951,11,2,9
55952,61,32,29
55953,61,32,29
55954,61,32,29
55955,61,32,29
55956,61,32,29
55957,61,32,29
55958,61,32,29
55959,61,32,29
55960,17,14,3
55961,17,14,3
55962,66,48,18
55963,17,13,4
55964,17,13,4
55965,94,64,30
55966,9,6,3
55967,8,5,3
55968,8,5,3
55969,9,5,4
55970,9,5,4
55971,2,0,2
55972,11,3,8
55973,11,3,8
55975,13,10,3
55976,11,3,8
55979,13,10,3
55980,94,64,30
55981,94,64,30
55982,60,38,22
55983,14,13,1
55984,200,128,72
55985,98,70,28
55986,8,3,5
55987,19,10,9
55988,94,64,30
55989,7,5,2
55990,32,25,7
55991,98,70,28
55992,47,36,11
55993,8,4,4
55994,20,10,10
55995,40,35,5
56003,52,41,11
56009,3,3,0
56010,3,3,0
56011,47,36,11
56013,98,70,28
56014,98,70,28
56015,98,70,28
56016,98,70,28
56017,87,67,20
56018,87,67,20
56019,87,67,20
56020,87,67,20
56021,200,128,72
56042,23,14,9
56043,12,9,3
56044,5,3,2
56045,5,3,2
56046,12,9,3
56047,2,2,0
56048,2,2,0
56049,53,43,10
56050,103,77,26
56051,103,77,26
56053,64,57,7
56054,20,18,2
56055,20,18,2
56056,103,77,26
56057,103,77,26
56058,5,5,0
56059,3,3,0
56060,19,16,3
56061,19,16,3
56062,17,13,4
56063,17,13,4
56064,17,13,4
56065,6,6,0
56066,6,6,0
56067,12,7,5
56068,12,7,5
56069,12,7,5
56070,55,47,8
56071,64,57,7
56072,64,57,7
56073,55,47,8
56074,55,47,8
56075,55,47,8
56077,2,2,0
56078,2,2,0
56090,10,9,1
56100,10,9,1
56107,37,20,17
56109,103,89,14
56110,103,89,14
56112,103,89,14
56113,1,0,1
56114,1,0,1
56117,37,23,14
56119,37,23,14
56120,31,17,14
56135,31,17,14
56136,8,5,3
56137,8,5,3
56139,8,5,3
56140,8,5,3
56141,8,5,3
56152,8,4,4
56153,8,4,4
56154,8,4,4
56155,8,4,4
56156,6,0,6
56157,6,0,6
56158,8,4,4
56159,8,4,4
56160,31,19,12
56161,31,19,12
56162,10,6,4
56163,10,6,4
56164,17,10,7
56165,22,20,2
56166,15,9,6
56167,45,40,5
56168,5,5,0
56169,5,5,0
56170,45,40,5
56171,44,42,2
56172,44,42,2
56173,73,63,10
56174,21,14,7
56175,1,0,1
56176,1,0,1
56177,20,15,5
56178,16,11,5
56179,18,6,12
56180,18,6,12
56181,18,6,12
56182,9,4,5
56183,18,6,12
56184,18,6,12
56186,9,4,5
56187,9,4,5
56188,9,4,5
56189,9,4,5
56190,9,4,5
56191,9,4,5
56192,9,4,5
56193,9,4,5
56194,103,89,14
56195,69,54,15
56196,214,158,56
56197,40,35,5
56199,9,7,2
56200,9,7,2
56203,73,50,23
56204,73,50,23
56205,73,50,23
56206,22,6,16
56207,22,6,16
56208,6,4,2
56211,6,4,2
56212,1,0,1
56213,6,4,2
56214,6,4,2
56215,6,4,2
56216,6,4,2
56217,6,4,2
56218,6,4,2
56219,6,4,2
56220,6,4,2
56221,53,43,10
56222,14,12,2
56224,17,14,3
56225,14,12,2
56226,40,35,5
56227,2,0,2
56228,2,0,2
56229,10,7,3
56230,10,7,3
56231,20,9,11
56232,14,7,7
56233,10,7,3
56234,10,7,3
56235,2,1,1
56236,2,1,1
56237,5,1,4
56247,1,1,0
56248,1,1,0
56251,4,4,0
56253,8,6,2
56254,1,1,0
56255,95,76,19
56256,9,8,1
56264,10,8,2
56265,10,8,2
56267,10,8,2
56268,10,8,2
56278,37,29,8
56279,7,3,4
56280,54,44,10
56281,54,44,10
56282,3,0,3
56283,3,0,3
56284,54,44,10
56285,33,26,7
56286,33,26,7
56287,91,55,36
56288,91,55,36
56289,91,55,36
56290,85,71,14
56291,14,13,1
56292,17,15,2
56293,17,15,2
56294,17,15,2
56295,17,15,2
56296,14,13,1
56297,10,10,0
56298,10,10,0
56299,91,55,36
56300,91,55,36
56301,85,71,14
56302,12,6,6
56303,12,6,6
56304,12,6,6
56305,10,8,2
56306,36,29,7
56307,7,7,0
56309,19,14,5
56310,19,14,5
56311,19,14,5
56312,19,14,5
56313,19,14,5
56314,19,14,5
56315,37,29,8
56316,85,71,14
56317,85,71,14
56318,85,71,14
56319,85,71,14
56322,13,8,5
56324,13,8,5
56328,5,0,5
56332,10,6,4
56333,10,6,4
56335,10,6,4
56336,10,6,4
56342,214,158,56
56343,12,8,4
56344,1,1,0
56345,1,1,0
56346,1,1,0
56347,1,1,0
56348,6,4,2
56349,12,8,4
56350,31,24,7
56351,44,37,7
56352,4,3,1
56354,1,1,0
56355,4,2,2
56356,214,158,56
56357,13,8,5
56358,13,8,5
56359,13,8,5
56360,1,0,1
56361,5,1,4
56362,14,11,3
56363,40,28,12
56364,67,55,12
56366,46,39,7
56367,96,78,18
56368,96,78,18
56369,46,39,7
56370,40,28,12
56372,1,0,1
56373,1,0,1
56374,1,1,0
56375,1,1,0
56376,36,31,5
56377,36,31,5
56378,67,55,12
56379,16,12,4
56380,2,0,2
56381,16,12,4
56382,11,10,1
56385,11,10,1
56386,2,0,2
56387,2,0,2
56390,1,1,0
56391,1,1,0
56392,65,42,23
56393,23,21,2
56394,29,26,3
56395,29,26,3
56396,29,26,3
56397,20,18,2
56398,65,42,23
56399,27,25,2
56400,9,9,0
56401,14,14,0
56402,14,14,0
56403,14,14,0
56404,27,25,2
56405,8,4,4
56412,8,8,0
56413,8,8,0
56423,61,51,10
56424,61,51,10
56425,7,7,0
56426,7,7,0
56427,22,17,5
56428,22,16,6
56429,22,16,6
56430,22,16,6
56431,22,16,6
56432,24,17,7
56433,24,17,7
56434,3,0,3
56435,3,0,3
56436,24,17,7
56444,26,7,19
56445,26,7,19
56446,26,7,19
56447,20,14,6
56451,26,7,19
56452,26,7,19
56453,20,14,6
56454,11,1,10
56457,1,1,0
56458,22,17,5
56459,4,0,4
56460,20,14,6
56461,20,14,6
56462,20,14,6
56463,20,14,6
56464,20,14,6
56465,20,14,6
56466,20,14,6
56467,20,14,6
56468,10,7,3
56469,27,25,2
56470,27,25,2
56471,27,25,2
56472,27,25,2
56473,27,25,2
56474,27,25,2
56475,27,25,2
56476,27,25,2
56477,142,84,58
56479,69,48,21
56480,14,10,4
56481,76,58,18
56482,76,58,18
56483,26,12,14
56484,76,58,18
56485,76,58,18
56486,8,0,8
56488,8,0,8
56493,64,48,16
56494,64,48,16
56495,3,1,2
56496,3,1,2
56497,10,6,4
56499,9,7,2
56500,9,7,2
56501,9,7,2
56502,6,2,4
56503,6,2,4
56504,2,2,0
56505,2,2,0
56506,142,84,58
56507,142,84,58
56509,142,84,58
56510,125,84,41
56511,15,13,2
56512,25,18,7
56513,25,18,7
56514,25,18,7
56515,25,18,7
56516,15,13,2
56517,22,19,3
56518,1,0,1
56519,12,10,2
56520,12,10,2
56521,142,84,58
56522,142,84,58
56523,76,58,18
56525,76,58,18
56526,4,4,0
56527,4,4,0
56528,4,4,0
56529,4,4,0
56530,20,15,5
56531,8,5,3
56532,125,84,41
56541,8,6,2
56542,45,21,24
56548,49,42,7
56549,49,42,7
56550,17,12,5
56552,6,4,2
56553,6,4,2
56554,7,6,1
56555,56,48,8
56557,56,48,8
56558,10,10,0
56559,10,10,0
56563,12,4,8
56564,55,33,22
56566,19,11,8
56567,2,0,2
56568,20,9,11
56569,20,9,11
56570,20,9,11
56571,22,13,9
56572,55,33,22
56573,55,33,22
56574,24,7,17
56575,7,5,2
56576,7,3,4
56577,7,3,4
56578,7,3,4
56579,6,5,1
56580,7,5,2
56581,55,33,22
56582,24,7,17
56583,8,1,7
56584,3,1,2
56587,21,12,9
56589,55,33,22
56591,24,7,17
56592,24,7,17
56593,24,7,17
56594,24,7,17
56596,8,2,6
56601,55,45,10
56602,55,45,10
56603,55,45,10
56605,50,35,15
56606,50,35,15
56607,5,4,1
56610,7,2,5
56611,5,4,1
56612,5,4,1
56613,142,84,58
56614,111,89,22
56615,24,14,10
56616,1,0,1
56617,24,14,10
56618,24,14,10
56619,24,14,10
56620,19,10,9
56621,19,10,9
56622,3,0,3
56623,19,10,9
56626,19,4,15
56627,19,4,15
56628,19,4,15
56629,21,8,13
56631,19,4,15
56632,19,4,15
56633,21,8,13
56634,4,0,4
56635,21,8,13
56636,21,8,13
56637,21,8,13
56638,21,8,13
56639,17,6,11
56640,69,48,21
56641,26,12,14
56642,125,84,41
56643,125,84,41
56644,125,84,41
56645,125,84,41
56646,125,84,41
56647,125,84,41
56648,125,84,41
56649,125,84,41
56650,125,84,41
56651,143,129,14
56652,143,129,14
56653,143,129,14
56654,13,12,1
56655,4,4,0
56656,4,4,0
56657,4,4,0
56658,4,4,0
56660,4,4,0
56661,4,4,0
56672,4,4,0
56673,17,7,10
56674,17,7,10
56677,17,7,10
56678,19,8,11
56686,17,7,10
56687,17,7,10
56688,19,8,11
56689,6,1,5
56690,6,1,5
56691,6,1,5
56692,6,1,5
56693,6,1,5
56699,19,8,11
56700,19,8,11
56701,19,8,11
56702,17,11,6
56703,17,11,6
56704,17,11,6
56705,18,12,6
56706,17,11,6
56707,11,9,2
56708,30,26,4
56709,10,8,2
56712,30,26,4
56713,7,5,2
56714,10,8,2
56715,35,29,6
56716,35,29,6
56717,7,2,5
56718,7,2,5
56719,35,29,6
56720,35,29,6
56721,35,29,6
56722,94,62,32
56723,94,62,32
56725,94,62,32
56726,94,62,32
56727,15,13,2
56728,15,13,2
56729,53,41,12
56730,14,13,1
56731,29,12,17
56732,29,12,17
56733,29,12,17
56734,29,12,17
56735,29,12,17
56736,29,12,17
56737,24,5,19
56738,9,7,2
56739,10,8,2
56740,10,8,2
56741,10,8,2
56742,10,8,2
56743,9,7,2
56744,24,5,19
56745,12,9,3
56746,3,2,1
56747,6,4,2
56748,11,8,3
56749,11,8,3
56750,29,12,17
56751,29,12,17
56752,16,6,10
56753,16,13,3
56754,16,13,3
56755,16,13,3
56756,11,6,5
56757,11,6,5
56758,3,0,3
56759,3,0,3
56760,11,6,5
56761,32,14,18
56762,32,14,18
56763,32,14,18
56766,19,15,4
56767,23,9,14
56768,3,2,1
56769,17,11,6
56770,29,12,17
56771,3,2,1
56772,3,2,1
56780,3,3,0
56781,3,3,0
56782,143,129,14
56783,143,129,14
56784,20,10,10
56785,29,12,17
56786,18,11,7
56787,18,11,7
56788,41,32,9
56789,41,32,9
56790,41,32,9
56794,10,3,7
56795,131,107,24
56798,15,11,4
56799,15,11,4
56800,37,24,13
56801,37,24,13
56802,214,158,56
56803,17,12,5
56810,5,4,1
56811,24,18,6
56812,111,89,22
56813,111,89,22
56814,2,2,0
56815,2,2,0
56816,35,29,6
56817,19,15,4
56820,19,15,4
56821,15,10,5
56822,14,9,5
56823,13,6,7
56824,13,6,7
56825,13,6,7
56826,17,12,5
56827,13,6,7
56828,13,6,7
56829,17,12,5
56830,17,12,5
56831,17,12,5
56832,17,12,5
56833,7,7,0
56834,7,7,0
56837,214,158,56
56838,2,0,2
56841,7,7,0
56842,24,16,8
56843,4,2,2
56844,21,15,6
56845,21,15,6
56846,21,15,6
56847,21,15,6
56848,22,17,5
56854,33,8,25
56855,33,8,25
56858,33,8,25
56859,23,16,7
56860,8,8,0
56861,6,6,0
56862,6,6,0
56863,6,6,0
56864,6,6,0
56865,8,8,0
56866,9,8,1
56867,1,0,1
56868,7,7,0
56869,7,7,0
56870,33,8,25
56871,33,8,25
56873,23,16,7
56874,14,3,11
56876,13,8,5
56878,27,19,8
56879,3,1,2
56880,24,16,8
56881,5,0,5
56882,23,16,7
56883,23,16,7
56884,23,16,7
56885,23,16,7
56886,23,16,7
56887,23,16,7
56888,23,16,7
56889,23,16,7
56890,40,28,12
56892,40,28,12
56893,10,4,6
56894,10,4,6
56895,67,55,12
56896,67,55,12
56897,4,3,1
56898,4,3,1
56900,4,3,1
56901,67,55,12
56908,72,36,36
56909,60,40,20
56912,43,24,19
56913,43,24,19
56914,9,6,3
56915,9,6,3
56917,38,31,7
56919,16,13,3
56920,19,16,3
56921,19,16,3
56922,4,4,0
56923,4,4,0
56924,20,17,3
56928,17,4,13
56929,17,4,13
56930,17,4,13
56931,10,10,0
56934,9,6,3
56935,9,6,3
56936,9,6,3
56937,9,6,3
56938,9,6,3
56939,9,6,3
56940,9,6,3
56941,9,6,3
56942,9,6,3
56943,10,10,0
56944,8,7,1
56945,8,7,1
56946,8,7,1
56947,12,10,2
56948,12,10,2
56949,3,0,3
56950,3,0,3
56951,12,10,2
56952,3,3,0
56953,3,3,0
56954,19,19,0
56956,8,7,1
56957,8,7,1
56958,5,0,5
56972,5,0,5
56973,53,36,17
56974,12,7,5
56975,23,15,8
56976,23,15,8
56977,23,15,8
56978,11,6,5
56979,53,36,17
56980,53,36,17
56981,18,14,4
56982,2,1,1
56983,2,1,1
56984,53,36,17
56987,3,2,1
56988,21,11,10
56989,18,14,4
56990,18,14,4
56991,18,14,4
56992,17,8,9
56993,17,8,9
56994,6,0,6
56995,6,0,6
56996,6,0,6
56997,6,0,6
56998,17,8,9
56999,17,8,9
57000,17,8,9
57001,17,8,9
57002,27,20,7
57003,27,22,5
57004,27,22,5
57005,23,17,6
57006,23,17,6
57007,3,0,3
57008,3,0,3
57009,23,17,6
57010,4,3,1
57011,29,6,23
57012,29,6,23
57013,23,17,6
57014,23,17,6
57015,29,6,23
57016,21,17,4
57017,5,5,0
57018,9,9,0
57019,9,9,0
57020,1,0,1
57021,3,3,0
57022,29,6,23
57023,2,2,0
57024,2,2,0
57026,21,17,4
57027,1,0,1
57030,1,0,1
57032,23,19,4
57044,6,3,3
57045,21,17,4
57046,21,17,4
57047,21,17,4
57048,21,17,4
57049,21,17,4
57050,21,17,4
57051,21,17,4
57052,21,17,4
57056,4,0,4
57057,50,29,21
57058,50,29,21
57061,50,28,22
57062,50,28,22
57063,50,28,22
57064,69,46,23
57065,69,46,23
57067,9,7,2
57068,12,10,2
57069,12,10,2
57070,42,32,10
57071,42,32,10
57072,37,35,2
57073,5,5,0
57074,7,7,0
57075,7,7,0
57076,7,7,0
57077,12,10,2
57078,37,35,2
57079,69,46,23
57082,8,4,4
57083,8,4,4
57084,16,13,3
57085,20,17,3
57086,20,17,3
57087,18,15,3
57088,35,20,15
57090,35,20,15
57091,42,30,12
57092,9,9,0
57093,10,10,0
57094,10,10,0
57095,10,10,0
57096,10,10,0
57097,5,5,0
57098,35,20,15
57099,42,30,12
57100,19,16,3
57101,42,30,12
57102,42,30,12
57103,42,30,12
57104,42,30,12
57105,69,46,23
57106,4,4,0
57107,4,4,0
57108,4,4,0
57109,4,4,0
57110,60,40,20
57111,60,40,20
57112,43,24,19
57114,1,0,1
57115,29,14,15
57116,19,11,8
57117,43,24,19
57118,43,24,19
57119,53,24,29
57120,43,24,19
57121,11,9,2
57122,43,24,19
57123,53,24,29
57124,7,4,3
57125,7,4,3
57126,7,4,3
57127,7,4,3
57128,7,4,3
57129,72,36,36
57130,72,36,36
57131,72,36,36
57132,72,36,36
57133,21,16,5
57134,21,17,4
57135,21,17,4
57136,21,17,4
57137,21,17,4
57138,32,27,5
57139,1,0,1
57140,1,0,1
57141,59,31,28
57142,59,31,28
57143,33,27,6
57144,6,6,0
57145,4,4,0
57146,4,4,0
57147,5,5,0
57148,59,31,28
57149,11,9,2
57150,11,9,2
57151,11,9,2
57152,11,9,2
57153,4,4,0
57154,4,4,0
57155,33,27,6
57156,3,2,1
57157,19,15,4
57158,10,6,4
57159,33,27,6
57160,33,27,6
57161,33,27,6
57162,33,27,6
57169,37,26,11
57170,13,9,4
57175,1,0,1
57189,15,12,3
57190,16,16,0
57191,56,16,40
57192,1,0,1
57193,38,21,17
57194,38,21,17
57195,38,21,17
57196,31,23,8
57201,56,16,40
57202,56,16,40
57203,51,32,19
57204,38,21,17
57205,3,0,3
57206,3,0,3
57207,38,21,17
57208,10,0,10
57209,10,0,10
57210,23,15,8
57211,23,15,8
57212,23,15,8
57213,23,15,8
57214,23,15,8
57215,23,15,8
57216,14,2,12
57217,4,2,2
57218,6,4,2
57219,14,2,12
57220,5,3,2
57221,23,15,8
57222,23,15,8
57223,10,8,2
57224,10,8,2
57225,10,8,2
57226,10,8,2
57227,18,2,16
57229,18,2,16
57231,9,7,2
57232,7,5,2
57233,7,5,2
57234,23,15,8
57235,28,22,6
57238,28,22,6
57239,56,16,40
57240,7,7,0
57241,7,7,0
57245,5,3,2
57246,5,3,2
57251,29,22,7
57252,8,6,2
57253,5,5,0
57254,5,5,0
57255,5,3,2
57256,5,3,2
57257,4,0,4
57258,4,0,4
57259,5,3,2
57260,5,3,2
57261,29,22,7
57262,1,0,1
57263,16,9,7
57264,16,9,7
57266,17,12,5
57267,18,13,5
57268,25,11,14
57269,25,11,14
57270,25,11,14
57271,19,14,5
57277,25,11,14
57278,25,11,14
57283,19,14,5
57284,15,10,5
57285,16,10,6
57286,19,14,5
57287,19,14,5
57288,19,14,5
57290,30,14,16
57293,18,13,5
57294,18,13,5
57295,19,14,5
57296,30,14,16
57297,30,14,16
57298,23,17,6
57299,23,17,6
57303,2,2,0
57304,30,14,16
57305,23,17,6
57306,23,17,6
57307,23,17,6
57308,23,17,6
57309,23,17,6
57310,23,17,6
57311,23,17,6
57312,23,17,6
57313,23,17,6
57314,30,14,16
57315,26,24,2
57317,26,24,2
57318,26,24,2
57319,33,18,15
57320,13,8,5
57321,19,6,13
57322,19,6,13
57323,19,6,13
57324,14,8,6
57326,33,18,15
57327,33,18,15
57328,13,6,7
57330,33,18,15
57331,1,1,0
57332,1,1,0
57336,13,6,7
57337,3,0,3
57338,15,8,7
57339,33,18,15
57340,5,2,3
57341,13,6,7
57342,46,38,8
57343,33,30,3
57344,33,30,3
57345,33,30,3
57346,33,30,3
57347,6,4,2
57353,6,4,2
57358,15,8,7
57359,15,8,7
57360,24,22,2
57361,24,22,2
57362,24,22,2
57363,17,17,0
57364,17,17,0
57367,3,1,2
57368,3,1,2
57369,3,1,2
57370,3,0,3
57371,2,2,0
57372,35,24,11
57378,35,24,11
57380,9,1,8
57381,9,1,8
57382,5,5,0
57383,5,5,0
57384,6,4,2
57385,6,4,2
57386,3,0,3
57387,3,0,3
57388,6,4,2
57390,3,0,3
57391,54,36,18
57392,54,36,18
57393,18,17,1
57395,4,2,2
57396,22,21,1
57397,22,21,1
57400,22,21,1
57401,18,16,2
57402,18,16,2
57403,18,16,2
57404,5,0,5
57405,5,0,5
57406,18,16,2
57407,18,16,2
57409,29,24,5
57410,29,24,5
57413,29,24,5
57414,35,32,3
57415,7,7,0
57416,7,7,0
57417,7,7,0
57418,7,7,0
57419,5,5,0
57420,7,7,0
57421,29,24,5
57422,29,24,5
57423,11,9,2
57424,11,9,2
57425,35,32,3
57426,10,3,7
57429,3,3,0
57430,18,17,1
57431,7,4,3
57432,35,32,3
57433,35,32,3
57434,35,32,3
57435,35,32,3
57436,40,17,23
57437,40,17,23
57438,21,10,11
57439,40,17,23
57440,40,17,23
57441,26,18,8
57442,9,9,0
57443,40,17,23
57444,40,17,23
57445,40,17,23
57446,21,14,7
57447,21,12,9
57449,21,14,7
57450,26,18,8
57451,26,18,8
57452,26,18,8
57453,12,5,7
57454,12,5,7
57455,12,11,1
57466,7,1,6
57467,12,5,7
57468,12,5,7
57469,8,2,6
57470,8,2,6
57481,12,9,3
57482,2,0,2
57493,23,23,0
57498,2,2,0
57499,76,40,36
57500,6,2,4
57501,2,2,0
57502,19,12,7
57503,23,16,7
57504,23,16,7
57505,23,16,7
57506,23,16,7
57507,24,20,4
57508,49,28,21
57509,49,28,21
57510,49,28,21
57511,40,27,13
57512,9,7,2
57513,7,5,2
57514,7,5,2
57515,6,6,0
57516,6,6,0
57517,8,7,1
57518,9,9,0
57519,9,9,0
57520,9,9,0
57521,9,9,0
57522,5,3,2
57523,5,3,2
57524,5,3,2
57525,5,3,2
57526,4,1,3
57529,17,11,6
57530,40,27,13
57531,33,26,7
57532,33,26,7
57533,5,2,3
57534,5,2,3
57535,28,18,10
57538,19,9,10
57539,19,9,10
57540,19,9,10
57541,11,3,8
57542,6,3,3
57543,6,3,3
57544,11,3,8
57545,19,9,10
57546,8,5,3
57547,8,5,3
57548,8,5,3
57549,8,5,3
57550,14,2,12
57553,14,2,12
57555,8,5,3
57556,1,0,1
57557,8,5,3
57558,19,9,10
57559,28,18,10
57560,28,18,10
57561,28,18,10
57562,28,18,10
57563,28,18,10
57564,28,18,10
57565,28,18,10
57566,28,18,10
57568,7,7,0
57569,7,7,0
57588,12,8,4
57589,33,14,19
57590,27,14,13
57591,33,14,19
57592,1,1,0
57595,27,14,13
57596,27,14,13
57597,27,14,13
57598,27,14,13
57599,75,69,6
57600,12,12,0
57601,12,12,0
57602,12,12,0
57603,12,12,0
57611,19,19,0
57612,75,69,6
57613,29,25,4
57614,27,18,9
57615,27,18,9
57616,27,18,9
57617,14,11,3
57618,3,1,2
57619,4,4,0
57620,4,4,0
57621,4,4,0
57622,4,4,0
57623,105,83,22
57624,105,83,22
57625,105,83,22
57626,7,0,7
57627,53,34,19
57628,53,34,19
57629,25,16,9
57630,5,2,3
57631,5,2,3
57632,24,19,5
57633,3,2,1
57634,3,2,1
57635,24,19,5
57636,24,19,5
57637,54,32,22
57638,54,32,22
57639,54,32,22
57640,41,30,11
57642,54,32,22
57643,54,32,22
57644,1,0,1
57645,1,0,1
57646,17,10,7
57647,41,30,11
57649,41,30,11
57650,41,30,11
57651,41,30,11
57652,41,30,11
57653,105,83,22
57654,6,4,2
57667,74,66,8
57668,8,8,0
57669,3,0,3
57670,3,0,3
57671,3,0,3
57672,3,0,3
57680,31,31,0
57681,31,31,0
57682,9,0,9
57683,9,0,9
57684,3,3,0
57686,3,3,0
57687,9,5,4
57688,13,2,11
57696,13,2,11
57697,74,66,8
57698,74,66,8
57700,4,3,1
57701,74,66,8
57702,74,66,8
57703,61,51,10
57704,61,51,10
57705,61,51,10
57706,14,11,3
57707,14,11,3
57713,9,0,9
57714,74,66,8
57723,9,7,2
57724,9,7,2
57726,9,4,5
57727,9,4,5
57728,10,8,2
57729,10,8,2
57730,10,8,2
57731,69,37,32
57732,69,37,32
57733,63,37,26
57734,9,7,2
57735,12,7,5
57736,12,7,5
57737,12,7,5
57738,12,7,5
57739,10,8,2
57740,10,8,2
57741,69,37,32
57742,6,5,1
57743,6,5,1
57744,6,5,1
57745,6,5,1
57746,4,4,0
57747,4,4,0
57748,63,37,26
57749,24,13,11
57750,24,13,11
57751,24,13,11
57752,24,13,11
57753,15,11,4
57754,4,3,1
57756,4,3,1
57757,2,2,0
57758,12,9,3
57789,12,9,3
57790,17,9,8
57791,63,37,26
57792,63,37,26
57793,63,37,26
57794,63,37,26
57795,63,37,26
57796,63,37,26
57797,63,37,26
57798,63,37,26
57799,143,124,19
57800,143,124,19
57801,44,40,4
57802,53,46,7
57803,53,46,7
57804,53,46,7
57815,42,38,4
57816,42,38,4
57817,42,38,4
57818,5,0,5
57819,5,0,5
57820,42,38,4
57821,42,38,4
57832,78,31,47
57835,78,31,47
57836,79,66,13
57837,11,9,2
57838,14,11,3
57839,14,11,3
57840,7,7,0
57841,6,6,0
57842,6,6,0
57843,8,8,0
57844,8,8,0
57845,21,17,4
57846,79,66,13
57847,3,2,1
57848,8,4,4
57849,45,41,4
57850,45,41,4
57851,43,40,3
57853,14,8,6
57854,23,13,10
57855,23,13,10
57856,23,13,10
57857,14,8,6
57858,52,40,12
57862,143,124,19
57863,143,124,19
57864,47,45,2
57865,47,45,2
57866,47,45,2
57867,47,45,2
57868,47,45,2
57869,47,45,2
57870,47,45,2
57871,47,45,2
57872,47,45,2
57873,47,45,2
57874,44,40,4
57875,8,4,4
57876,79,66,13
57877,79,66,13
57878,79,66,13
57879,79,66,13
57880,79,66,13
57881,79,66,13
57882,79,66,13
57883,79,66,13
57884,45,41,4
57889,8,8,0
57890,8,8,0
57891,11,11,0
57892,143,124,19
57893,1,1,0
57894,1,1,0
57899,68,60,8
57900,68,60,8
57901,143,124,19
57902,26,21,5
57903,35,23,12
57904,35,23,12
57905,35,23,12
57906,35,23,12
57907,30,25,5
57908,24,19,5
57909,123,96,27
57917,19,18,1
57918,30,25,5
57919,2,0,2
57920,113,80,33
57921,9,7,2
57922,9,7,2
57923,72,49,23
57924,24,19,5
57925,24,19,5
57926,16,5,11
57927,16,5,11
57928,16,5,11
57929,16,5,11
57930,24,19,5
57931,24,19,5
57932,72,49,23
57935,32,24,8
57936,4,4,0
57937,4,4,0
57938,66,29,37
57939,66,29,37
57940,66,29,37
57942,66,29,37
57943,1,1,0
57944,1,1,0
57945,1,1,0
57946,1,1,0
57947,1,1,0
57948,1,1,0
57949,1,1,0
57950,1,1,0
57952,48,36,12
57953,8,7,1
57954,14,10,4
57955,14,10,4
57956,14,10,4
57957,8,7,1
57958,15,15,0
57959,11,10,1
57960,66,29,37
57961,66,29,37
57962,7,7,0
57963,7,7,0
57964,48,36,12
57965,38,30,8
57966,16,6,10
57967,4,1,3
57968,8,6,2
57969,8,5,3
57970,38,30,8
57971,3,3,0
57972,38,30,8
57973,12,7,5
57974,48,36,12
57975,48,36,12
57976,48,36,12
57977,48,36,12
57978,48,36,12
57979,48,36,12
57981,48,36,12
57982,48,36,12
57983,113,80,33
57985,113,80,33
57986,74,71,3
57993,72,49,23
57994,72,49,23
57995,13,11,2
57996,13,11,2
57997,13,11,2
57998,13,11,2
57999,6,6,0
58000,6,6,0
58001,74,71,3
58002,11,11,0
58003,11,11,0
58006,11,11,0
58011,41,19,22
58012,41,19,22
58013,25,18,7
58014,3,2,1
58015,30,24,6
58016,30,24,6
58017,30,24,6
58018,21,16,5
58019,41,19,22
58020,21,15,6
58021,41,36,5
58022,7,7,0
58023,11,11,0
58024,4,4,0
58025,6,6,0
58027,6,6,0
58028,41,19,22
58029,41,19,22
58030,3,3,0
58031,3,2,1
58032,7,4,3
58033,41,36,5
58034,41,36,5
58035,41,36,5
58036,41,36,5
58041,32,25,7
58042,7,4,3
58043,47,33,14
58044,47,33,14
58045,47,33,14
58046,47,33,14
58069,44,37,7
58070,44,37,7
58071,32,25,7
58081,32,25,7
58083,67,31,36
58084,67,31,36
58085,15,7,8
58086,15,7,8
58088,15,7,8
58089,15,7,8
58090,67,31,36
58091,54,36,18
58092,14,12,2
58093,14,12,2
58094,14,12,2
58095,14,12,2
58096,14,12,2
58097,11,9,2
58098,2,1,1
58099,13,11,2
58100,13,11,2
58101,67,31,36
58102,67,31,36
58103,54,36,18
58113,20,9,11
58114,8,6,2
58116,9,9,0
58117,34,27,7
58118,21,16,5
58119,22,14,8
58120,22,14,8
58121,5,1,4
58122,5,1,4
58123,22,14,8
58124,22,14,8
58125,22,17,5
58128,23,5,18
58129,23,5,18
58130,23,5,18
58131,16,8,8
58133,23,5,18
58134,23,5,18
58135,6,2,4
58136,16,8,8
58137,22,17,5
58138,21,16,5
58139,16,8,8
58140,16,8,8
58141,16,8,8
58142,16,8,8
58143,16,8,8
58144,16,8,8
58145,16,8,8
58146,16,8,8
58147,12,7,5
58148,54,36,18
58149,54,36,18
58150,54,36,18
58151,54,36,18
58152,54,36,18
58153,54,36,18
58154,54,36,18
58155,54,36,18
58168,113,80,33
58170,113,80,33
58171,113,80,33
58172,113,80,33
58173,50,36,14
58174,50,36,14
58178,50,36,14
58210,3,0,3
58211,3,0,3
58216,113,80,33
58217,113,80,33
58229,1,1,0
58230,1,1,0
58231,33,24,9
58232,8,4,4
58233,43,32,11
58234,43,32,11
58235,43,32,11
58236,43,32,11
58237,35,28,7
58238,33,24,9
58239,33,24,9
58240,32,24,8
58241,33,24,9
58242,74,71,3
58243,74,71,3
58244,74,71,3
58245,72,49,23
58246,72,49,23
58247,77,69,8
58248,77,69,8
58249,14,10,4
58250,14,10,4
58251,9,9,0
58252,9,9,0
58253,9,9,0
58254,9,9,0
58261,82,70,12
58262,82,70,12
58263,180,140,40
58264,180,140,40
58265,3,1,2
58266,3,1,2
58267,20,16,4
58268,20,16,4
58269,29,17,12
58270,21,17,4
58271,24,21,3
58272,24,21,3
58273,24,21,3
58274,23,19,4
58275,32,9,23
58276,32,9,23
58277,49,46,3
58278,49,46,3
58279,49,46,3
58280,49,46,3
58283,2,0,2
58284,16,11,5
58285,16,11,5
58286,1,1,0
58288,1,1,0
58307,61,48,13
58308,61,48,13
58309,16,9,7
58310,14,8,6
58311,14,8,6
58312,14,8,6
58313,11,7,4
58314,6,3,3
58315,6,3,3
58316,35,16,19
58319,35,16,19
58320,13,9,4
58321,6,5,1
58322,7,6,1
58323,7,6,1
58324,6,5,1
58325,35,16,19
58326,4,2,2
58327,4,4,0
58328,4,4,0
58330,18,14,4
58331,11,7,4
58332,9,5,4
58333,13,9,4
58334,13,9,4
58335,13,9,4
58336,13,9,4
58337,13,9,4
58338,13,9,4
58339,3,1,2
58340,4,0,4
58341,4,0,4
58343,3,1,2
58344,3,3,0
58345,48,42,6
58346,13,13,0
58347,13,13,0
58348,43,31,12
58349,43,31,12
58350,9,8,1
58352,9,8,1
58353,5,1,4
58354,7,7,0
58355,7,7,0
58356,58,27,31
58357,58,27,31
58358,58,27,31
58359,32,24,8
58360,51,39,12
58361,51,39,12
58362,51,39,12
58363,51,39,12
58364,33,26,7
58365,6,4,2
58366,89,63,26
58367,89,63,26
58368,89,63,26
58369,82,63,19
58370,10,10,0
58371,16,16,0
58372,16,16,0
58373,16,16,0
58374,10,10,0
58375,8,8,0
58376,8,8,0
58377,89,63,26
58378,89,63,26
58379,19,15,4
58380,9,9,0
58381,9,9,0
58382,9,9,0
58383,9,9,0
58384,7,7,0
58385,82,63,19
58386,82,63,19
58387,41,36,5
58388,44,33,11
58389,22,10,12
58390,82,63,19
58391,82,63,19
58392,82,63,19
58393,82,63,19
58394,14,8,6
58395,14,8,6
58396,14,8,6
58397,14,9,5
58401,24,9,15
58402,24,9,15
58403,24,9,15
58404,14,8,6
58407,24,9,15
58408,24,9,15
58415,14,8,6
58416,3,0,3
58417,14,8,6
58418,23,16,7
58419,10,7,3
58420,7,5,2
58421,23,13,10
58428,58,27,31
58429,49,33,16
58430,15,14,1
58431,67,59,8
58432,67,59,8
58433,67,59,8
58434,49,38,11
58435,49,38,11
58436,12,10,2
58437,12,10,2
58438,8,1,7
58439,102,75,27
58440,102,75,27
58441,102,75,27
58442,119,110,9
58443,12,12,0
58444,25,25,0
58445,25,25,0
58446,7,7,0
58447,102,75,27
58448,102,75,27
58449,26,22,4
58450,10,7,3
58451,11,9,2
58452,39,31,8
58453,39,31,8
58454,25,17,8
58455,25,17,8
58456,15,15,0
58457,15,15,0
58458,22,15,7
58459,119,110,9
58460,119,110,9
58461,119,110,9
58462,119,110,9
58463,119,110,9
58464,119,110,9
58465,142,94,48
58466,27,19,8
58467,61,42,19
58468,61,42,19
58469,56,40,16
58472,61,42,19
58473,61,42,19
58474,26,21,5
58475,26,21,5
58476,26,21,5
58477,26,21,5
58478,12,2,10
58479,26,21,5
58480,26,21,5
58481,26,21,5
58482,4,4,0
58483,4,4,0
58484,4,4,0
58485,4,4,0
58486,26,21,5
58487,18,14,4
58488,18,14,4
58489,18,14,4
58490,18,14,4
58491,19,12,7
58492,51,33,18
58493,51,33,18
58494,51,33,18
58495,38,19,19
58496,51,33,18
58497,27,13,14
58498,27,13,14
58499,2,0,2
58500,2,0,2
58501,38,19,19
58502,17,12,5
58503,17,12,5
58504,17,12,5
58505,7,0,7
58506,17,12,5
58507,38,19,19
58508,38,19,19
58509,38,19,19
58510,16,10,6
58517,16,10,6
58518,21,12,9
58519,21,12,9
58520,16,10,6
58521,51,33,18
58522,51,33,18
58523,51,33,18
58524,33,16,17
58525,1,0,1
58526,1,0,1
58527,1,0,1
58528,51,33,18
58529,51,33,18
58530,33,16,17
58531,33,16,17
58532,33,16,17
58533,33,16,17
58534,33,16,17
58535,58,51,7
58536,58,51,7
58537,24,20,4
58538,1,1,0
58539,5,3,2
58540,1,1,0
58543,7,5,2
58544,7,5,2
58545,7,4,3
58546,7,4,3
58547,3,0,3
58548,7,4,3
58549,9,0,9
58552,9,0,9
58553,8,5,3
58554,8,5,3
58555,24,20,4
58556,1,1,0
58559,17,14,3
58560,17,14,3
58561,20,15,5
58562,20,15,5
58563,20,15,5
58564,20,15,5
58565,6,0,6
58566,20,15,5
58567,20,15,5
58568,20,15,5
58569,2,1,1
58570,2,1,1
58571,24,4,20
58572,8,6,2
58573,9,7,2
58574,9,7,2
58575,9,7,2
58576,24,4,20
58577,9,7,2
58578,8,6,2
58579,8,6,2
58580,20,15,5
58581,20,15,5
58582,11,9,2
58583,11,9,2
58584,11,9,2
58585,10,8,2
58586,20,3,17
58587,20,3,17
58591,9,6,3
58592,2,1,1
58593,2,1,1
58594,10,7,3
58595,20,15,5
58598,60,42,18
58599,60,42,18
58600,17,4,13
58601,20,15,5
58602,78,61,17
58603,19,9,10
58604,19,9,10
58605,10,7,3
58606,12,5,7
58607,12,5,7
58608,12,5,7
58609,10,7,3
58611,8,5,3
58612,8,5,3
58614,19,9,10
58615,4,4,0
58616,4,1,3
58617,4,1,3
58618,4,1,3
58619,4,1,3
58620,8,5,3
58621,123,99,24
58622,123,99,24
58623,123,99,24
58624,123,99,24
58625,65,54,11
58626,142,94,48
58627,142,94,48
58630,52,45,7
58631,52,45,7
58632,142,94,48
58633,108,85,23
58634,13,10,3
58635,23,23,0
58636,23,23,0
58637,108,85,23
58638,51,31,20
58639,51,31,20
58640,51,31,20
58641,17,15,2
58642,4,2,2
58643,71,59,12
58644,12,11,1
58645,12,11,1
58646,78,61,17
58647,18,11,7
58648,108,85,23
58649,108,85,23
58650,108,85,23
58651,108,85,23
58652,108,85,23
58653,108,85,23
58654,108,85,23
58655,108,85,23
58656,108,85,23
58657,108,85,23
58658,142,94,48
58659,6,6,0
58660,1,1,0
58661,1,1,0
58662,6,6,0
58663,5,5,0
58664,5,5,0
58665,13,13,0
58666,13,13,0
58667,13,13,0
58668,3,3,0
58670,3,3,0
58671,3,3,0
58672,3,3,0
58673,3,3,0
58674,3,3,0
58675,3,3,0
58676,3,3,0
58677,180,140,40
58678,180,140,40
58679,180,140,40
58680,180,140,40
58681,41,35,6
58682,60,50,10
58683,60,50,10
58684,4,1,3
58685,4,1,3
58686,60,50,10
58687,37,33,4
58688,123,96,27
58689,123,96,27
58692,123,96,27
58693,21,18,3
58694,21,18,3
58695,112,106,6
58696,23,15,8
58697,12,10,2
58698,29,22,7
58699,2,2,0
58700,2,2,0
58701,44,37,7
58702,20,11,9
58703,16,6,10
58704,16,6,10
58705,16,6,10
58706,16,6,10
58707,3,1,2
58708,3,1,2
58709,4,2,2
58710,20,11,9
58711,58,32,26
58712,58,32,26
58715,42,18,24
58718,12,8,4
58719,12,8,4
58720,21,14,7
58721,21,14,7
58722,21,14,7
58723,21,14,7
58724,21,14,7
58725,21,14,7
58727,21,14,7
58728,21,14,7
58729,29,22,7
58730,27,20,7
58734,5,2,3
58735,5,2,3
58736,49,46,3
58737,49,46,3
58738,49,46,3
58739,49,46,3
58740,17,13,4
58741,93,60,33
58742,58,47,11
58743,10,6,4
58744,18,16,2
58745,19,17,2
58746,19,17,2
58747,19,15,4
58748,19,15,4
58749,3,0,3
58750,3,0,3
58751,19,15,4
58752,23,5,18
58753,23,5,18
58754,17,15,2
58757,17,15,2
58758,18,16,2
58759,17,15,2
58760,17,15,2
58761,17,15,2
58762,17,15,2
58763,17,15,2
58764,17,15,2
58765,17,15,2
58766,17,15,2
58767,58,47,11
58771,10,4,6
58784,10,4,6
58785,15,10,5
58786,15,10,5
58787,17,1,16
58788,17,1,16
58789,17,1,16
58790,16,2,14
58791,17,1,16
58792,17,1,16
58793,16,2,14
58794,16,2,14
58795,16,2,14
58796,16,2,14
58797,16,2,14
58798,16,2,14
58799,16,2,14
58800,16,2,14
58801,6,6,0
58837,139,72,67
58838,139,72,67
58839,139,72,67
58840,139,72,67
58841,6,2,4
58842,139,72,67
58843,139,72,67
58844,139,72,67
58845,42,31,11
58846,42,31,11
58847,22,19,3
58848,42,31,11
58849,10,10,0
58851,10,10,0
58853,5,0,5
58854,5,0,5
58856,35,33,2
58861,67,42,25
58862,67,42,25
58863,67,42,25
58866,14,9,5
58875,36,24,12
58876,3,3,0
58877,36,24,12
58878,27,4,23
58879,27,4,23
58880,27,4,23
58881,22,6,16
58882,10,8,2
58883,11,8,3
58884,11,8,3
58885,11,8,3
58886,11,8,3
58887,10,8,2
58888,22,6,16
58889,14,12,2
58890,3,1,2
58891,11,8,3
58892,11,8,3
58893,27,4,23
58895,7,5,2
58896,15,5,10
58897,8,6,2
58898,15,5,10
58900,12,8,4
58901,12,8,4
58902,12,8,4
58903,10,7,3
58904,19,6,13
58907,19,6,13
58908,11,9,2
58909,2,1,1
58910,10,7,3
58911,8,6,2
58912,8,6,2
58913,27,4,23
58918,12,6,6
58919,27,4,23
58920,4,4,0
58927,5,5,0
58930,5,5,0
58931,5,5,0
58932,3,3,0
58933,4,2,2
58977,67,42,25
58978,67,42,25
58982,34,12,22
58983,34,12,22
58984,23,14,9
58985,23,14,9
58986,17,12,5
58987,34,12,22
58988,34,12,22
58989,12,8,4
58992,12,8,4
58997,43,23,20
58998,43,23,20
58999,43,23,20
59000,43,23,20
59003,25,19,6
59004,25,19,6
59011,11,7,4
59012,11,7,4
59013,2,0,2
59014,2,0,2
59015,2,0,2
59016,2,0,2
59019,28,22,6
59023,28,20,8
59024,28,20,8
59025,28,20,8
59026,28,20,8
59027,27,19,8
59028,27,19,8
59029,3,0,3
59030,3,0,3
59031,27,19,8
59032,44,18,26
59033,44,18,26
59036,44,18,26
59037,50,33,17
59038,8,7,1
59039,7,6,1
59040,7,6,1
59041,7,6,1
59042,7,6,1
59043,8,7,1
59044,10,9,1
59045,1,0,1
59046,7,7,0
59047,7,7,0
59048,44,18,26
59049,44,18,26
59050,8,6,2
59051,8,6,2
59052,50,33,17
59053,17,7,10
59054,2,1,1
59055,30,24,6
59056,28,22,6
59057,8,4,4
59058,50,33,17
59059,50,33,17
59060,50,33,17
59061,50,33,17
59062,50,33,17
59063,50,33,17
59064,50,33,17
59065,50,33,17
59066,35,25,10
59067,12,10,2
59068,12,10,2
59069,7,6,1
59095,12,7,5
59096,24,15,9
59097,18,7,11
59098,18,7,11
59099,52,37,15
59100,18,7,11
59101,18,7,11
59102,12,10,2
59103,12,10,2
59104,9,7,2
59105,9,7,2
59110,52,37,15
59111,18,12,6
59112,18,9,9
59113,18,9,9
59114,18,9,9
59115,18,9,9
59116,22,18,4
59117,17,3,14
59118,17,3,14
59119,39,23,16
59120,17,3,14
59121,5,5,0
59122,5,5,0
59123,15,6,9
59124,16,11,5
59125,6,1,5
59126,39,23,16
59127,39,23,16
59128,39,23,16
59129,48,34,14
59130,48,34,14
59131,1,1,0
59132,48,34,14
59133,48,34,14
59134,7,7,0
59135,7,7,0
59136,12,7,5
59137,6,6,0
59138,2,2,0
59139,5,4,1
59140,3,2,1
59141,6,2,4
59142,12,7,5
59143,49,38,11
59144,49,38,11
59145,2,2,0
59146,14,11,3
59147,14,9,5
59148,14,9,5
59149,14,9,5
59150,12,11,1
59151,4,1,3
59153,4,1,3
59154,9,6,3
59159,9,6,3
59160,12,11,1
59161,1,0,1
59162,3,0,3
59163,9,6,3
59164,9,6,3
59165,9,6,3
59166,9,6,3
59172,1,0,1
59173,1,0,1
59174,15,15,0
59175,65,39,26
59176,19,12,7
59177,4,3,1
59178,4,3,1
59179,18,11,7
59180,18,11,7
59181,18,11,7
59182,18,11,7
59183,17,12,5
59184,64,32,32
59185,64,32,32
59186,24,19,5
59187,6,6,0
59188,6,6,0
59189,3,3,0
59190,64,32,32
59191,9,9,0
59192,26,21,5
59193,15,10,5
59194,65,39,26
59195,6,2,4
59196,24,19,5
59197,24,19,5
59198,24,19,5
59199,24,19,5
59200,6,6,0
59201,6,1,5
59202,6,1,5
59203,6,1,5
59204,6,1,5
59205,6,1,5
59206,6,1,5
59207,1,1,0
59208,1,1,0
59209,3,0,3
59210,3,0,3
59211,18,9,9
59212,6,4,2
59213,6,4,2
59215,139,72,67
59216,5,1,4
59217,5,1,4
59218,139,72,67
59219,14,10,4
59220,74,49,25
59228,38,30,8
59232,28,26,2
59233,28,26,2
59234,4,0,4
59235,4,0,4
59238,28,26,2
59239,28,26,2
59241,65,52,13
59247,5,2,3
59248,5,2,3
59250,13,10,3
59251,13,10,3
59252,13,10,3
59255,46,34,12
59256,46,34,12
59259,14,12,2
59260,2,2,0
59261,2,2,0
59262,9,9,0
59263,9,9,0
59264,9,9,0
59265,9,9,0
59266,3,3,0
59267,3,3,0
59268,18,17,1
59269,3,3,0
59270,1,1,0
59271,1,1,0
59272,18,17,1
59273,3,0,3
59274,14,12,2
59275,18,17,1
59276,65,52,13
59277,5,2,3
59290,5,2,3
59300,4,4,0
59315,4,4,0
59316,9,6,3
59317,9,6,3
59319,9,6,3
59320,3,0,3
59321,3,0,3
59323,23,17,6
59324,29,21,8
59325,11,8,3
59326,29,21,8
59327,29,21,8
59328,31,26,5
59329,23,17,6
59330,61,39,22
59331,61,39,22
59332,61,39,22
59333,68,57,11
59334,2,2,0
59335,61,39,22
59336,61,39,22
59337,10,8,2
59338,10,8,2
59339,10,8,2
59340,10,8,2
59341,6,5,1
59342,6,5,1
59343,68,57,11
59344,8,2,6
59347,68,57,11
59348,68,57,11
59349,68,57,11
59350,68,57,11
59353,15,8,7
59354,2,0,2
59355,2,0,2
59356,15,8,7
59358,14,9,5
59359,18,7,11
59360,18,7,11
59361,18,7,11
59362,14,9,5
59363,18,7,11
59364,18,7,11
59365,14,9,5
59366,14,9,5
59367,14,9,5
59368,14,9,5
59369,14,9,5
59370,14,14,0
59371,27,21,6
59372,33,28,5
59373,37,31,6
59374,59,38,21
59375,59,38,21
59376,59,38,21
59377,69,60,9
59378,4,4,0
59379,59,38,21
59380,13,4,9
59381,13,4,9
59382,25,20,5
59383,25,20,5
59384,5,5,0
59385,5,5,0
59387,5,5,0
59388,25,20,5
59389,25,20,5
59394,59,38,21
59395,69,60,9
59396,69,60,9
59397,69,60,9
59398,69,60,9
59399,69,60,9
59400,69,60,9
59401,69,60,9
59402,69,60,9
59403,41,39,2
59404,41,39,2
59405,41,39,2
59406,41,39,2
59407,43,30,13
59408,113,59,54
59409,36,28,8
59410,42,35,7
59411,42,35,7
59412,42,35,7
59413,41,35,6
59414,41,35,6
59415,10,7,3
59416,41,35,6
59418,77,51,26
59419,77,51,26
59424,77,51,26
59425,85,78,7
59426,6,6,0
59427,77,51,26
59428,77,51,26
59429,9,4,5
59430,9,4,5
59431,15,15,0
59432,85,78,7
59433,38,33,5
59434,38,33,5
59435,10,10,0
59436,10,10,0
59437,38,33,5
59438,38,33,5
59439,13,13,0
59440,10,10,0
59441,10,10,0
59443,9,9,0
59444,7,7,0
59445,10,10,0
59446,7,7,0
59447,7,7,0
59448,7,7,0
59449,7,7,0
59450,7,7,0
59451,7,7,0
59452,27,22,5
59453,5,0,5
59454,1,0,1
59456,12,12,0
59467,5,5,0
59470,5,5,0
59472,5,5,0
59476,12,12,0
59477,6,6,0
59478,6,6,0
59479,1,0,1
59480,85,78,7
59481,85,78,7
59482,85,78,7
59483,85,78,7
59484,85,78,7
59485,85,78,7
59486,85,78,7
59487,85,78,7
59488,113,59,54
59489,47,32,15
59490,47,32,15
59491,2,1,1
59492,2,1,1
59493,47,32,15
59494,47,32,15
59495,7,7,0
59496,7,7,0
59498,26,21,5
59499,113,59,54
59500,47,32,15
59501,74,56,18
59502,74,56,18
59503,4,4,0
59504,4,4,0
59506,8,3,5
59511,35,23,12
59512,6,6,0
59513,6,6,0
59514,35,23,12
59515,38,22,16
59516,38,22,16
59518,10,3,7
59520,10,3,7
59521,4,3,1
59522,4,3,1
59523,5,0,5
59524,6,4,2
59526,38,22,16
59527,38,22,16
59528,3,3,0
59529,3,3,0
59530,17,14,3
59531,19,15,4
59532,19,15,4
59533,19,15,4
59534,22,19,3
59535,24,4,20
59538,24,4,20
59539,9,6,3
59543,24,4,20
59544,9,6,3
59546,3,0,3
59547,9,6,3
59548,9,6,3
59549,9,6,3
59550,9,6,3
59551,9,6,3
59552,9,6,3
59553,9,6,3
59554,9,6,3
59555,7,3,4
59556,2,0,2
59557,2,0,2
59559,2,0,2
59560,2,0,2
59561,7,3,4
59564,10,6,4
59568,28,6,22
59569,28,6,22
59572,21,7,14
59573,4,0,4
59574,28,6,22
59575,28,6,22
59576,21,7,14
59577,5,0,5
59578,21,7,14
59579,21,7,14
59580,21,7,14
59581,21,7,14
59582,21,7,14
59583,21,7,14
59584,21,7,14
59585,17,10,7
59588,22,12,10
59589,22,12,10
59590,22,12,10
59591,22,12,10
59592,7,4,3
59593,7,4,3
59594,7,4,3
59595,4,4,0
59596,31,17,14
59597,68,39,29
59607,3,3,0
59608,3,3,0
59613,6,5,1
59614,6,5,1
59615,68,39,29
59616,19,14,5
59617,24,14,10
59618,24,14,10
59619,24,14,10
59620,24,14,10
59621,19,14,5
59622,30,27,3
59623,4,3,1
59624,4,3,1
59625,35,31,4
59626,35,31,4
59627,35,31,4
59628,35,31,4
59629,28,27,1
59630,28,27,1
59631,30,25,5
59634,30,25,5
59635,49,42,7
59636,8,7,1
59637,5,5,0
59638,5,5,0
59639,5,5,0
59640,8,7,1
59641,6,6,0
59642,30,25,5
59643,14,12,2
59644,14,12,2
59645,14,12,2
59646,14,12,2
59647,12,9,3
59648,12,9,3
59649,49,42,7
59651,11,2,9
59652,26,25,1
59653,6,4,2
59654,32,19,13
59657,29,26,3
59658,29,26,3
59659,12,8,4
59660,49,42,7
59661,49,42,7
59662,49,42,7
59663,49,42,7
59664,49,42,7
59665,49,42,7
59666,49,42,7
59668,5,5,0
59669,5,5,0
59681,3,1,2
59682,3,1,2
59683,4,0,4
59684,4,0,4
59685,3,1,2
59686,3,1,2
59687,14,10,4
59688,14,10,4
59704,2,2,0
59706,17,5,12
59707,9,2,7
59708,2,0,2
59709,8,8,0
59710,8,0,8
59711,8,0,8
59712,8,0,8
59713,8,0,8
59717,17,5,12
59718,9,2,7
59719,9,2,7
59720,9,2,7
59721,9,2,7
59722,9,2,7
59723,9,2,7
59724,9,2,7
59725,5,4,1
59726,12,10,2
59727,5,4,1
59728,2,1,1
59729,2,1,1
59730,17,16,1
59731,18,17,1
59732,19,16,3
59733,19,16,3
59734,2,0,2
59735,2,0,2
59738,24,0,24
59739,6,5,1
59740,17,16,1
59741,6,5,1
59742,6,5,1
59743,6,5,1
59744,6,5,1
59745,6,5,1
59746,6,5,1
59747,6,5,1
59748,6,5,1
59749,6,5,1
59750,6,5,1
59751,6,5,1
59752,6,5,1
59753,55,38,17
59754,55,38,17
59755,74,49,25
59756,2,0,2
59757,2,0,2
59758,7,3,4
59759,8,3,5
59760,6,4,2
59761,8,3,5
59762,3,1,2
59763,7,3,4
59764,7,5,2
59765,7,5,2
59766,7,5,2
59767,8,4,4
59768,8,4,4
59769,3,0,3
59770,3,0,3
59771,8,4,4
59772,15,5,10
59775,15,5,10
59776,8,6,2
59777,7,3,4
59783,7,4,3
59785,7,5,2
59786,7,5,2
59787,9,2,7
59788,21,16,5
59791,20,14,6
59792,20,14,6
59793,20,14,6
59794,20,14,6
59795,22,17,5
59798,22,2,20
59799,22,2,20
59800,22,2,20
59801,16,8,8
59806,22,2,20
59807,22,2,20
59808,16,8,8
59809,11,1,10
59810,2,1,1
59811,23,17,6
59812,9,2,7
59813,21,16,5
59814,4,0,4
59815,16,8,8
59816,16,8,8
59817,16,8,8
59818,16,8,8
59819,16,8,8
59820,16,8,8
59821,16,8,8
59822,16,8,8
59823,3,3,0
59824,3,3,0
59825,8,8,0
59826,14,13,1
59827,14,14,0
59828,71,64,7
59846,4,3,1
59847,71,64,7
59848,71,64,7
59849,45,33,12
59850,45,33,12
59851,64,32,32
59852,64,32,32
59853,18,15,3
59854,30,23,7
59855,30,23,7
59856,30,23,7
59857,30,23,7
59858,21,18,3
59859,28,12,16
59860,3,3,0
59861,3,3,0
59862,28,12,16
59863,32,29,3
59864,1,1,0
59865,1,1,0
59866,28,12,16
59867,7,7,0
59868,7,7,0
59869,7,7,0
59870,7,7,0
59871,7,7,0
59872,32,29,3
59873,2,1,1
59874,22,18,4
59875,18,15,3
59876,8,4,4
59877,32,29,3
59878,32,29,3
59879,32,29,3
59880,32,29,3
59881,1,1,0
59882,1,1,0
59883,1,1,0
59884,10,3,7
59886,2,2,0
59888,2,2,0
59899,11,6,5
59900,24,18,6
59901,24,18,6
59902,40,25,15
59903,40,25,15
59904,40,25,15
59905,33,28,5
59906,4,4,0
59907,40,25,15
59908,40,25,15
59909,7,7,0
59910,7,7,0
59911,7,7,0
59912,7,7,0
59913,10,10,0
59914,10,10,0
59915,10,10,0
59916,10,10,0
59917,8,6,2
59918,33,28,5
59919,33,28,5
59920,59,36,23
59921,59,36,23
59922,59,36,23
59923,59,36,23
59924,59,36,23
59925,59,36,23
59926,33,12,21
59927,18,12,6
59928,22,14,8
59929,22,14,8
59930,22,14,8
59931,22,14,8
59932,18,12,6
59933,33,12,21
59934,14,11,3
59935,4,2,2
59936,5,1,4
59937,15,11,4
59938,15,11,4
59939,59,36,23
59940,59,36,23
59941,26,14,12
59942,59,36,23
59943,27,15,12
59944,19,9,10
59945,27,15,12
59968,102,75,27
59971,102,75,27
59990,36,26,10
59992,4,2,2
59993,40,27,13
59994,40,27,13
59995,3,0,3
59996,3,0,3
59997,40,27,13
59999,40,27,13
60000,38,30,8
60001,38,30,8
60002,7,4,3
60003,7,4,3
60004,38,30,8
60005,6,4,2
60006,66,29,37
60009,66,29,37
60010,56,33,23
60011,11,10,1
60012,9,9,0
60013,9,9,0
60014,9,9,0
60015,9,9,0
60016,11,10,1
60017,11,11,0
60018,10,10,0
60019,10,10,0
60021,9,9,0
60023,9,9,0
60024,9,9,0
60025,66,29,37
60026,40,27,13
60027,40,27,13
60028,12,6,6
60029,16,14,2
60030,16,14,2
60031,7,6,1
60032,7,6,1
60033,7,6,1
60034,7,6,1
60035,34,25,9
60036,56,33,23
60037,17,3,14
60038,17,3,14
60039,17,3,14
60047,9,7,2
60053,3,2,1
60055,33,26,7
60056,11,11,0
60057,4,2,2
60058,36,26,10
60059,14,6,8
60060,56,33,23
60061,56,33,23
60062,56,33,23
60063,56,33,23
60064,56,33,23
60065,56,33,23
60066,56,33,23
60067,56,33,23
60068,56,33,23
60069,56,33,23
60070,67,52,15
60077,30,24,6
60080,9,9,0
60091,119,100,19
60092,119,100,19
60093,69,54,15
60094,8,7,1
60095,2,1,1
60096,5,5,0
60097,5,5,0
60098,5,5,0
60099,7,7,0
60100,12,12,0
60106,12,12,0
60107,69,54,15
60108,12,8,4
60109,12,12,0
60110,12,12,0
60111,12,12,0
60112,9,9,0
60120,40,35,5
60121,40,35,5
60122,6,4,2
60124,6,4,2
60125,5,3,2
60126,5,3,2
60139,12,8,4
60140,12,8,4
60142,209,166,43
60143,209,166,43
60144,27,23,4
60145,45,36,9
60146,20,18,2
60147,20,18,2
60148,45,36,9
60149,30,24,6
60150,30,24,6
60151,30,24,6
60152,8,2,6
60153,30,24,6
60154,30,24,6
60155,69,34,35
60156,22,20,2
60157,22,20,2
60167,69,34,35
60168,70,54,16
60172,24,20,4
60174,10,0,10
60175,10,0,10
60177,19,15,4
60178,1,0,1
60179,1,0,1
60180,16,14,2
60181,16,14,2
60182,17,15,2
60183,18,0,18
60184,18,0,18
60185,10,6,4
60192,10,6,4
60193,18,14,4
60194,18,14,4
60195,10,6,4
60196,10,6,4
60197,10,6,4
60198,10,6,4
60199,10,6,4
60200,10,6,4
60201,10,6,4
60202,10,6,4
60203,24,20,4
60205,12,4,8
60220,12,4,8
60221,83,68,15
60222,83,68,15
60223,83,68,15
60224,83,68,15
60225,83,68,15
60226,83,68,15
60227,22,20,2
60228,22,20,2
60229,15,13,2
60230,15,13,2
60245,5,2,3
60246,70,54,16
60247,70,54,16
60248,70,54,16
60249,70,54,16
60250,70,54,16
60251,209,166,43
60252,209,166,43
60253,41,37,4
60254,41,37,4
60255,2,2,0
60256,2,2,0
60257,4,2,2
60258,11,11,0
60259,11,11,0
60260,9,6,3
60262,9,6,3
60263,2,0,2
60264,2,0,2
60265,19,17,2
60266,19,17,2
60267,3,3,0
60268,3,3,0
60269,3,3,0
60270,3,3,0
60277,3,3,0
60278,3,3,0
60279,77,64,13
60280,77,64,13
60281,77,64,13
60282,77,64,13
60283,77,64,13
60284,77,64,13
60285,77,64,13
60286,17,14,3
60287,17,14,3
60288,17,14,3
60289,13,10,3
60290,13,10,3
60291,13,10,3
60292,5,0,5
60293,5,0,5
60294,13,10,3
60295,13,10,3
60302,15,12,3
60303,3,1,2
60304,13,11,2
60305,13,11,2
60307,214,158,56
60308,51,45,6
60309,59,52,7
60310,59,52,7
60311,59,52,7
60312,59,52,7
60313,135,97,38
60314,135,97,38
60315,119,103,16
60316,22,22,0
60317,35,33,2
60318,35,33,2
60319,35,33,2
60320,22,22,0
60321,8,8,0
60322,8,8,0
60323,19,19,0
60324,135,97,38
60325,11,9,2
60326,11,9,2
60328,11,9,2
60329,28,22,6
60330,28,22,6
60331,119,103,16
60332,19,9,10
60333,10,9,1
60334,40,36,4
60335,20,15,5
60336,119,103,16
60337,119,103,16
60338,119,103,16
60339,119,103,16
60340,119,103,16
60341,119,103,16
60342,119,103,16
60343,119,103,16
60344,103,77,26
60345,200,128,72
60346,52,43,9
60347,52,43,9
60348,8,2,6
60349,17,6,11
60354,13,10,3
60355,13,10,3
60356,13,10,3
60358,14,10,4
60359,12,7,5
60360,13,8,5
60361,13,8,5
60362,14,8,6
60363,14,8,6
60364,2,0,2
60368,15,1,14
60369,15,1,14
60370,15,1,14
60371,9,4,5
60374,15,1,14
60375,15,1,14
60376,9,4,5
60378,12,7,5
60379,9,4,5
60380,9,4,5
60381,9,4,5
60382,9,4,5
60383,9,6,3
60384,1,0,1
60385,1,0,1
60386,1,0,1
60411,137,121,16
60412,59,52,7
60413,59,52,7
60414,11,5,6
60416,11,5,6
60417,137,121,16
60451,18,18,0
60452,18,18,0
60453,3,3,0
60455,3,3,0
60457,18,18,0
60458,18,18,0
60459,20,20,0
60460,20,20,0
60462,2,2,0
60463,20,20,0
60464,20,20,0
60487,6,5,1
60488,6,5,1
60497,24,21,3
60498,24,21,3
60499,7,5,2
60500,7,5,2
60501,13,10,3
60502,13,9,4
60503,13,9,4
60509,13,12,1
60510,13,12,1
60511,13,12,1
60512,5,1,4
60513,13,12,1
60528,30,28,2
60529,3,1,2
60530,30,28,2
60533,28,20,8
60534,34,27,7
60535,127,99,28
60536,127,99,28
60537,91,79,12
60538,127,99,28
60539,5,5,0
60540,6,6,0
60541,91,79,12
60542,91,79,12
60543,91,79,12
60544,91,79,12
60545,91,79,12
60546,91,79,12
60547,54,49,5
60548,54,49,5
60549,54,49,5
60550,54,49,5
60551,54,49,5
60552,54,49,5
60553,37,20,17
60554,49,35,14
60555,49,35,14
60556,36,25,11
60557,10,6,4
60558,10,6,4
60559,126,101,25
60560,126,101,25
60562,126,101,25
60563,71,56,15
60564,7,6,1
60565,14,12,2
60566,7,6,1
60567,126,101,25
60568,126,101,25
60569,62,50,12
60570,4,3,1
60571,39,25,14
60572,6,4,2
60573,8,3,5
60574,71,56,15
60575,71,56,15
60576,71,56,15
60577,86,64,22
60578,214,158,56
60579,128,110,18
60580,66,29,37
60581,66,29,37
60582,209,166,43
60583,209,166,43
60584,209,166,43
60585,116,88,28
60586,116,88,28
60587,209,166,43
60588,12,12,0
60589,12,12,0
60590,120,89,31
60591,44,35,9
60594,8,5,3
60596,2,0,2
60597,2,0,2
60598,8,5,3
60599,3,1,2
60600,71,64,7
60602,12,9,3
60604,6,6,0
60605,6,6,0
60606,6,6,0
60607,6,6,0
60608,26,16,10
60609,26,16,10
60610,3,1,2
60611,3,1,2
60612,2,0,2
60613,91,77,14
60616,17,14,3
60617,17,14,3
60620,9,7,2
60621,9,7,2
60622,5,3,2
60623,34,29,5
60624,35,30,5
60625,35,30,5
60626,35,30,5
60627,32,27,5
60628,75,60,15
60629,75,60,15
60630,75,60,15
60631,76,71,5
60632,17,17,0
60633,75,60,15
60634,75,60,15
60635,8,7,1
60636,8,7,1
60637,8,7,1
60638,8,7,1
60639,13,13,0
60640,13,13,0
60641,76,71,5
60642,76,71,5
60643,76,71,5
60644,76,71,5
60645,76,70,6
60646,24,19,5
60647,24,19,5
60648,24,19,5
60649,24,19,5
60650,83,67,16
60651,83,67,16
60652,48,40,8
60653,28,21,7
60654,90,70,20
60655,24,20,4
60656,24,20,4
60657,83,67,16
60658,83,67,16
60659,3,3,0
60660,22,22,0
60661,90,70,20
60662,50,43,7
60663,8,6,2
60664,8,6,2
60665,51,47,4
60666,51,47,4
60667,51,47,4
60668,51,47,4
60669,43,36,7
60670,43,36,7
60671,43,36,7
60672,12,7,5
60673,12,7,5
60674,12,7,5
60675,12,7,5
60676,43,36,7
60677,43,36,7
60678,89,63,26
60681,89,63,26
60682,74,71,3
60683,12,12,0
60684,19,19,0
60685,19,19,0
60686,19,19,0
60687,19,19,0
60688,12,12,0
60689,10,9,1
60690,3,2,1
60691,3,1,2
60692,11,10,1
60693,11,10,1
60694,89,63,26
60695,8,8,0
60696,8,8,0
60697,8,8,0
60698,14,14,0
60699,14,14,0
60700,14,14,0
60701,74,71,3
60702,74,71,3
60703,39,36,3
60704,39,36,3
60705,4,2,2
60706,50,43,7
60707,15,11,4
60708,74,71,3
60709,74,71,3
60710,74,71,3
60711,74,71,3
60712,74,71,3
60713,74,71,3
60714,74,71,3
60715,74,71,3
60716,76,70,6
60717,90,70,20
60718,90,70,20
60719,90,70,20
60720,145,109,36
60721,145,109,36
60722,9,7,2
60723,90,80,10
60724,59,53,6
60725,64,56,8
60726,109,87,22
60727,13,9,4
60728,13,9,4
60729,7,3,4
60730,7,3,4
60732,7,3,4
60733,7,3,4
60735,13,9,4
60736,13,9,4
60737,52,47,5
60738,17,16,1
60739,17,16,1
60740,121,112,9
60741,24,21,3
60742,24,21,3
60743,104,79,25
60745,104,79,25
60746,47,38,9
60747,104,79,25
60748,14,8,6
60749,121,112,9
60750,22,16,6
60751,22,16,6
60752,22,16,6
60753,22,16,6
60754,22,16,6
60755,22,16,6
60756,90,80,10
60757,160,116,44
60758,160,116,44
60759,69,51,18
60766,74,56,18
60767,74,56,18
60768,26,17,9
60769,26,17,9
60772,26,17,9
60773,26,17,9
60776,5,1,4
60779,74,56,18
60780,74,56,18
60783,69,51,18
60784,9,6,3
60785,9,6,3
60786,9,6,3
60787,3,0,3
60790,14,9,5
60791,42,24,18
60792,5,1,4
60793,42,24,18
60794,5,1,4
60795,5,1,4
60796,5,1,4
60797,5,1,4
60798,5,1,4
60799,5,1,4
60800,5,1,4
60801,5,1,4
60802,160,116,44
60803,2,2,0
60805,2,2,0
60808,8,1,7
60809,160,116,44
60810,112,86,26
60811,1,0,1
60813,112,86,26
60814,42,34,8
60815,42,34,8
60816,2,0,2
60817,20,18,2
60818,20,18,2
60819,20,18,2
60820,20,18,2
60821,39,29,10
60822,39,29,10
60831,10,5,5
60832,10,5,5
60837,74,56,18
60838,160,116,44
60839,160,116,44
60843,19,19,0
60844,7,5,2
60846,59,49,10
60847,59,49,10
60851,9,2,7
60852,9,2,7
60853,6,4,2
60854,6,4,2
60855,6,4,2
60856,60,49,11
60857,60,49,11
60858,59,49,10
60859,59,49,10
60860,11,11,0
60861,11,11,0
60862,12,12,0
60863,12,12,0
60864,60,49,11
60866,23,23,0
60867,15,15,0
60868,33,33,0
60869,33,33,0
60870,33,33,0
60871,33,33,0
60872,33,33,0
60873,33,33,0
60874,33,33,0
60875,33,33,0
60876,60,49,11
60877,59,49,10
60878,14,12,2
60879,1,0,1
60880,1,0,1
60881,12,11,1
60882,12,11,1
60883,12,11,1
60884,12,10,2
60885,12,10,2
60886,3,0,3
60887,3,0,3
60888,12,10,2
60889,7,6,1
60890,7,6,1
60891,7,6,1
60892,26,26,0
60896,7,6,1
60897,26,26,0
60898,11,11,0
60902,11,11,0
60903,12,12,0
60904,59,49,10
60905,3,0,3
60906,26,26,0
60907,1,0,1
60908,37,30,7
60912,12,9,3
60913,12,9,3
60914,2,0,2
60936,23,16,7
60937,24,16,8
60938,24,16,8
60939,24,16,8
60940,24,16,8
60941,24,16,8
60942,24,16,8
60944,184,140,44
60945,184,140,44
60950,2,2,0
60951,2,2,0
60952,3,3,0
60955,3,3,0
60957,48,42,6
60975,19,14,5
60976,11,2,9
60977,11,2,9
60978,13,8,5
60979,12,7,5
60981,12,7,5
60982,12,7,5
60983,13,8,5
60984,11,2,9
60985,13,8,5
60986,14,9,5
60987,11,2,9
60988,11,2,9
60989,14,9,5
60990,14,9,5
60991,4,1,3
60992,4,1,3
60993,5,3,2
60994,5,3,2
60995,5,0,5
60996,4,2,2
60997,5,0,5
61000,4,2,2
61001,4,1,3
61004,12,11,1
61005,12,11,1
61006,9,7,2
61007,9,7,2
61008,5,1,4
61009,8,6,2
61010,8,6,2
61014,8,6,2
61015,8,6,2
61016,9,7,2
61017,9,7,2
61018,38,35,3
61021,38,35,3
61022,96,79,17
61023,96,79,17
61024,122,118,4
61025,122,118,4
61026,16,15,1
61027,16,15,1
61028,102,94,8
61029,3,3,0
61032,4,2,2
61033,4,2,2
61037,26,24,2
61041,9,9,0
61042,4,2,2
61043,9,9,0
61044,4,2,2
61045,4,2,2
61046,4,2,2
61047,4,2,2
61048,4,2,2
61049,4,2,2
61050,4,2,2
61054,26,24,2
61058,26,24,2
61059,26,24,2
61060,12,12,0
61061,50,44,6
61062,50,44,6
61063,56,52,4
61064,56,52,4
61065,121,97,24
61066,45,41,4
61067,29,23,6
61068,88,70,18
61069,6,6,0
61070,6,6,0
61071,6,6,0
61072,27,15,12
61073,7,5,2
61074,121,97,24
61075,86,72,14
61076,86,72,14
61077,86,72,14
61078,86,72,14
61079,86,72,14
61080,86,72,14
61081,86,72,14
61082,86,72,14
61084,109,96,13
61085,9,9,0
61086,12,12,0
61087,12,12,0
61088,75,57,18
61089,10,9,1
61090,10,9,1
61093,103,80,23
61094,103,80,23
61095,103,80,23
61096,14,7,7
61097,14,7,7
61099,72,52,20
61100,72,52,20
61101,72,52,20
61102,41,24,17
61103,41,24,17
61104,41,24,17
61105,6,0,6
61106,6,0,6
61107,6,0,6
61108,6,0,6
61109,6,0,6
61110,6,0,6
61111,6,0,6
61112,6,0,6
61113,19,2,17
61114,5,4,1
61115,7,6,1
61116,7,6,1
61118,5,4,1
61119,5,4,1
61120,6,0,6
61121,6,0,6
61122,7,5,2
61123,7,5,2
61124,7,5,2
61125,7,5,2
61126,19,1,18
61127,19,1,18
61128,7,5,2
61129,9,7,2
61130,6,0,6
61131,72,52,20
61132,72,52,20
61133,6,0,6
61134,3,3,0
61135,46,36,10
61136,46,36,10
61139,31,23,8
61140,40,29,11
61141,40,29,11
61142,40,29,11
61143,40,29,11
61144,42,26,16
61145,78,43,35
61146,78,43,35
61171,78,43,35
61172,53,38,15
61173,12,12,0
61174,16,13,3
61175,16,13,3
61176,16,13,3
61177,16,13,3
61178,12,12,0
61179,12,11,1
61180,12,12,0
61181,12,12,0
61182,3,2,1
61183,4,2,2
61184,13,11,2
61185,13,11,2
61186,78,43,35
61187,78,43,35
61197,5,3,2
61198,5,3,2
61201,53,38,15
61202,8,6,2
61203,1,0,1
61204,5,5,0
61205,5,5,0
61213,5,5,0
61214,5,5,0
61215,19,9,10
61216,11,7,4
61217,2,0,2
61218,39,32,7
61219,39,32,7
61220,39,32,7
61221,3,1,2
61222,31,23,8
61223,9,4,5
61224,53,38,15
61225,53,38,15
61226,53,38,15
61227,53,38,15
61228,53,38,15
61229,53,38,15
61233,53,38,15
61234,53,38,15
61235,184,137,47
61236,184,137,47
61237,184,137,47
61238,21,13,8
61239,21,13,8
61240,184,137,47
61241,168,141,27
61242,31,24,7
61243,31,24,7
61244,31,24,7
61245,10,8,2
61246,184,137,47
61247,184,137,47
61248,168,141,27
61263,4,1,3
61264,4,1,3
61286,103,81,22
61290,16,14,2
61293,5,1,4
61294,5,1,4
61295,5,1,4
61296,5,1,4
61297,5,1,4
61298,5,1,4
61299,5,1,4
61300,13,1,12
61301,13,1,12
61302,4,2,2
61303,5,1,4
61304,5,1,4
61305,5,1,4
61306,1,1,0
61307,1,1,0
61309,3,2,1
61310,3,2,1
61311,3,2,1
61312,5,4,1
61313,18,2,16
61314,5,4,1
61315,5,1,4
61318,13,11,2
61319,66,53,13
61320,38,32,6
61321,7,6,1
61322,3,2,1
61323,3,2,1
61324,65,52,13
61325,65,52,13
61326,5,5,0
61327,14,10,4
61328,14,10,4
61329,14,10,4
61330,3,3,0
61331,3,3,0
61332,3,3,0
61333,3,3,0
61334,164,99,65
61335,9,4,5
61344,9,4,5
61345,17,11,6
61346,168,141,27
61347,168,141,27
61348,168,141,27
61349,168,141,27
61350,1,0,1
61351,1,1,0
61352,1,1,0
61354,1,1,0
61355,1,1,0
61386,4,1,3
61394,4,2,2
61412,106,81,25
61413,40,28,12
61414,40,28,12
61416,73,66,7
61417,73,66,7
61420,73,66,7
61421,73,66,7
61422,40,28,12
61423,40,28,12
61424,13,8,5
61425,13,8,5
61426,5,2,3
61427,13,8,5
61439,13,9,4
61440,13,9,4
61441,7,6,1
61442,7,6,1
61445,10,2,8
61446,10,2,8
61447,10,2,8
61450,1,0,1
61451,10,6,4
61452,10,6,4
61453,10,6,4
61454,10,6,4
61455,10,6,4
61456,10,6,4
61457,10,6,4
61458,10,6,4
61459,37,26,11
61460,2,2,0
61461,2,2,0
61462,56,45,11
61463,56,45,11
61465,69,61,8
61466,5,5,0
61467,5,5,0
61468,56,45,11
61469,56,45,11
61470,42,35,7
61471,56,45,11
61477,6,2,4
61478,6,2,4
61479,5,3,2
61480,5,3,2
61483,5,3,2
61484,5,3,2
61486,26,24,2
61487,69,61,8
61488,69,61,8
61489,69,61,8
61490,27,24,3
61491,58,39,19
61492,39,31,8
61493,39,31,8
61494,20,16,4
61495,58,39,19
61496,58,39,19
61497,70,61,9
61498,5,4,1
61499,5,4,1
61500,70,61,9
61501,11,7,4
61502,70,61,9
61503,70,61,9
61504,44,35,9
61505,15,14,1
61506,59,44,15
61507,59,44,15
61508,59,44,15
61509,59,44,15
61510,48,36,12
61511,92,64,28
61512,92,64,28
61513,92,64,28
61514,113,93,20
61515,10,10,0
61516,25,22,3
61517,92,64,28
61518,92,64,28
61519,113,93,20
61521,2,0,2
61522,37,29,8
61526,113,93,20
61527,113,93,20
61528,113,93,20
61529,113,93,20
61530,145,109,36
61531,145,109,36
61532,6,6,0
61533,145,109,36
61534,145,109,36
61535,105,84,21
61536,8,8,0
61537,61,53,8
61538,105,84,21
61539,105,84,21
61540,9,8,1
61541,9,8,1
61542,90,83,7
61543,10,10,0
61544,25,25,0
61545,105,84,21
61546,19,18,1
61547,19,18,1
61548,20,19,1
61549,20,19,1
61550,27,21,6
61551,90,83,7
61552,20,8,12
61553,20,8,12
61554,20,8,12
61560,3,2,1
61564,31,27,4
61565,9,8,1
61566,9,8,1
61567,31,27,4
61568,31,27,4
61569,10,7,3
61570,9,6,3
61571,9,6,3
61572,9,5,4
61573,9,5,4
61574,3,0,3
61575,9,5,4
61576,11,3,8
61579,11,3,8
61580,14,8,6
61581,11,3,8
61583,10,7,3
61585,90,83,7
61586,90,83,7
61587,90,83,7
61588,90,83,7
61589,90,83,7
61590,90,83,7
61593,90,83,7
61594,90,83,7
61595,90,83,7
61596,1,0,1
61597,1,0,1
61598,9,7,2
61599,59,53,6
61600,64,56,8
61601,168,122,46
61602,168,122,46
61603,5,5,0
61604,5,5,0
61605,12,8,4
61606,30,29,1
61607,30,29,1
61608,30,29,1
61609,27,24,3
61610,27,24,3
61611,11,9,2
61612,11,9,2
61621,2,2,0
61622,2,2,0
61623,61,51,10
61624,21,20,1
61625,15,14,1
61626,8,7,1
61627,8,7,1
61628,128,115,13
61629,128,115,13
61630,5,5,0
61631,5,5,0
61632,79,71,8
61633,22,22,0
61634,27,27,0
61635,27,27,0
61636,27,27,0
61637,20,20,0
61638,32,32,0
61639,32,32,0
61640,2,2,0
61642,26,26,0
61643,79,71,8
61644,4,2,2
61645,4,2,2
61646,22,22,0
61647,32,32,0
61648,32,32,0
61649,32,32,0
61650,32,32,0
61651,32,32,0
61652,32,32,0
61653,32,32,0
61654,32,32,0
61655,52,41,11
61656,52,41,11
61658,1,1,0
61659,1,1,0
61666,19,15,4
61667,19,15,4
61668,19,14,5
61676,4,4,0
61679,4,4,0
61680,27,20,7
61681,27,20,7
61682,2,0,2
61683,121,96,25
61684,121,96,25
61686,78,59,19
61687,78,59,19
61688,78,59,19
61691,37,29,8
61692,37,29,8
61697,10,4,6
61698,10,4,6
61699,3,1,2
61700,3,1,2
61701,7,0,7
61702,7,0,7
61703,4,2,2
61704,37,29,8
61705,37,29,8
61707,2,2,0
61713,121,96,25
61714,2,0,2
61717,38,37,1
61719,38,37,1
61720,17,10,7
61721,18,12,6
61722,18,12,6
61723,18,12,6
61724,15,10,5
61725,28,14,14
61726,28,14,14
61727,28,14,14
61728,24,17,7
61729,2,2,0
61730,2,2,0
61731,28,14,14
61732,28,14,14
61733,4,2,2
61734,4,2,2
61735,7,0,7
61737,1,0,1
61740,11,7,4
61741,24,17,7
61742,24,17,7
61743,24,17,7
61744,24,17,7
61745,37,26,11
61746,37,26,11
61747,45,39,6
61748,37,26,11
61749,7,5,2
61750,45,39,6
61751,45,39,6
61752,45,39,6
61753,45,39,6
61756,20,16,4
61757,31,24,7
61758,15,11,4
61759,2,0,2
61760,2,0,2
61761,15,11,4
61762,15,11,4
61763,31,24,7
61782,25,21,4
61783,44,26,18
61784,44,26,18
61785,2,0,2
61786,44,26,18
61787,31,27,4
61788,4,4,0
61789,6,6,0
61790,44,26,18
61791,6,6,0
61792,6,6,0
61793,6,6,0
61796,31,27,4
61797,31,27,4
61798,31,27,4
61799,31,27,4
61800,31,27,4
61801,31,27,4
61802,27,25,2
61803,29,24,5
61804,2,2,0
61809,45,37,8
61810,45,37,8
61830,5,4,1
61838,1,1,0
61839,1,1,0
61840,52,43,9
61841,52,43,9
61842,10,10,0
61843,10,10,0
61844,8,8,0
61845,8,8,0
61846,2,2,0
61847,21,15,6
61848,21,15,6
61849,164,99,65
61850,162,132,30
61853,1,0,1
61854,5,4,1
61855,10,10,0
61856,10,10,0
61866,2,0,2
61867,2,0,2
61868,9,9,0
61869,9,9,0
61870,1,1,0
61871,1,1,0
61872,1,1,0
61873,1,1,0
61877,1,1,0
61878,15,12,3
61879,18,12,6
61880,18,12,6
61881,18,12,6
61882,14,11,3
61883,20,8,12
61886,20,8,12
61887,15,12,3
61888,2,2,0
61889,1,1,0
61890,20,8,12
61891,1,1,0
61892,15,12,3
61893,5,2,3
61894,15,12,3
61895,15,12,3
61896,15,12,3
61897,15,12,3
61902,18,13,5
61903,25,18,7
61904,25,18,7
61905,25,18,7
61906,25,18,7
61907,22,17,5
61908,23,8,15
61909,23,8,15
61910,23,8,15
61911,24,19,5
61912,6,6,0
61913,4,4,0
61914,4,4,0
61915,4,4,0
61916,23,8,15
61917,23,8,15
61919,24,19,5
61920,18,13,5
61921,24,19,5
61922,24,19,5
61923,24,19,5
61924,24,19,5
61925,44,29,15
61926,36,26,10
61927,5,3,2
61936,5,3,2
61937,6,6,0
61938,6,6,0
61944,15,13,2
61945,6,6,0
61946,6,6,0
61947,6,6,0
61948,6,6,0
61949,10,8,2
61951,10,8,2
61952,16,16,0
61953,10,8,2
61954,16,16,0
61955,15,13,2
61956,5,2,3
61957,5,2,3
61958,36,26,10
61960,32,24,8
61962,32,24,8
61963,94,70,24
61966,11,5,6
61974,6,6,0
61975,11,5,6
61978,3,1,2
61983,2,2,0
61990,92,72,20
61991,2,2,0
61992,81,68,13
61993,92,72,20
61994,14,12,2
61995,14,12,2
61996,5,0,5
61999,5,0,5
62000,2,0,2
62001,2,0,2
62005,5,3,2
62006,5,3,2
62007,43,34,9
62008,43,34,9
62009,7,1,6
62010,7,1,6
62011,2,0,2
62012,2,0,2
62015,2,0,2
62016,43,34,9
62021,162,132,30
62022,27,26,1
62023,27,26,1
62024,27,26,1
62025,23,20,3
62026,23,20,3
62027,23,20,3
62028,4,0,4
62029,4,0,4
62030,23,20,3
62033,61,49,12
62034,5,5,0
62035,3,3,0
62036,3,3,0
62037,22,16,6
62038,22,16,6
62039,2,1,1
62040,2,1,1
62041,2,1,1
62042,2,1,1
62043,22,16,6
62044,22,16,6
62045,29,24,5
62046,29,24,5
62048,23,20,3
62050,22,8,14
62051,13,10,3
62052,22,8,14
62053,13,10,3
62054,13,10,3
62055,13,10,3
62056,13,10,3
62057,13,10,3
62058,13,10,3
62059,13,10,3
62060,13,10,3
62062,4,0,4
62063,2,0,2
62064,2,0,2
62065,64,36,28
62066,64,36,28
62067,64,36,28
62068,72,51,21
62069,7,6,1
62070,7,6,1
62071,64,36,28
62072,64,36,28
62073,72,51,21
62074,3,2,1
62075,3,2,1
62083,4,4,0
62084,22,12,10
62085,22,12,10
62087,31,23,8
62088,3,2,1
62089,3,2,1
62090,19,9,10
62091,72,51,21
62092,72,51,21
62093,72,51,21
62094,72,51,21
62095,72,51,21
62096,72,51,21
62097,72,51,21
62098,72,51,21
62104,42,30,12
62105,42,30,12
62106,4,3,1
62107,4,3,1
62108,5,1,4
62109,24,17,7
62110,24,17,7
62111,3,2,1
62112,3,2,1
62113,5,1,4
62114,24,20,4
62115,24,20,4
62117,21,16,5
62118,3,2,1
62119,22,18,4
62120,22,18,4
62121,22,18,4
62122,20,16,4
62123,56,37,19
62125,15,9,6
62126,15,9,6
62127,21,6,15
62128,21,6,15
62129,21,6,15
62130,14,7,7
62131,21,6,15
62132,21,6,15
62133,3,2,1
62134,3,2,1
62135,14,7,7
62136,7,0,7
62140,12,7,5
62141,4,3,1
62142,4,0,4
62143,3,1,2
62145,3,1,2
62146,3,1,2
62147,56,37,19
62148,11,6,5
62152,11,6,5
62153,14,7,7
62154,31,18,13
62155,31,18,13
62156,31,18,13
62157,24,20,4
62158,31,18,13
62159,7,7,0
62160,4,4,0
62161,24,20,4
62162,3,3,0
62163,24,20,4
62164,24,20,4
62165,24,20,4
62166,24,20,4
62167,9,6,3
62168,9,6,3
62169,5,2,3
62170,5,2,3
62171,4,3,1
62172,4,3,1
62173,5,2,3
62174,5,2,3
62175,3,0,3
62176,3,0,3
62177,5,2,3
62180,11,2,9
62183,9,6,3
62185,51,28,23
62187,64,36,28
62188,64,36,28
62190,4,4,0
62192,4,4,0
62193,2,1,1
62200,2,1,1
62202,38,27,11
62203,3,1,2
62204,3,1,2
62205,54,38,16
62206,54,38,16
62207,54,38,16
62208,41,29,12
62209,41,29,12
62210,8,4,4
62211,29,21,8
62212,29,21,8
62213,29,21,8
62214,3,2,1
62215,3,2,1
62218,18,12,6
62221,26,17,9
62222,3,1,2
62223,3,1,2
62224,31,21,10
62225,31,21,10
62226,31,21,10
62227,31,21,10
62231,27,19,8
62232,27,19,8
62233,6,3,3
62234,6,3,3
62235,27,19,8
62236,45,18,27
62237,45,18,27
62239,4,4,0
62240,4,4,0
62241,45,18,27
62242,50,35,15
62243,9,8,1
62244,6,5,1
62245,6,5,1
62246,6,5,1
62247,6,5,1
62248,8,7,1
62249,1,0,1
62250,8,8,0
62251,8,8,0
62252,45,18,27
62253,45,18,27
62254,50,35,15
62255,1,0,1
62256,5,4,1
62257,5,4,1
62259,25,18,7
62260,4,2,2
62261,26,17,9
62262,11,4,7
62263,50,35,15
62264,50,35,15
62265,50,35,15
62266,50,35,15
62274,14,5,9
62277,14,5,9
62286,4,1,3
62287,4,1,3
62289,16,10,6
62313,6,3,3
62314,19,14,5
62315,19,14,5
62316,5,1,4
62317,19,14,5
62318,4,3,1
62321,5,1,4
62322,5,1,4
62323,18,15,3
62324,4,0,4
62332,13,11,2
62333,19,14,5
62334,19,14,5
62335,15,11,4
62336,15,11,4
62337,6,3,3
62338,6,3,3
62339,15,11,4
62340,23,12,11
62341,2,2,0
62342,2,2,0
62343,23,12,11
62344,24,22,2
62345,4,4,0
62346,24,22,2
62347,5,3,2
62348,24,22,2
62349,1,0,1
62350,1,0,1
62356,1,0,1
62357,1,0,1
62359,48,24,24
62360,10,1,9
62361,10,1,9
62362,3,0,3
62363,3,0,3
62364,10,1,9
62366,3,1,2
62367,3,1,2
62370,48,24,24
62371,48,24,24
62372,7,3,4
62373,48,24,24
62378,2,0,2
62383,12,11,1
62384,12,11,1
62385,12,12,0
62386,12,12,0
62387,34,28,6
62389,6,5,1
62390,2,0,2
62391,2,0,2
62394,96,83,13
62395,96,83,13
62396,27,25,2
62398,96,83,13
62399,96,83,13
62400,22,21,1
62405,27,25,2
62406,1,1,0
62407,1,1,0
62408,79,70,9
62409,79,70,9
62410,5,5,0
62416,6,0,6
62417,22,21,1
62418,6,0,6
62419,27,25,2
62420,129,89,40
62421,56,45,11
62422,56,45,11
62423,19,17,2
62424,2,1,1
62425,2,1,1
62426,19,17,2
62427,19,17,2
62428,19,17,2
62429,18,16,2
62430,34,31,3
62432,4,4,0
62433,4,4,0
62434,2,2,0
62435,2,2,0
62437,34,31,3
62438,34,34,0
62439,3,3,0
62440,5,5,0
62441,5,5,0
62442,12,5,7
62443,8,6,2
62444,12,5,7
62445,6,4,2
62446,6,4,2
62447,6,4,2
62448,3,3,0
62449,34,31,3
62450,19,17,2
62451,19,17,2
62452,11,5,6
62453,1,1,0
62454,1,1,0
62455,1,1,0
62456,34,34,0
62457,2,2,0
62458,22,10,12
62459,34,34,0
62460,34,34,0
62461,34,34,0
62462,34,34,0
62463,20,15,5
62464,7,6,1
62466,7,6,1
62467,27,27,0
62468,13,13,0
62469,5,2,3
62470,5,2,3
62471,5,2,3
62474,38,35,3
62479,38,35,3
62480,68,68,0
62481,3,3,0
62482,38,35,3
62483,27,27,0
62484,27,27,0
62485,3,3,0
62486,3,3,0
62487,3,3,0
62488,3,3,0
62489,8,5,3
62490,8,5,3
62491,9,6,3
62492,15,8,7
62493,15,8,7
62494,8,5,3
62495,15,8,7
62497,9,6,3
62498,9,6,3
62499,8,5,3
62501,6,6,0
62503,3,3,0
62506,3,3,0
62507,43,41,2
62515,43,41,2
62516,3,3,0
62517,3,3,0
62538,16,11,5
62541,4,3,1
62542,4,3,1
62543,1,1,0
62544,4,4,0
62546,4,4,0
62547,4,4,0
62548,1,0,1
62549,1,0,1
62552,4,4,0
62555,3,3,0
62556,3,3,0
62557,8,8,0
62558,11,11,0
62559,11,11,0
62560,11,11,0
62561,11,11,0
62562,11,11,0
62563,28,27,1
62564,9,6,3
62565,43,41,2
62566,32,32,0
62567,49,46,3
62568,49,46,3
62569,49,46,3
62570,68,66,2
62571,6,6,0
62572,49,46,3
62573,49,46,3
62574,2,2,0
62575,5,3,2
62576,12,11,1
62577,12,11,1
62578,20,12,8
62579,20,12,8
62580,68,66,2
62581,68,66,2
62582,68,66,2
62583,68,66,2
62584,68,66,2
62585,68,66,2
62586,68,66,2
62589,40,33,7
62590,1,1,0
62591,1,1,0
62594,6,6,0
62595,106,95,11
62596,43,35,8
62597,61,49,12
62622,106,95,11
62623,40,33,7
62624,2,2,0
62630,23,17,6
62633,1,0,1
62634,24,17,7
62635,24,17,7
62636,24,17,7
62637,24,17,7
62638,24,17,7
62639,6,3,3
62640,6,3,3
62641,24,17,7
62642,20,3,17
62643,20,3,17
62644,2,2,0
62645,2,2,0
62646,20,3,17
62647,15,10,5
62648,2,2,0
62649,2,2,0
62650,20,3,17
62651,20,3,17
62652,7,4,3
62653,3,3,0
62654,15,10,5
62655,6,3,3
62656,15,10,5
62657,15,10,5
62658,15,10,5
62659,15,10,5
62660,15,10,5
62661,15,10,5
62662,15,10,5
62663,15,10,5
62664,22,20,2
62666,22,20,2
62672,9,0,9
62673,19,15,4
62674,19,15,4
62677,2,0,2
62678,6,4,2
62679,99,85,14
62680,4,4,0
62681,4,4,0
62682,99,85,14
62683,99,85,14
62684,48,36,12
62685,48,36,12
62686,34,5,29
62687,34,5,29
62689,27,20,7
62690,29,18,11
62691,29,18,11
62692,29,18,11
62693,29,18,11
62694,26,20,6
62695,34,5,29
62696,23,18,5
62697,23,18,5
62698,23,18,5
62699,34,15,19
62702,34,5,29
62703,34,5,29
62704,29,18,11
62705,34,15,19
62708,8,1,7
62709,34,15,19
62710,34,15,19
62711,34,15,19
62712,34,15,19
62713,34,15,19
62714,34,15,19
62715,34,15,19
62716,34,15,19
62717,11,6,5
62718,11,6,5
62719,12,9,3
62720,12,9,3
62723,50,49,1
62726,50,49,1
62727,129,89,40
62728,24,22,2
62729,24,22,2
62730,3,2,1
62731,3,2,1
62732,3,2,1
62733,3,2,1
62734,129,89,40
62735,17,16,1
62736,10,4,6
62737,10,4,6
62738,10,2,8
62739,7,5,2
62740,13,8,5
62741,13,8,5
62742,2,2,0
62743,2,2,0
62744,5,5,0
62745,5,5,0
62746,51,48,3
62747,4,0,4
62748,4,0,4
62749,21,19,2
62750,7,6,1
62751,7,6,1
62752,11,11,0
62753,7,7,0
62754,7,7,0
62755,3,3,0
62767,3,3,0
62768,41,30,11
62769,17,8,9
62770,17,8,9
62771,42,36,6
62772,42,36,6
62775,1,1,0
62778,4,4,0
62779,4,4,0
62780,10,10,0
62781,10,10,0
62782,10,10,0
62783,10,8,2
62785,10,8,2
62786,7,5,2
62787,7,5,2
62794,100,84,16
62795,100,84,16
62796,55,52,3
62797,13,11,2
62799,32,30,2
62800,32,30,2
62801,12,11,1
62802,32,26,6
62803,32,26,6
62804,32,26,6
62805,32,26,6
62806,32,26,6
62807,32,26,6
62808,32,26,6
62809,98,95,3
62810,98,95,3
62812,46,39,7
62813,8,6,2
62814,3,3,0
62815,3,3,0
62816,46,39,7
62817,4,4,0
62818,12,8,4
62819,10,4,6
62820,10,4,6
62821,10,6,4
62822,10,4,6
62823,10,4,6
62824,10,6,4
62825,10,6,4
62826,10,6,4
62827,10,6,4
62828,99,75,24
62829,55,40,15
62830,82,70,12
62831,82,70,12
62832,82,70,12
62833,2,2,0
62834,2,2,0
62835,8,8,0
62836,8,8,0
62837,99,75,24
62838,38,29,9
62839,38,29,9
62840,38,29,9
62841,38,29,9
62842,38,29,9
62843,5,0,5
62844,5,0,5
62845,99,75,24
62846,99,75,24
62847,99,75,24
62848,77,65,12
62849,9,9,0
62850,99,75,24
62851,77,65,12
62854,15,8,7
62855,15,8,7
62856,9,3,6
62857,9,3,6
62858,9,3,6
62859,11,5,6
62860,10,0,10
62861,10,0,10
62862,10,0,10
62864,10,0,10
62865,10,4,6
62866,10,0,10
62867,10,0,10
62870,15,8,7
62871,15,8,7
62872,10,4,6
62873,39,20,19
62874,14,8,6
62875,14,8,6
62876,2,0,2
62877,2,0,2
62878,13,6,7
62879,13,6,7
62880,13,6,7
62881,13,6,7
62882,27,20,7
62883,27,20,7
62884,99,75,24
62885,77,65,12
62886,77,65,12
62887,77,65,12
62888,77,65,12
62889,65,57,8
62890,65,57,8
62891,28,24,4
62892,28,24,4
62893,56,45,11
62894,38,29,9
62895,90,64,26
62896,90,64,26
62897,90,64,26
62898,8,6,2
62899,8,6,2
62900,2,0,2
62901,2,0,2
62902,96,84,12
62903,17,17,0
62904,26,25,1
62905,10,10,0
62906,10,10,0
62907,90,64,26
62908,90,64,26
62909,15,12,3
62910,15,12,3
62911,15,12,3
62912,37,23,14
62913,37,23,14
62914,5,4,1
62915,5,4,1
62960,21,21,0
62961,21,21,0
62965,1,0,1
62966,1,0,1
62972,146,111,35
62973,50,40,10
62975,56,45,11
62976,56,45,11
62977,56,45,11
62978,56,45,11
62979,38,29,9
62980,90,64,26
62981,90,64,26
62982,96,84,12
62983,96,84,12
62984,17,17,0
62985,26,25,1
62986,26,25,1
62987,26,25,1
62988,17,17,0
62989,13,13,0
62990,15,15,0
62991,15,15,0
62992,96,84,12
62993,90,64,26
62994,12,12,0
62995,15,12,3
62996,15,12,3
62997,15,12,3
62998,37,23,14
62999,96,84,12
63000,26,15,11
63001,7,6,1
63002,45,32,13
63003,146,111,35
63004,1,0,1
63005,15,7,8
63006,96,84,12
63007,96,84,12
63008,96,84,12
63009,96,84,12
63010,61,47,14
63011,13,8,5
63016,13,8,5
63019,10,9,1
63020,14,11,3
63021,10,9,1
63022,27,16,11
63023,22,15,7
63025,3,3,0
63026,2,2,0
63027,2,0,2
63029,2,0,2
63032,2,0,2
63033,13,11,2
63034,22,15,7
63035,1,0,1
63036,1,0,1
63038,10,9,1
63039,22,15,7
63040,22,15,7
63041,22,15,7
63042,22,15,7
63043,22,15,7
63047,55,39,16
63048,42,30,12
63049,55,39,16
63050,5,2,3
63051,5,2,3
63052,22,14,8
63053,22,14,8
63059,6,0,6
63061,6,0,6
63062,6,0,6
63063,6,0,6
63064,6,0,6
63065,6,0,6
63066,6,0,6
63067,6,0,6
63068,6,0,6
63069,42,30,12
63070,42,30,12
63071,42,30,12
63072,42,30,12
63073,42,30,12
63074,55,38,17
63075,10,5,5
63076,8,6,2
63077,14,12,2
63080,6,4,2
63081,6,4,2
63082,8,6,2
63083,14,12,2
63084,2,2,0
63085,18,14,4
63086,60,48,12
63087,72,57,15
63088,12,11,1
63097,12,11,1
63098,72,57,15
63099,72,57,15
63100,52,36,16
63101,77,57,20
63102,27,17,10
63103,77,57,20
63109,52,36,16
63110,27,17,10
63111,27,19,8
63112,6,4,2
63113,6,4,2
63114,41,31,10
63115,32,25,7
63116,82,58,24
63117,82,58,24
63118,82,58,24
63119,74,58,16
63120,7,7,0
63121,16,12,4
63122,82,58,24
63123,82,58,24
63124,8,6,2
63125,2,1,1
63126,2,1,1
63127,20,13,7
63128,20,13,7
63129,27,19,8
63130,20,13,7
63131,20,13,7
63132,20,13,7
63133,20,13,7
63134,20,13,7
63135,20,13,7
63136,20,13,7
63137,20,13,7
63138,65,52,13
63139,5,2,3
63140,5,2,3
63143,5,3,2
63144,5,3,2
63145,7,6,1
63146,7,6,1
63156,65,52,13
63157,55,43,12
63158,65,52,13
63161,13,13,0
63162,13,13,0
63163,56,38,18
63164,56,38,18
63165,56,38,18
63174,5,0,5
63177,3,0,3
63178,4,4,0
63179,6,5,1
63180,6,5,1
63185,2,2,0
63186,8,8,0
63187,3,0,3
63190,9,8,1
63201,27,13,14
63202,27,13,14
63205,27,13,14
63206,27,13,14
63208,5,4,1
63209,19,11,8
63210,7,7,0
63211,7,7,0
63212,26,8,18
63213,26,8,18
63223,24,7,17
63224,11,8,3
63225,13,9,4
63226,13,9,4
63227,13,9,4
63228,13,9,4
63229,11,8,3
63230,24,7,17
63231,12,9,3
63232,1,0,1
63233,12,9,3
63234,12,9,3
63235,26,8,18
63236,17,12,5
63237,17,12,5
63238,17,12,5
63239,12,6,6
63240,12,6,6
63241,3,0,3
63242,3,0,3
63243,12,6,6
63244,21,5,16
63246,21,5,16
63247,21,5,16
63248,13,9,4
63250,2,1,1
63251,15,10,5
63252,26,8,18
63253,56,38,18
63254,56,38,18
63257,6,5,1
63260,9,8,1
63262,26,8,18
63263,28,18,10
63264,28,18,10
63266,9,3,6
63267,9,6,3
63268,9,3,6
63271,9,6,3
63272,9,3,6
63273,10,7,3
63274,10,7,3
63275,10,7,3
63276,10,7,3
63294,55,38,17
63295,55,38,17
63296,15,6,9
63297,15,6,9
63298,9,7,2
63299,9,7,2
63300,9,7,2
63301,9,7,2
63304,2,0,2
63305,17,8,9
63306,17,8,9
63316,22,19,3
63317,65,53,12
63318,65,53,12
63320,6,5,1
63321,6,5,1
63322,7,0,7
63323,5,4,1
63325,8,7,1
63326,8,7,1
63327,5,4,1
63328,5,4,1
63329,9,5,4
63330,9,5,4
63331,90,45,45
63332,90,45,45
63333,90,45,45
63336,66,59,7
63337,6,6,0
63338,66,59,7
63339,7,4,3
63340,10,6,4
63341,7,3,4
63342,7,3,4
63343,2,0,2
63344,2,0,2
63345,2,0,2
63346,13,5,8
63347,8,1,7
63348,5,2,3
63349,5,2,3
63350,2,0,2
63351,2,0,2
63369,25,20,5
63371,25,20,5
63379,5,3,2
63383,5,5,0
63384,11,8,3
63385,8,5,3
63386,7,0,7
63388,8,5,3
63389,37,26,11
63390,6,2,4
63391,6,2,4
63392,30,18,12
63393,30,18,12
63394,30,18,12
63395,30,18,12
63396,25,18,7
63397,25,18,7
63398,63,28,35
63399,63,28,35
63406,2,2,0
63407,3,2,1
63408,3,2,1
63409,63,28,35
63410,61,32,29
63411,8,5,3
63412,11,6,5
63413,11,6,5
63414,11,6,5
63415,6,5,1
63416,8,5,3
63417,63,28,35
63418,63,28,35
63419,6,6,0
63420,6,6,0
63421,61,32,29
63422,6,6,0
63423,6,6,0
63424,27,19,8
63425,27,19,8
63426,8,5,3
63427,7,0,7
63428,9,6,3
63429,7,0,7
63430,8,5,3
63431,9,6,3
63432,7,4,3
63433,37,26,11
63434,61,32,29
63435,61,32,29
63436,61,32,29
63437,61,32,29
63444,53,35,18
63445,38,29,9
63446,46,29,17
63447,46,29,17
63448,46,29,17
63449,46,29,17
63450,38,29,9
63451,38,29,9
63452,76,39,37
63453,76,39,37
63454,76,39,37
63458,6,2,4
63459,6,2,4
63462,5,4,1
63463,76,39,37
63464,63,40,23
63465,11,9,2
63466,11,9,2
63467,11,9,2
63468,76,39,37
63469,76,39,37
63470,76,39,37
63471,9,9,0
63472,9,9,0
63473,63,40,23
63474,45,22,23
63475,10,5,5
63477,45,22,23
63478,24,8,16
63479,24,8,16
63480,45,22,23
63481,7,6,1
63484,7,6,1
63485,19,9,10
63486,13,10,3
63487,13,10,3
63488,19,9,10
63489,10,7,3
63490,45,22,23
63491,10,6,4
63492,10,6,4
63493,10,6,4
63494,10,5,5
63495,21,9,12
63496,21,9,12
63499,3,0,3
63500,12,9,3
63501,45,22,23
63502,12,11,1
63503,12,11,1
63504,9,8,1
63510,23,10,13
63511,12,11,1
63512,11,10,1
63513,11,10,1
63514,12,11,1
63515,12,11,1
63516,1,0,1
63517,37,28,9
63518,3,3,0
63519,3,3,0
63520,3,3,0
63521,3,3,0
63522,6,6,0
63523,6,6,0
63524,38,29,9
63525,19,13,6
63526,63,40,23
63527,63,40,23
63528,63,40,23
63529,63,40,23
63530,63,40,23
63531,63,40,23
63532,63,40,23
63533,63,40,23
63534,147,79,68
63535,147,79,68
63536,40,37,3
63537,40,37,3
63538,40,37,3
63539,40,37,3
63540,40,37,3
63541,40,37,3
63542,40,37,3
63543,40,37,3
63544,5,5,0
63546,5,5,0
63547,41,39,2
63548,41,39,2
63549,3,3,0
63550,16,10,6
63551,16,10,6
63552,16,10,6
63553,13,7,6
63554,55,46,9
63555,55,46,9
63556,55,46,9
63557,55,46,9
63558,25,18,7
63559,6,6,0
63560,7,7,0
63561,2,2,0
63562,2,2,0
63563,55,46,9
63564,55,46,9
63565,11,0,11
63566,11,0,11
63568,15,9,6
63569,15,9,6
63570,25,18,7
63571,25,18,7
63572,25,18,7
63573,25,18,7
63574,25,18,7
63575,25,18,7
63576,25,18,7
63577,25,18,7
63578,25,18,7
63579,25,18,7
63606,7,4,3
63608,8,3,5
63609,4,0,4
63610,8,3,5
63612,2,0,2
63613,2,0,2
63617,4,0,4
63618,8,5,3
63619,8,5,3
63620,15,9,6
63621,15,9,6
63622,15,9,6
63626,10,1,9
63627,10,1,9
63630,2,2,0
63631,4,0,4
63632,2,2,0
63633,2,2,0
63634,3,2,1
63636,3,2,1
63637,2,1,1
63638,1,1,0
63639,5,4,1
63640,7,6,1
63641,7,6,1
63642,7,6,1
63643,4,0,4
63644,7,6,1
63645,26,14,12
63646,26,14,12
63647,26,14,12
63648,1,1,0
63649,1,1,0
63652,14,12,2
63653,21,21,0
63654,21,21,0
63655,21,21,0
63656,21,21,0
63678,3,0,3
63679,3,0,3
63680,31,25,6
63681,5,4,1
63682,36,31,5
63683,36,31,5
63684,36,31,5
63685,36,31,5
63686,33,28,5
63687,65,38,27
63688,65,38,27
63689,65,38,27
63690,72,67,5
63691,7,7,0
63692,8,8,0
63693,65,38,27
63694,65,38,27
63695,3,3,0
63696,33,26,7
63705,3,3,0
63706,3,3,0
63708,3,3,0
63715,33,26,7
63716,33,26,7
63717,3,0,3
63718,25,18,7
63719,25,18,7
63720,25,18,7
63721,5,1,4
63722,5,1,4
63723,25,18,7
63724,72,67,5
63725,72,67,5
63726,72,67,5
63727,72,67,5
63728,72,67,5
63729,72,67,5
63730,72,67,5
63731,72,67,5
63732,3,0,3
63740,3,3,0
63742,3,3,0
63759,1,1,0
63762,42,40,2
63763,42,40,2
63765,44,33,11
63766,7,6,1
63768,7,6,1
63769,15,5,10
63771,15,5,10
63772,2,0,2
63773,2,0,2
63774,2,0,2
63775,2,0,2
63776,2,0,2
63777,2,0,2
63778,2,0,2
63779,2,0,2
63780,2,0,2
63781,56,49,7
63782,56,49,7
63783,56,49,7
63784,53,48,5
63785,66,40,26
63786,66,40,26
63788,66,40,26
63789,88,82,6
63790,10,10,0
63791,12,10,2
63792,12,10,2
63793,12,10,2
63794,12,10,2
63795,10,10,0
63796,7,7,0
63797,1,0,1
63798,11,10,1
63799,66,40,26
63800,66,40,26
63801,88,82,6
63802,88,82,6
63804,44,37,7
63805,44,37,7
63806,44,37,7
63807,33,28,5
63808,88,82,6
63809,88,82,6
63810,88,82,6
63811,88,82,6
63812,88,82,6
63813,88,82,6
63814,88,82,6
63815,88,82,6
63816,42,40,2
63817,29,18,11
63818,15,2,13
63819,15,2,13
63822,15,2,13
63823,20,9,11
63825,15,2,13
63826,15,2,13
63827,20,9,11
63828,4,1,3
63829,4,1,3
63830,4,1,3
63831,4,1,3
63832,4,1,3
63833,6,5,1
63834,4,0,4
63835,20,9,11
63836,13,12,1
63837,38,33,5
63838,24,21,3
63839,15,2,13
63840,19,16,3
63841,17,11,6
63842,15,8,7
63843,15,8,7
63844,15,8,7
63845,15,8,7
63846,17,9,8
63847,17,9,8
63848,3,0,3
63849,3,0,3
63850,17,9,8
63851,18,11,7
63852,72,55,17
63853,80,72,8
63854,72,55,17
63855,72,55,17
63858,28,24,4
63859,29,23,6
63860,29,23,6
63861,29,23,6
63862,29,23,6
63863,25,20,5
63864,25,20,5
63865,25,20,5
63866,9,4,5
63867,9,4,5
63868,25,20,5
63869,25,20,5
63870,42,18,24
63871,42,18,24
63872,42,18,24
63873,39,35,4
63874,39,35,4
63875,7,7,0
63876,7,7,0
63877,7,7,0
63878,7,7,0
63879,7,7,0
63880,7,7,0
63881,7,7,0
63882,7,7,0
63883,7,3,4
63884,7,3,4
63885,2,2,0
63886,2,2,0
63887,2,2,0
63888,4,4,0
63889,39,35,4
63890,9,1,8
63891,2,1,1
63892,24,20,4
63893,2,0,2
63894,28,24,4
63895,13,9,4
63896,39,35,4
63897,39,35,4
63898,39,35,4
63899,39,35,4
63900,39,35,4
63901,80,72,8
63902,80,72,8
63903,80,72,8
63904,80,72,8
63905,39,23,16
63906,1,1,0
63907,1,1,0
63908,39,23,16
63909,37,27,10
63910,7,5,2
63911,39,23,16
63912,37,27,10
63913,14,7,7
63914,14,7,7
63915,3,1,2
63916,3,1,2
63917,3,1,2
63918,3,1,2
63919,6,0,6
63920,6,0,6
63922,5,1,4
63923,37,27,10
63928,5,5,0
63930,20,17,3
63931,18,17,1
63932,17,13,4
63933,20,13,7
63934,20,13,7
63935,20,13,7
63936,20,14,6
63937,20,14,6
63938,5,2,3
63939,5,2,3
63940,20,14,6
63941,17,13,4
63942,33,28,5
63943,33,28,5
63944,3,3,0
63945,3,3,0
63946,65,45,20
63947,29,22,7
63948,41,33,8
63949,1,0,1
63950,36,28,8
63951,24,20,4
63952,65,45,20
63953,65,45,20
63959,80,68,12
63960,10,10,0
63961,65,45,20
63962,80,68,12
63963,80,68,12
63964,80,68,12
63965,80,68,12
63966,80,68,12
63967,80,68,12
63968,80,68,12
63969,80,68,12
63970,109,47,62
63971,109,47,62
63972,3,3,0
63973,1,1,0
63974,1,1,0
63979,5,4,1
63980,37,29,8
63981,46,39,7
63982,46,39,7
63983,2,1,1
63984,2,1,1
63986,46,39,7
63987,46,39,7
63988,40,33,7
63989,40,33,7
63990,9,6,3
63991,9,6,3
63992,40,33,7
63993,9,8,1
63995,77,50,27
63996,77,50,27
63997,77,50,27
63998,89,82,7
63999,7,7,0
64000,1,1,0
64001,1,1,0
64002,77,50,27
64003,77,50,27
64004,11,5,6
64005,11,5,6
64006,43,36,7
64014,6,6,0
64015,6,6,0
64016,6,6,0
64019,43,36,7
64020,12,12,0
64021,28,23,5
64024,89,82,7
64025,89,82,7
64026,89,82,7
64027,89,82,7
64028,89,82,7
64029,89,82,7
64030,89,82,7
64031,89,82,7
64032,89,82,7
64033,89,82,7
64034,52,46,6
64035,4,3,1
64038,52,46,6
64039,35,26,9
64056,24,18,6
64057,8,8,0
64058,19,14,5
64059,14,11,3
64060,14,11,3
64061,14,11,3
64062,14,11,3
64063,14,13,1
64064,14,13,1
64065,5,4,1
64066,5,4,1
64067,3,1,2
64068,5,2,3
64069,3,1,2
64070,5,2,3
64071,14,10,4
64072,14,10,4
64075,14,10,4
64076,18,12,6
64078,14,10,4
64079,14,10,4
64080,5,5,0
64082,14,12,2
64083,14,12,2
64084,14,12,2
64089,14,12,2
64090,14,12,2
64091,7,3,4
64092,18,12,6
64093,18,12,6
64094,24,18,6
64095,2,0,2
64096,2,0,2
64097,25,23,2
64098,25,23,2
64099,25,23,2
64100,25,23,2
64116,17,14,3
64117,17,13,4
64118,17,13,4
64119,17,13,4
64120,17,13,4
64121,16,12,4
64122,16,12,4
64123,3,0,3
64124,16,12,4
64125,31,11,20
64128,31,11,20
64129,21,17,4
64134,31,11,20
64135,8,6,2
64136,8,6,2
64137,1,1,0
64138,1,1,0
64139,21,17,4
64140,22,17,5
64141,22,17,5
64142,6,2,4
64143,21,17,4
64144,21,17,4
64145,21,17,4
64146,27,22,5
64147,27,22,5
64148,53,35,18
64149,53,35,18
64150,53,35,18
64162,33,15,18
64163,33,15,18
64164,33,15,18
64165,33,15,18
64166,3,3,0
64167,3,3,0
64168,6,6,0
64169,6,6,0
64170,11,2,9
64171,11,2,9
64172,11,2,9
64173,11,2,9
64174,8,8,0
64175,8,8,0
64176,8,8,0
64177,8,8,0
64178,11,2,9
64179,16,5,11
64180,5,3,2
64181,16,5,11
64182,5,3,2
64183,4,2,2
64184,11,2,9
64185,11,2,9
64186,9,6,3
64187,9,6,3
64188,9,6,3
64189,11,6,5
64190,11,6,5
64191,5,0,5
64192,5,0,5
64193,11,6,5
64194,21,4,17
64196,21,4,17
64197,21,4,17
64198,12,9,3
64199,12,7,5
64200,12,7,5
64201,11,2,9
64215,37,30,7
64216,37,30,7
64217,28,22,6
64218,28,22,6
64219,28,22,6
64220,22,16,6
64221,22,16,6
64222,3,0,3
64223,3,0,3
64224,22,16,6
64225,45,25,20
64228,45,25,20
64229,52,44,8
64230,4,4,0
64231,10,9,1
64232,6,5,1
64233,45,25,20
64234,52,44,8
64235,18,15,3
64236,27,24,3
64237,18,15,3
64238,18,15,3
64239,6,3,3
64240,52,44,8
64241,52,44,8
64243,11,8,3
64244,11,8,3
64245,16,13,3
64246,27,22,5
64249,41,22,19
64250,28,21,7
64251,2,0,2
64252,33,26,7
64253,33,26,7
64254,33,26,7
64255,34,28,6
64256,41,22,19
64257,41,22,19
64260,41,22,19
64261,36,30,6
64262,7,7,0
64263,4,4,0
64264,41,22,19
64265,36,30,6
64266,34,26,8
64267,34,26,8
64268,27,21,6
64269,41,22,19
64272,28,21,7
64273,7,4,3
64274,36,30,6
64275,36,30,6
64276,36,30,6
64277,36,30,6
64278,36,30,6
64279,36,30,6
64280,36,30,6
64281,36,30,6
64282,17,17,0
64283,17,17,0
64284,12,4,8
64285,12,4,8
64286,62,49,13
64287,62,49,13
64288,19,11,8
64289,5,4,1
64290,5,4,1
64291,6,5,1
64292,4,3,1
64293,4,3,1
64294,4,3,1
64295,28,20,8
64296,7,3,4
64297,7,3,4
64301,28,20,8
64305,3,2,1
64306,26,21,5
64309,1,0,1
64310,2,1,1
64311,66,59,7
64312,66,59,7
64313,66,59,7
64314,66,59,7
64315,42,39,3
64316,42,39,3
64317,45,40,5
64318,45,40,5
64319,45,40,5
64320,45,41,4
64321,77,57,20
64322,6,6,0
64323,147,79,68
64324,64,56,8
64325,64,56,8
64326,64,56,8
64327,13,10,3
64328,64,56,8
64329,64,56,8
64330,61,35,26
64340,8,4,4
64341,8,4,4
64342,37,6,31
64343,37,6,31
64349,5,5,0
64350,8,6,2
64351,7,5,2
64352,7,5,2
64353,9,5,4
64354,9,5,4
64355,2,0,2
64356,2,0,2
64357,10,1,9
64360,10,1,9
64361,7,5,2
64363,7,5,2
64368,37,6,31
64369,37,6,31
64370,37,6,31
64371,12,6,6
64372,12,6,6
64373,56,48,8
64374,56,48,8
64375,56,48,8
64376,56,48,8
64377,17,12,5
64378,3,3,0
64379,56,48,8
64380,56,48,8
64381,10,4,6
64382,10,4,6
64383,17,12,5
64384,17,12,5
64385,17,12,5
64386,17,12,5
64387,17,12,5
64388,17,12,5
64389,17,12,5
64394,2,2,0
64395,2,0,2
64399,9,6,3
64400,9,6,3
64401,9,6,3
64407,8,8,0
64408,8,8,0
64409,136,109,27
64411,136,109,27
64412,12,11,1
64413,12,11,1
64414,12,11,1
64415,12,11,1
64416,11,11,0
64417,11,11,0
64426,145,109,36
64428,145,109,36
64430,33,27,6
64431,40,33,7
64432,40,33,7
64433,40,33,7
64434,40,33,7
64435,28,22,6
64436,106,81,25
64437,106,81,25
64438,106,81,25
64439,59,53,6
64440,13,13,0
64441,15,15,0
64442,15,15,0
64443,15,15,0
64444,9,8,1
64445,11,11,0
64446,11,11,0
64447,106,81,25
64448,106,81,25
64449,10,8,2
64450,10,8,2
64451,13,13,0
64452,13,13,0
64453,64,56,8
64454,13,10,3
64455,5,4,1
64456,31,24,7
64457,33,27,6
64458,11,5,6
64459,59,53,6
64460,59,53,6
64461,59,53,6
64462,59,53,6
64464,14,8,6
64465,8,5,3
64466,8,5,3
64467,8,5,3
64468,8,5,3
64469,17,12,5
64470,5,4,1
64471,5,4,1
64472,4,1,3
64473,4,1,3
64474,4,0,4
64475,4,0,4
64476,4,1,3
64477,4,1,3
64478,39,29,10
64479,39,29,10
64481,4,4,0
64482,4,4,0
64483,39,29,10
64484,16,11,5
64485,3,3,0
64486,3,3,0
64487,3,3,0
64488,3,3,0
64489,39,29,10
64490,39,29,10
64496,5,5,0
64497,5,5,0
64498,16,11,5
64499,2,0,2
64500,16,11,5
64501,16,11,5
64502,16,11,5
64503,9,5,4
64504,4,4,0
64505,12,10,2
64507,12,10,2
64508,12,10,2
64509,70,58,12
64510,12,10,2
64513,158,135,23
64514,2,2,0
64515,2,2,0
64516,2,2,0
64517,2,2,0
64518,54,48,6
64519,54,48,6
64520,23,20,3
64524,23,20,3
64525,29,23,6
64526,2,1,1
64527,35,29,6
64528,35,29,6
64529,35,29,6
64530,35,29,6
64531,1,0,1
64532,26,20,6
64533,53,32,21
64534,53,32,21
64536,53,32,21
64537,49,41,8
64538,7,7,0
64539,9,9,0
64540,9,9,0
64541,7,7,0
64542,5,5,0
64543,6,6,0
64544,53,32,21
64545,53,32,21
64546,49,41,8
64547,7,1,6
64548,22,17,5
64549,22,17,5
64550,22,17,5
64551,6,2,4
64552,49,41,8
64553,49,41,8
64554,49,41,8
64555,49,41,8
64556,15,12,3
64557,23,20,3
64558,23,20,3
64559,23,20,3
64560,16,13,3
64561,36,28,8
64562,36,28,8
64563,47,43,4
64564,36,28,8
64565,12,12,0
64569,12,12,0
64570,27,24,3
64571,7,2,5
64572,7,2,5
64577,3,3,0
64578,3,3,0
64579,2,2,0
64580,12,6,6
64581,12,6,6
64582,2,0,2
64583,2,0,2
64612,15,10,5
64613,15,10,5
64614,12,9,3
64615,22,16,6
64616,27,24,3
64617,22,16,6
64618,22,16,6
64619,22,21,1
64620,22,21,1
64623,15,14,1
64624,15,14,1
64625,36,19,17
64626,14,12,2
64627,20,19,1
64628,20,19,1
64629,20,19,1
64630,20,19,1
64631,20,19,1
64632,20,19,1
64633,20,19,1
64634,20,19,1
64635,2,2,0
64636,2,2,0
64637,48,42,6
64638,3,1,2
64641,3,1,2
64642,48,42,6
64647,60,52,8
64648,60,52,8
64649,5,5,0
64650,5,5,0
64656,15,15,0
64657,2,2,0
64658,15,15,0
64660,27,20,7
64661,49,42,7
64662,49,42,7
64667,4,4,0
64668,59,53,6
64677,57,44,13
64678,136,109,27
64679,90,80,10
64680,90,80,10
64681,2,0,2
64684,11,8,3
64685,11,8,3
64686,27,24,3
64687,27,24,3
64688,41,33,8
64689,41,33,8
64690,5,5,0
64691,5,5,0
64692,41,33,8
64693,41,33,8
64694,41,33,8
64695,41,33,8
64696,3,2,1
64697,3,2,1
64700,29,10,19
64701,11,10,1
64702,13,12,1
64703,13,12,1
64704,13,12,1
64705,11,10,1
64706,11,10,1
64707,15,14,1
64708,15,14,1
64709,41,33,8
64710,41,33,8
64711,7,5,2
64712,7,5,2
64715,16,11,5
64716,16,11,5
64717,16,11,5
64718,11,7,4
64719,26,7,19
64720,26,7,19
64721,26,7,19
64726,21,8,13
64727,1,0,1
64728,19,13,6
64729,41,33,8
64730,23,10,13
64731,23,10,13
64732,41,33,8
64735,35,26,9
64736,35,26,9
64737,8,2,6
64738,2,2,0
64739,2,2,0
64740,49,28,21
64741,49,28,21
64742,12,5,7
64743,12,5,7
64744,12,6,6
64745,162,132,30
64746,46,42,4
64770,3,1,2
64771,3,1,2
64772,1,0,1
64773,4,1,3
64776,8,6,2
64783,5,5,0
64784,52,43,9
64785,11,8,3
64786,71,62,9
64787,71,62,9
64788,71,62,9
64789,43,37,6
64790,122,96,26
64791,122,96,26
64792,122,96,26
64793,148,131,17
64794,19,19,0
64795,39,37,2
64796,39,37,2
64797,39,37,2
64798,39,37,2
64799,19,19,0
64800,12,11,1
64801,4,3,1
64802,122,96,26
64803,122,96,26
64804,29,21,8
64805,29,21,8
64806,14,12,2
64807,14,12,2
64808,19,19,0
64809,148,131,17
64810,15,9,6
64811,23,17,6
64812,38,33,5
64813,52,43,9
64814,148,131,17
64815,148,131,17
64816,148,131,17
64817,148,131,17
64818,12,12,0
64819,58,51,7
64820,78,66,12
64821,78,66,12
64822,78,66,12
64823,65,57,8
64824,163,128,35
64827,43,40,3
64828,43,40,3
64829,163,128,35
64830,173,155,18
64831,22,20,2
64832,42,37,5
64833,42,37,5
64834,11,11,0
64835,11,11,0
64836,18,17,1
64837,163,128,35
64838,29,27,2
64839,29,27,2
64840,29,27,2
64841,33,27,6
64842,33,27,6
64843,173,155,18
64845,19,19,0
64847,58,51,7
64848,25,19,6
64849,173,155,18
64850,173,155,18
64851,173,155,18
64852,173,155,18
64853,173,155,18
64854,173,155,18
64855,173,155,18
64856,173,155,18
64857,79,71,8
64858,79,71,8
64859,7,7,0
64860,15,15,0
64861,15,15,0
64862,79,71,8
64863,110,86,24
64864,110,86,24
64865,149,115,34
64866,149,115,34
64867,23,11,12
64868,23,11,12
64869,13,3,10
64870,13,3,10
64871,13,3,10
64872,13,3,10
64873,23,11,12
64874,23,11,12
64875,2,0,2
64876,9,0,9
64877,9,0,9
64887,4,4,0
64888,4,4,0
64894,11,9,2
64895,11,9,2
64896,11,9,2
64897,11,9,2
64901,17,10,7
64902,17,10,7
64903,14,3,11
64904,8,4,4
64905,6,4,2
64906,6,4,2
64907,6,4,2
64908,6,4,2
64909,14,3,11
64910,17,10,7
64911,10,8,2
64912,10,8,2
64913,10,8,2
64914,8,4,4
64915,8,4,4
64916,3,0,3
64917,3,0,3
64918,8,4,4
64919,15,4,11
64922,15,4,11
64925,9,6,3
64926,1,0,1
64927,17,10,7
64935,37,31,6
64936,37,31,6
64937,10,5,5
64938,15,11,4
64939,15,11,4
64953,4,2,2
64954,4,2,2
64955,2,0,2
64956,2,0,2
64967,3,3,0
64968,3,3,0
65047,13,8,5
65097,18,18,0
65098,2,0,2
65099,2,0,2
65100,28,28,0
65101,28,28,0
65102,6,1,5
65105,19,12,7
65106,19,12,7
65107,10,3,7
65108,19,12,7
65109,50,45,5
65110,5,5,0
65111,5,5,0
65112,5,5,0
65113,5,4,1
65114,2,1,1
65115,50,45,5
65119,29,24,5
65120,2,1,1
65121,2,1,1
65126,50,45,5
65127,50,45,5
65128,50,45,5
65129,50,45,5
65130,50,45,5
65133,9,9,0
65134,10,10,0
65135,22,15,7
65136,40,33,7
65137,40,33,7
65138,40,33,7
65139,24,15,9
65140,24,15,9
65141,5,2,3
65142,5,2,3
65143,24,15,9
65144,110,86,24
65145,110,86,24
65146,110,86,24
65147,46,37,9
65148,13,13,0
65149,16,16,0
65150,16,16,0
65151,16,16,0
65152,16,16,0
65153,10,10,0
65154,10,10,0
65155,110,86,24
65156,110,86,24
65157,2,2,0
65158,2,2,0
65159,8,6,2
65160,8,6,2
65161,35,27,8
65162,8,3,5
65163,25,18,7
65164,22,15,7
65165,35,27,8
65166,35,27,8
65167,35,27,8
65168,35,27,8
65169,46,37,9
65170,46,37,9
65171,46,37,9
65172,46,37,9
65173,162,132,30
65174,35,25,10
65175,37,29,8
65176,85,66,19
65177,85,66,19
65178,85,66,19
65179,76,58,18
65180,7,6,1
65181,85,66,19
65182,76,58,18
65183,285,138,147
65184,285,138,147
65186,36,21,15
65188,36,21,15
65204,27,22,5
65205,7,1,6
65206,33,23,10
65207,33,23,10
65208,33,23,10
65209,33,23,10
65210,27,23,4
65211,27,22,5
65212,46,16,30
65214,46,16,30
65215,38,25,13
65216,11,11,0
65217,11,11,0
65218,11,11,0
65219,11,11,0
65220,11,11,0
65221,11,11,0
65222,9,9,0
65223,10,10,0
65224,36,21,15
65225,2,1,1
65226,2,1,1
65229,38,25,13
65230,38,25,13
65231,3,2,1
65232,28,21,7
65233,4,1,3
65234,27,22,5
65235,8,3,5
65236,38,25,13
65237,38,25,13
65238,38,25,13
65239,38,25,13
65240,38,25,13
65241,38,25,13
65242,38,25,13
65243,38,25,13
65244,78,40,38
65245,37,30,7
65251,54,42,12
65252,54,42,12
65253,54,42,12
65254,54,42,12
65255,37,30,7
65256,37,30,7
65257,3,0,3
65258,37,30,7
65259,6,2,4
65260,37,30,7
65263,37,30,7
65264,63,24,39
65265,63,24,39
65266,89,61,28
65267,16,15,1
65268,22,21,1
65269,22,21,1
65270,22,21,1
65271,22,21,1
65272,16,15,1
65273,12,12,0
65274,2,0,2
65275,15,12,3
65276,15,12,3
65277,63,24,39
65278,89,61,28
65279,41,19,22
65280,10,7,3
65281,35,29,6
65282,78,40,38
65283,23,19,4
65284,26,17,9
65285,26,17,9
65286,26,17,9
65287,26,17,9
65288,23,20,3
65289,7,4,3
65290,7,4,3
65291,39,32,7
65292,5,1,4
65293,5,1,4
65295,5,1,4
65296,5,1,4
65297,39,32,7
65298,20,10,10
65299,9,9,0
65300,9,9,0
65301,9,9,0
65302,9,9,0
65303,9,9,0
65304,9,9,0
65305,13,9,4
65306,9,9,0
65307,9,9,0
65308,39,32,7
65309,31,17,14
65310,22,21,1
65311,7,4,3
65312,23,19,4
65313,10,5,5
65314,20,10,10
65315,20,10,10
65316,20,10,10
65317,20,10,10
65318,20,10,10
65319,20,10,10
65320,20,10,10
65321,20,10,10
65322,20,10,10
65323,20,10,10
65324,20,10,10
65325,20,10,10
65326,37,30,7
65327,10,2,8
65328,89,61,28
65329,89,61,28
65330,89,61,28
65331,89,61,28
65332,89,61,28
65333,89,61,28
65334,89,61,28
65335,89,61,28
65336,79,44,35
65337,12,6,6
65338,100,50,50
65339,100,50,50
65340,63,41,22
65341,38,24,14
65342,151,75,76
65343,151,75,76
65345,151,75,76
65346,149,72,77
65347,38,14,24
65348,38,14,24
65349,151,75,76
65350,151,75,76
65351,31,17,14
65352,31,17,14
65353,20,14,6
65354,20,14,6
65355,149,72,77
65356,72,45,27
65357,13,9,4
65358,11,6,5
65359,11,6,5
65360,16,13,3
65361,16,13,3
65362,10,7,3
65363,24,17,7
65364,24,17,7
65365,24,17,7
65366,34,29,5
65367,34,29,5
65368,34,29,5
65369,34,29,5
65370,73,41,32
65371,149,72,77
65372,149,72,77
65373,149,72,77
65374,149,72,77
65375,149,72,77
65376,149,72,77
65377,149,72,77
65378,149,72,77
65381,166,74,92
65382,36,26,10
65383,36,26,10
65384,15,10,5
65385,20,14,6
65386,16,5,11
65387,14,8,6
65388,54,37,17
65389,11,4,7
65390,11,4,7
65391,54,37,17
65392,3,2,1
65393,19,16,3
65396,188,145,43
65397,281,132,149
65398,281,132,149
65399,281,132,149
65400,61,36,25
65403,61,36,25
65404,146,60,86
65405,146,60,86
65406,10,1,9
65408,10,1,9
65409,13,2,11
65410,198,68,130
65411,198,68,130
65412,281,132,149
65413,281,132,149
65414,78,62,16
65415,78,62,16
65416,153,103,50
65417,25,15,10
65418,25,15,10
65419,175,92,83
65420,175,92,83
65421,21,16,5
65422,140,102,38
65423,4,3,1
65424,229,83,146
65425,56,40,16
65426,56,40,16
65427,229,83,146
65428,187,103,84
65429,12,11,1
65430,14,14,0
65431,14,14,0
65432,14,14,0
65433,19,17,2
65434,19,17,2
65435,5,2,3
65436,5,2,3
65437,19,17,2
65438,25,21,4
65439,25,21,4
65440,50,22,28
65441,50,22,28
65442,187,103,84
65446,113,55,58
65447,6,2,4
65448,229,83,146
65453,229,83,146
65454,76,22,54
65455,76,22,54
65457,113,55,58
65485,136,91,45
65491,122,80,42
65492,122,80,42
65494,136,91,45
65496,95,67,28
65497,95,67,28
65498,95,67,28
65500,82,27,55
65501,95,67,28
65502,20,8,12
65503,20,8,12
65507,20,13,7
65508,104,66,38
65509,80,37,43
65510,5,4,1
65511,5,4,1
65512,80,37,43
65513,80,37,43
65514,187,103,84
65515,187,103,84
65516,187,103,84
65517,30,21,9
65518,30,21,9
65519,9,6,3
65528,47,38,9
65529,47,38,9
65530,2,2,0
65532,2,2,0
65533,20,17,3
65534,20,17,3
65536,55,27,28
65537,55,27,28
65538,2,0,2
65539,2,0,2
65540,230,140,90
65541,230,140,90
65542,15,9,6
65543,15,9,6
65544,46,28,18
65545,46,28,18
65546,45,31,14
65547,2,1,1
65548,4,1,3
65567,21,15,6
65568,21,15,6
65569,5,1,4
65570,5,1,4
65575,71,37,34
65576,89,43,46
65577,89,43,46
65578,89,43,46
65579,74,39,35
65581,124,39,85
65582,124,39,85
65583,116,45,71
65584,19,9,10
65585,34,15,19
65586,34,15,19
65587,13,5,8
65588,124,39,85
65589,32,15,17
65590,116,45,71
65591,13,12,1
65592,13,12,1
65593,116,45,71
65594,116,45,71
65595,116,45,71
65596,116,45,71
65597,116,45,71
65598,116,45,71
65599,116,45,71
65600,116,45,71
65601,80,47,33
65602,92,47,45
65603,92,47,45
65604,92,47,45
65605,74,45,29
65606,156,78,78
65607,156,78,78
65608,17,8,9
65611,156,78,78
65612,140,85,55
65613,25,13,12
65614,36,11,25
65618,140,85,55
65619,140,85,55
65620,140,85,55
65621,140,85,55
65623,166,74,92
65624,8,6,2
65625,81,53,28
65626,81,53,28
65628,15,11,4
65629,16,11,5
65630,16,11,5
65631,21,16,5
65632,17,4,13
65633,17,4,13
65634,16,11,5
65635,4,4,0
65636,17,4,13
65637,16,11,5
65638,16,11,5
65639,16,11,5
65640,16,11,5
65641,4,4,0
65642,136,82,54
65643,31,29,2
65644,22,18,4
65645,22,18,4
65646,7,4,3
65647,7,4,3
65648,22,18,4
65649,57,37,20
65650,5,5,0
65651,57,37,20
65652,51,46,5
65653,51,46,5
65654,51,46,5
65655,51,46,5
65656,51,46,5
65657,51,46,5
65658,51,46,5
65659,51,46,5
65660,51,46,5
65682,8,3,5
65685,8,3,5
65692,84,31,53
65693,84,31,53
65696,84,31,53
65697,84,31,53
65698,86,42,44
65699,84,31,53
65700,55,30,25
65701,55,30,25
65702,55,30,25
65703,55,30,25
65706,3,2,1
65707,55,30,25
65708,242,102,140
65709,36,22,14
65710,36,22,14
65711,136,74,62
65712,136,74,62
65713,16,11,5
65714,6,1,5
65715,9,3,6
65716,201,114,87
65717,18,16,2
65718,40,29,11
65719,40,29,11
65720,1,0,1
65722,1,0,1
65723,4,0,4
65724,8,5,3
65725,8,5,3
65726,2,0,2
65727,2,0,2
65728,7,7,0
65729,40,29,11
65730,40,29,11
65763,14,12,2
65764,16,11,5
65765,16,11,5
65766,16,11,5
65767,2,0,2
65768,2,0,2
65769,22,9,13
65770,10,0,10
65771,4,0,4
65772,22,9,13
65773,22,9,13
65774,22,9,13
65775,22,9,13
65776,22,9,13
65777,22,9,13
65778,22,9,13
65779,22,9,13
65780,21,15,6
65781,2,1,1
65782,123,69,54
65784,56,31,25
65785,44,35,9
65786,56,31,25
65787,24,19,5
65788,24,19,5
65789,24,20,4
65790,3,0,3
65792,18,12,6
65804,18,12,6
65805,24,19,5
65806,242,102,140
65807,242,102,140
65810,35,25,10
65811,14,12,2
65812,14,11,3
65813,14,11,3
65814,14,11,3
65815,14,11,3
65816,14,11,3
65817,20,4,16
65818,20,4,16
65819,26,20,6
65820,2,2,0
65821,4,4,0
65822,1,0,1
65824,1,0,1
65825,14,10,4
65826,35,25,10
65827,26,20,6
65828,26,20,6
65829,26,20,6
65830,151,75,76
65831,13,9,4
65832,13,9,4
65833,132,84,48
65834,22,7,15
65835,22,7,15
65836,132,84,48
65837,2,1,1
65838,2,1,1
65839,1,0,1
65840,22,14,8
65841,22,14,8
65842,1,0,1
65843,1,0,1
65844,31,25,6
65845,51,34,17
65846,76,49,27
65847,76,49,27
65848,76,49,27
65849,76,49,27
65850,52,30,22
65851,115,56,59
65852,115,56,59
65853,5,3,2
65854,5,3,2
65855,115,56,59
65856,105,54,51
65857,21,9,12
65858,115,56,59
65859,115,56,59
65860,105,54,51
65861,37,13,24
65862,11,4,7
65863,11,4,7
65864,11,4,7
65865,42,26,16
65866,51,34,17
65867,57,27,30
65868,105,54,51
65869,105,54,51
65870,105,54,51
65871,105,54,51
65872,234,131,103
65873,234,131,103
65874,234,131,103
65876,2,0,2
65881,16,8,8
65884,2,0,2
65885,2,0,2
65886,2,0,2
65887,77,50,27
65888,77,50,27
65889,18,14,4
65891,18,14,4
65892,77,50,27
65893,77,50,27
65894,9,6,3
65895,126,54,72
65896,126,54,72
65898,7,6,1
65899,126,54,72
65900,11,7,4
65901,32,13,19
65902,32,13,19
65903,77,50,27
65904,77,50,27
65905,234,131,103
65906,234,131,103
65907,2,0,2
65910,16,8,8
65911,2,0,2
65913,19,6,13
65914,3,0,3
65915,29,8,21
65916,29,8,21
65917,29,8,21
65918,134,73,61
65919,10,10,0
65920,10,10,0
65921,143,89,54
65922,134,73,61
65923,50,25,25
65924,69,46,23
65925,69,46,23
65930,6,6,0
65932,38,25,13
65933,38,25,13
65934,219,163,56
65935,219,163,56
65936,219,163,56
65937,219,163,56
65938,219,163,56
65939,78,49,29
65941,78,49,29
65942,4,0,4
65943,4,0,4
65944,105,68,37
65945,43,30,13
65946,76,59,17
65947,76,59,17
65948,76,59,17
65949,76,59,17
65950,43,30,13
65951,71,61,10
65952,11,7,4
65953,40,32,8
65954,40,32,8
65955,219,163,56
65956,219,163,56
65959,32,22,10
65960,32,22,10
65961,32,22,10
65962,22,16,6
65963,76,45,31
65964,76,45,31
65965,76,45,31
65966,60,48,12
65967,21,15,6
65968,20,16,4
65969,18,12,6
65970,219,163,56
65971,7,4,3
65972,7,4,3
65975,7,4,3
65976,7,4,3
65977,90,44,46
65978,90,44,46
65979,1,1,0
65985,1,1,0
65988,5,2,3
65991,238,146,92
65992,31,22,9
65993,14,12,2
65994,14,12,2
65995,14,12,2
65996,14,12,2
66007,3,3,0
66008,4,1,3
66009,4,1,3
66010,4,1,3
66014,114,62,52
66016,24,18,6
66017,14,10,4
66018,14,10,4
66019,17,12,5
66020,17,12,5
66021,9,6,3
66022,9,6,3
66023,2,0,2
66026,30,18,12
66027,67,42,25
66028,79,45,34
66029,52,42,10
66030,89,64,25
66034,14,6,8
66035,5,2,3
66036,2,0,2
66037,5,2,3
66038,54,20,34
66039,25,12,13
66040,54,20,34
66043,5,0,5
66044,5,0,5
66045,12,7,5
66048,3,0,3
66049,3,0,3
66061,7,4,3
66062,7,4,3
66063,7,4,3
66064,7,4,3
66065,26,7,19
66080,8,2,6
66081,8,2,6
66084,8,0,8
66085,1,1,0
66092,7,2,5
66093,1,0,1
66094,20,2,18
66095,20,2,18
66097,2,2,0
66101,28,4,24
66102,69,22,47
66103,40,4,36
66104,69,22,47
66105,40,4,36
66106,40,4,36
66107,4,2,2
66111,20,5,15
66112,20,5,15
66113,2,0,2
66114,5,0,5
66115,172,139,33
66116,83,45,38
66117,83,45,38
66118,83,45,38
66119,9,5,4
66120,9,5,4
66122,9,5,4
66123,9,5,4
66124,14,7,7
66125,14,7,7
66126,1,1,0
66127,1,1,0
66128,83,45,38
66129,83,45,38
66130,18,16,2
66131,17,14,3
66132,17,14,3
66133,17,14,3
66134,17,14,3
66135,19,17,2
66136,24,0,24
66137,24,0,24
66138,10,8,2
66144,10,8,2
66145,1,0,1
66148,20,17,3
66149,83,45,38
66150,18,16,2
66151,6,2,4
66152,10,8,2
66153,10,8,2
66154,10,8,2
66155,10,8,2
66156,10,8,2
66157,10,8,2
66158,10,8,2
66159,10,8,2
66167,277,139,138
66168,22,10,12
66169,115,98,17
66170,115,98,17
66171,9,9,0
66173,7,4,3
66174,7,4,3
66176,12,1,11
66177,12,1,11
66178,12,4,8
66179,12,4,8
66181,11,5,6
66182,11,5,6
66183,86,31,55
66185,2,1,1
66188,10,2,8
66189,10,2,8
66190,2,0,2
66192,2,0,2
66193,9,4,5
66194,126,88,38
66196,4,4,0
66198,4,4,0
66199,4,4,0
66203,37,34,3
66204,4,0,4
66205,2,0,2
66206,2,0,2
66207,4,0,4
66208,15,7,8
66209,15,7,8
66212,105,36,69
66213,9,5,4
66214,18,9,9
66220,11,5,6
66221,11,5,6
66222,11,5,6
66223,11,5,6
66224,11,5,6
66225,11,5,6
66227,11,5,6
66228,11,5,6
66230,83,41,42
66231,6,2,4
66232,36,20,16
66233,36,20,16
66234,36,20,16
66235,36,20,16
66236,23,8,15
66237,23,8,15
66239,29,14,15
66252,36,20,16
66253,36,20,16
66254,2,0,2
66255,2,0,2
66273,45,26,19
66274,57,31,26
66275,57,31,26
66276,57,31,26
66277,57,31,26
66278,43,24,19
66279,131,53,78
66280,131,53,78
66281,131,53,78
66282,82,36,46
66283,8,1,7
66284,19,2,17
66285,82,36,46
66286,37,25,12
66287,7,4,3
66288,41,17,24
66289,82,36,46
66290,82,36,46
66291,82,36,46
66292,82,36,46
66295,11,6,5
66325,119,59,60
66338,119,59,60
66339,7,7,0
66340,7,7,0
66341,7,7,0
66342,35,30,5
66343,38,17,21
66345,10,8,2
66346,10,8,2
66350,9,6,3
66351,2,0,2
66352,2,0,2
66353,9,6,3
66354,8,7,1
66355,13,2,11
66356,9,8,1
66357,8,7,1
66358,9,8,1
66359,38,17,21
66382,234,131,103
66383,7,0,7
66384,10,3,7
66387,43,32,11
66388,42,33,9
66389,42,33,9
66390,42,33,9
66391,42,33,9
66392,30,23,7
66393,57,38,19
66394,2,2,0
66395,2,2,0
66396,57,38,19
66398,93,56,37
66399,3,3,0
66400,1,1,0
66401,57,38,19
66402,42,33,9
66403,42,33,9
66404,16,14,2
66405,93,56,37
66406,5,5,0
66407,46,22,24
66408,93,56,37
66409,13,10,3
66413,3,3,0
66414,49,46,3
66415,49,46,3
66422,8,2,6
66423,8,2,6
66424,6,0,6
66425,6,0,6
66426,6,0,6
66427,6,0,6
66428,11,5,6
66445,55,34,21
66446,55,34,21
66447,76,39,37
66448,20,9,11
66450,20,9,11
66451,30,7,23
66452,90,44,46
66455,90,44,46
66463,18,11,7
66464,18,11,7
66465,15,10,5
66466,15,10,5
66467,76,39,37
66480,76,39,37
66482,26,14,12
66483,26,14,12
66519,26,14,12
66520,26,14,12
66541,1,1,0
66542,1,1,0
66543,223,142,81
66548,17,15,2
66549,17,15,2
66550,17,15,2
66551,17,15,2
66558,22,14,8
66559,22,14,8
66560,54,25,29
66561,54,25,29
66562,54,25,29
66563,54,25,29
66564,20,10,10
66565,54,25,29
66566,54,25,29
66567,11,6,5
66568,8,4,4
66569,26,8,18
66570,54,25,29
66571,21,5,16
66572,1,0,1
66573,21,5,16
66575,16,16,0
66580,17,13,4
66581,17,13,4
66582,4,0,4
66583,4,0,4
66584,4,0,4
66585,17,13,4
66586,17,13,4
66587,19,19,0
66588,10,6,4
66589,10,6,4
66590,10,8,2
66598,10,6,4
66599,10,8,2
66600,9,0,9
66604,16,16,0
66605,16,16,0
66606,4,0,4
66607,10,8,2
66608,10,8,2
66609,10,8,2
66610,10,8,2
66611,10,8,2
66612,10,8,2
66613,10,8,2
66614,73,40,33
66615,73,40,33
66616,3,0,3
66618,3,0,3
66619,5,1,4
66621,1,0,1
66622,66,37,29
66623,6,2,4
66624,47,32,15
66625,47,32,15
66626,47,32,15
66628,67,40,27
66629,7,7,0
66630,7,5,2
66631,7,5,2
66632,7,5,2
66633,8,7,1
66634,7,6,1
66635,7,7,0
66636,67,40,27
66637,37,16,21
66638,7,6,1
66639,40,30,10
66640,40,30,10
66641,40,30,10
66642,40,30,10
66643,45,18,27
66644,45,18,27
66645,18,8,10
66646,18,8,10
66647,14,14,0
66648,14,14,0
66666,13,7,6
66671,6,3,3
66672,6,3,3
66677,23,18,5
66678,23,18,5
66679,12,11,1
66681,12,11,1
66682,15,15,0
66683,15,14,1
66684,15,14,1
66685,14,13,1
66686,14,13,1
66687,3,0,3
66688,14,13,1
66690,7,7,0
66692,4,0,4
66693,7,7,0
66694,7,7,0
66695,7,7,0
66696,7,7,0
66697,7,7,0
66698,7,7,0
66699,7,7,0
66700,7,7,0
66717,136,57,79
66718,3,3,0
66719,3,3,0
66722,5,3,2
66723,5,3,2
66737,1,1,0
66738,1,1,0
66739,1,1,0
66759,9,3,6
66762,9,6,3
66763,9,6,3
66764,6,1,5
66766,6,1,5
66769,9,3,6
66770,9,3,6
66771,107,53,54
66772,107,53,54
66778,107,53,54
66779,50,37,13
66780,107,53,54
66781,167,81,86
66782,61,40,21
66783,61,40,21
66784,243,139,104
66785,115,91,24
66786,49,46,3
66787,16,9,7
66789,16,9,7
66790,243,139,104
66791,111,103,8
66792,70,20,50
66793,94,50,44
66794,70,20,50
66795,26,23,3
66796,26,23,3
66797,26,23,3
66798,105,37,68
66799,120,48,72
66800,105,37,68
66801,23,13,10
66802,3,0,3
66803,3,0,3
66804,21,16,5
66807,8,4,4
66808,45,27,18
66809,51,26,25
66810,51,26,25
66813,51,26,25
66814,7,1,6
66815,7,1,6
66816,10,6,4
66817,145,62,83
66818,91,39,52
66819,91,39,52
66820,58,31,27
66821,58,31,27
66822,58,31,27
66823,58,31,27
66824,58,31,27
66827,7,6,1
66828,5,2,3
66847,94,44,50
66848,94,44,50
66849,46,22,24
66850,243,139,104
66852,28,17,11
66853,108,86,22
66854,173,133,40
66855,145,108,37
66856,101,84,17
66857,95,85,10
66858,95,85,10
66859,95,85,10
66860,2,0,2
66861,2,0,2
66862,78,51,27
66863,78,51,27
66864,27,16,11
66865,286,131,155
66866,286,131,155
66867,105,59,46
66868,2,2,0
66869,146,96,50
66870,62,39,23
66878,169,118,51
66879,30,26,4
66880,30,26,4
66881,73,48,25
66882,73,48,25
66883,73,48,25
66884,32,25,7
66885,4,4,0
66886,73,48,25
66887,5,4,1
66888,5,4,1
66889,20,14,6
66890,32,25,7
66891,17,7,10
66892,17,7,10
66893,17,7,10
66894,32,25,7
66895,32,25,7
66896,32,25,7
66897,32,25,7
66898,32,25,7
66899,32,25,7
66900,32,25,7
66901,32,25,7
66904,169,118,51
66905,1,1,0
66906,1,1,0
66907,12,11,1
66908,12,11,1
66909,65,50,15
66911,3,3,0
66915,15,9,6
66916,15,9,6
66927,30,27,3
66928,36,23,13
66929,49,25,24
66930,49,25,24
66931,21,12,9
66932,21,12,9
66934,20,12,8
66935,20,12,8
66937,20,12,8
66938,20,12,8
66939,21,12,9
66940,21,12,9
66941,49,25,24
66942,49,25,24
66969,42,28,14
66970,4,4,0
66972,4,4,0
66974,96,48,48
66990,96,48,48
66991,59,39,20
66992,5,3,2
66993,14,3,11
66994,14,3,11
66995,59,39,20
67007,2,2,0
67008,17,16,1
67009,14,14,0
67010,14,14,0
67011,14,14,0
67012,16,14,2
67013,16,14,2
67014,3,0,3
67015,3,0,3
67016,16,14,2
67017,1,0,1
67020,1,0,1
67021,1,0,1
67022,9,7,2
67028,1,0,1
67029,9,7,2
67030,5,3,2
67031,5,3,2
67032,9,7,2
67033,9,7,2
67034,9,7,2
67035,9,7,2
67036,9,7,2
67037,9,7,2
67038,9,7,2
67039,9,7,2
67040,8,6,2
67041,31,21,10
67042,12,6,6
67049,6,5,1
67050,4,2,2
67051,28,17,11
67052,59,39,20
67053,59,39,20
67054,2,1,1
67056,59,39,20
67057,142,141,1
67058,92,42,50
67059,92,42,50
67060,13,5,8
67061,13,5,8
67062,142,141,1
67064,80,50,30
67065,35,25,10
67066,35,25,10
67067,35,25,10
67068,35,25,10
67069,157,74,83
67070,157,74,83
67071,19,13,6
67072,20,16,4
67073,20,16,4
67074,20,16,4
67075,20,16,4
67076,22,15,7
67077,22,15,7
67078,5,2,3
67079,5,2,3
67080,22,15,7
67081,33,13,20
67084,33,13,20
67085,19,15,4
67093,33,13,20
67094,1,1,0
67095,1,1,0
67096,1,1,0
67097,1,1,0
67098,19,15,4
67102,19,13,6
67103,8,4,4
67104,19,15,4
67105,19,15,4
67106,19,15,4
67107,19,15,4
67108,52,29,23
67109,52,29,23
67110,13,9,4
67111,13,9,4
67112,65,39,26
67113,65,39,26
67114,65,39,26
67115,3,0,3
67116,3,0,3
67117,7,2,5
67118,7,2,5
67119,8,6,2
67120,4,0,4
67121,8,6,2
67123,16,5,11
67124,16,5,11
67125,116,62,54
67126,14,8,6
67127,116,62,54
67128,105,85,20
67129,105,59,46
67130,105,59,46
67131,105,59,46
67132,105,59,46
67133,105,59,46
67134,105,59,46
67135,16,15,1
67136,16,15,1
67141,28,25,3
67143,6,0,6
67144,6,0,6
67145,6,0,6
67146,6,0,6
67147,14,0,14
67149,9,6,3
67170,14,6,8
67172,7,6,1
67237,21,16,5
67238,5,2,3
67239,5,2,3
67247,37,21,16
67342,29,14,15
67375,2,2,0
67376,2,2,0
67425,3,3,0
67426,3,3,0
67437,90,62,28
67438,90,62,28
67439,1,0,1
67440,1,0,1
67441,7,2,5
67442,7,2,5
67443,7,2,5
67444,7,2,5
67445,175,92,83
67446,140,102,38
67447,229,83,146
67448,229,83,146
67449,187,103,84
67450,187,103,84
67451,187,103,84
67452,187,103,84
67453,187,103,84
67454,187,103,84
67455,187,103,84
67456,187,103,84
67457,97,61,36
67458,109,66,43
67459,109,66,43
67460,109,66,43
67461,109,66,43
67462,99,61,38
67463,220,98,122
67464,220,98,122
67465,220,98,122
67466,192,106,86
67467,14,8,6
67468,34,19,15
67469,34,19,15
67470,220,98,122
67471,220,98,122
67472,192,106,86
67473,32,13,19
67474,32,13,19
67475,17,8,9
67476,29,20,9
67478,29,20,9
67479,73,44,29
67480,27,23,4
67481,97,61,36
67482,88,46,42
67483,192,106,86
67484,192,106,86
67485,192,106,86
67486,134,73,61
67487,134,73,61
67488,146,65,81
67489,198,68,130
67490,198,68,130
67491,200,138,62
67492,20,5,15
67493,20,5,15
67494,17,14,3
67495,16,13,3
67496,16,13,3
67497,16,13,3
67498,16,13,3
67499,18,15,3
67501,20,5,15
67502,17,13,4
67503,20,14,6
67507,20,14,6
67508,7,1,6
67509,3,2,1
67510,20,14,6
67511,20,14,6
67512,20,14,6
67513,20,14,6
67519,3,3,0
67520,3,3,0
67521,3,3,0
67522,3,3,0
67523,17,9,8
67525,12,12,0
67526,14,14,0
67527,4,3,1
67529,3,3,0
67530,3,3,0
67531,3,3,0
67532,3,3,0
67533,3,3,0
67534,3,3,0
67535,3,3,0
67536,3,3,0
67537,3,3,0
67538,3,3,0
67539,3,3,0
67546,13,10,3
67552,70,54,16
67553,92,64,28
67554,92,64,28
67555,92,64,28
67556,69,65,4
67557,45,34,11
67558,45,34,11
67559,130,85,45
67560,130,85,45
67561,1,0,1
67562,49,27,22
67563,49,27,22
67564,2,2,0
67569,4,4,0
67585,5,3,2
67586,49,36,13
67587,130,85,45
67588,130,85,45
67589,1,0,1
67590,1,0,1
67591,5,2,3
67592,3,3,0
67603,69,51,18
67609,4,0,4
67610,4,0,4
67643,8,8,0
67644,8,8,0
67645,8,8,0
67646,8,8,0
67647,7,7,0
67648,7,7,0
67656,42,28,14
67657,42,28,14
67658,23,20,3
67659,40,26,14
67660,40,26,14
67661,26,20,6
67662,48,23,25
67665,48,23,25
67666,39,33,6
67667,3,3,0
67668,48,23,25
67669,23,17,6
67670,23,17,6
67671,23,17,6
67672,23,20,3
67673,9,7,2
67674,39,33,6
67675,39,33,6
67676,39,33,6
67677,39,33,6
67678,39,33,6
67679,39,33,6
67680,39,33,6
67681,39,33,6
67682,29,21,8
67683,1,0,1
67684,1,0,1
67685,36,26,10
67686,36,26,10
67687,36,26,10
67688,36,26,10
67689,52,23,29
67690,52,23,29
67691,71,53,18
67692,13,11,2
67693,20,15,5
67694,20,15,5
67695,20,15,5
67696,13,11,2
67697,8,8,0
67698,12,11,1
67699,52,23,29
67700,71,53,18
67701,9,2,7
67702,9,2,7
67705,25,21,4
67706,71,53,18
67707,71,53,18
67708,71,53,18
67709,71,53,18
67710,42,28,14
67711,33,19,14
67712,33,19,14
67713,42,28,14
67714,4,4,0
67715,4,4,0
67716,4,4,0
67718,5,3,2
67720,5,3,2
67721,3,2,1
67725,5,5,0
67726,1,1,0
67731,4,4,0
67732,4,4,0
67733,4,4,0
67734,4,4,0
67735,17,14,3
67736,22,18,4
67737,22,18,4
67738,22,18,4
67739,22,18,4
67740,16,11,5
67741,16,11,5
67742,3,0,3
67743,3,0,3
67744,16,11,5
67747,22,9,13
67748,22,9,13
67749,35,31,4
67750,12,12,0
67751,13,13,0
67752,13,13,0
67753,13,13,0
67754,13,13,0
67755,12,12,0
67756,11,10,1
67757,3,2,1
67758,3,1,2
67759,11,10,1
67760,11,10,1
67761,22,9,13
67762,35,31,4
67763,7,4,3
67764,4,3,1
67765,19,15,4
67766,17,14,3
67767,5,1,4
67768,35,31,4
67769,3,1,2
67770,3,1,2
67771,4,4,0
67772,4,4,0
67783,4,4,0
67784,4,4,0
67792,3,0,3
67793,3,0,3
67794,37,9,28
67795,37,9,28
67796,63,27,36
67797,63,27,36
67799,1,1,0
67800,126,54,72
67801,42,22,20
67804,2,2,0
67805,2,2,0
67806,2,2,0
67807,2,2,0
67813,42,22,20
67814,126,54,72
67815,11,7,4
67816,11,7,4
67817,277,139,138
67818,277,139,138
67819,277,139,138
67821,4,4,0
67822,1,1,0
67823,1,1,0
67825,10,6,4
67826,1,0,1
67827,17,6,11
67829,16,10,6
67830,16,10,6
67831,16,10,6
67840,29,5,24
67841,29,5,24
67842,1,0,1
67845,50,36,14
67846,50,36,14
67847,2,1,1
67861,2,1,1
67863,4,2,2
67864,4,2,2
67865,78,37,41
67866,5,4,1
67906,78,37,41
67910,4,0,4
67911,4,0,4
67916,6,4,2
67917,6,4,2
67927,6,4,2
67928,6,4,2
67929,4,2,2
67930,4,2,2
67931,7,6,1
67932,7,6,1
67948,8,3,5
67949,8,3,5
67952,2,1,1
67953,2,1,1
67954,2,1,1
67956,2,1,1
67973,2,1,1
67974,2,1,1
67976,11,6,5
67977,11,6,5
67978,59,27,32
67981,11,11,0
67982,59,27,32
67995,58,31,27
67996,58,31,27
68000,8,7,1
68001,8,7,1
68002,18,9,9
68003,18,9,9
68004,18,9,9
68005,18,9,9
68025,24,20,4
68026,20,18,2
68027,20,18,2
68028,20,18,2
68029,20,18,2
68030,10,5,5
68031,10,5,5
68032,25,17,8
68033,25,17,8
68034,25,17,8
68035,8,2,6
68036,8,2,6
68037,8,2,6
68038,8,2,6
68039,4,0,4
68040,25,17,8
68041,25,17,8
68042,4,2,2
68043,27,5,22
68044,27,5,22
68045,15,12,3
68055,7,6,1
68056,15,12,3
68057,11,1,10
68058,2,1,1
68059,24,21,3
68060,24,20,4
68062,15,12,3
68063,15,12,3
68064,15,12,3
68065,15,12,3
68066,15,12,3
68067,15,12,3
68068,15,12,3
68069,15,12,3
68070,32,13,19
68071,4,0,4
68072,2,2,0
68073,2,2,0
68076,54,28,26
68077,54,28,26
68079,105,36,69
68080,105,36,69
68081,105,36,69
68082,105,36,69
68087,3,0,3
68088,3,0,3
68089,3,0,3
68090,3,0,3
68091,3,0,3
68092,3,0,3
68093,2,0,2
68095,2,0,2
68096,1,1,0
68097,11,1,10
68098,11,1,10
68099,11,1,10
68100,11,1,10
68103,4,0,4
68105,4,0,4
68108,19,17,2
68109,19,16,3
68110,19,16,3
68111,18,16,2
68112,18,16,2
68116,20,2,18
68117,20,2,18
68118,16,14,2
68123,16,14,2
68125,4,0,4
68126,16,14,2
68127,16,14,2
68128,16,14,2
68129,16,14,2
68130,16,14,2
68131,16,14,2
68132,16,14,2
68133,16,14,2
68134,16,14,2
68135,16,14,2
68136,16,14,2
68137,2,2,0
68146,2,2,0
68150,19,14,5
68151,19,13,6
68152,19,13,6
68153,19,14,5
68158,19,0,19
68159,19,0,19
68161,19,0,19
68162,17,4,13
68166,19,0,19
68170,17,4,13
68171,17,4,13
68172,17,4,13
68173,17,4,13
68174,17,4,13
68175,17,4,13
68176,17,4,13
68177,17,4,13
68178,17,4,13
68179,17,4,13
68180,7,4,3
68181,7,4,3
68183,7,4,3
68185,3,2,1
68186,4,1,3
68191,18,9,9
68192,18,9,9
68194,105,36,69
68195,7,4,3
68197,17,4,13
68198,17,4,13
68199,13,10,3
68200,6,1,5
68203,17,4,13
68204,8,0,8
68205,8,0,8
68206,9,0,9
68207,9,0,9
68255,2,0,2
68256,6,1,5
68257,6,1,5
68258,6,1,5
68259,6,1,5
68260,6,1,5
68261,6,1,5
68262,6,1,5
68263,6,1,5
68264,12,9,3
68265,12,9,3
68266,27,12,15
68272,14,13,1
68273,12,11,1
68274,12,11,1
68275,12,11,1
68276,14,13,1
68277,15,0,15
68278,6,5,1
68283,6,5,1
68284,6,5,1
68285,6,5,1
68286,6,5,1
68287,6,5,1
68288,6,5,1
68289,6,5,1
68290,6,5,1
68296,15,8,7
68297,15,8,7
68298,12,9,3
68299,17,0,17
68300,17,0,17
68301,11,3,8
68302,11,3,8
68303,11,3,8
68304,11,3,8
68305,11,3,8
68306,11,3,8
68307,11,3,8
68311,20,13,7
68312,20,13,7
68313,20,13,7
68314,20,13,7
68324,25,18,7
68327,28,20,8
68328,28,20,8
68329,28,20,8
68330,28,20,8
68331,30,25,5
68341,37,8,29
68342,37,8,29
68343,38,17,21
68344,7,6,1
68345,7,4,3
68346,7,4,3
68347,7,4,3
68348,7,4,3
68349,7,6,1
68350,37,8,29
68351,38,17,21
68352,13,3,10
68353,3,1,2
68354,24,18,6
68355,2,0,2
68356,25,18,7
68357,5,1,4
68358,38,17,21
68359,38,17,21
68360,38,17,21
68361,38,17,21
68362,38,17,21
68363,38,17,21
68364,38,17,21
68365,38,17,21
68367,5,0,5
68368,5,0,5
68369,5,0,5
68370,5,0,5
68371,3,2,1
68372,8,4,4
68373,4,3,1
68389,4,0,4
68390,4,0,4
68397,4,3,1
68398,4,3,1
68403,17,3,14
68404,17,15,2
68405,20,17,3
68406,18,16,2
68407,17,3,14
68408,16,14,2
68409,14,11,3
68411,14,11,3
68412,10,0,10
68413,2,1,1
68414,14,11,3
68415,14,11,3
68416,14,11,3
68417,14,11,3
68418,14,11,3
68419,14,11,3
68420,14,11,3
68421,14,11,3
68422,1,1,0
68424,6,0,6
68425,6,0,6
68426,6,0,6
68427,6,0,6
68428,20,19,1
68429,20,15,5
68430,20,15,5
68431,7,2,5
68432,20,15,5
68433,20,15,5
68435,16,14,2
68436,16,14,2
68437,16,14,2
68438,16,14,2
68439,16,14,2
68440,16,14,2
68441,16,14,2
68442,16,14,2
68443,16,14,2
68444,16,14,2
68445,16,14,2
68446,7,5,2
68447,9,5,4
68448,6,4,2
68449,6,4,2
68450,9,5,4
68451,15,7,8
68452,15,7,8
68453,16,13,3
68454,4,4,0
68455,15,7,8
68456,1,0,1
68457,16,13,3
68458,16,13,3
68459,11,8,3
68460,11,8,3
68461,11,8,3
68462,2,0,2
68463,2,0,2
68498,3,0,3
68499,3,0,3
68500,4,0,4
68501,13,0,13
68502,13,0,13
68503,13,0,13
68505,13,0,13
68506,8,5,3
68509,12,6,6
68510,9,2,7
68511,14,13,1
68512,14,13,1
68513,14,13,1
68514,14,13,1
68515,4,2,2
68516,4,2,2
68519,9,3,6
68520,9,3,6
68521,1,0,1
68522,9,3,6
68526,4,1,3
68542,8,0,8
68543,8,0,8
68544,8,0,8
68545,8,0,8
68546,8,0,8
68547,8,0,8
68548,8,0,8
68549,8,0,8
68557,3,1,2
68581,5,0,5
68582,5,0,5
68583,3,0,3
68585,3,0,3
68587,5,0,5
68592,6,0,6
68593,6,0,6
68594,6,0,6
68595,6,0,6
68596,6,4,2
68597,6,4,2
68598,37,22,15
68599,37,22,15
68600,37,22,15
68601,37,22,15
68602,37,22,15
68603,37,22,15
68607,2,0,2
68609,2,0,2
68610,1,1,0
68612,1,1,0
68616,9,0,9
68617,9,0,9
68618,10,0,10
68620,10,0,10
68621,9,0,9
68622,9,0,9
68624,14,0,14
68625,14,0,14
68626,3,0,3
68627,3,0,3
68629,3,0,3
68631,1,0,1
68632,14,0,14
68633,6,0,6
68634,14,0,14
68635,12,10,2
68636,7,2,5
68637,7,2,5
68639,7,5,2
68641,7,5,2
68643,13,7,6
68644,13,7,6
68645,13,7,6
68646,14,0,14
68647,14,0,14
68648,18,10,8
68649,18,7,11
68650,18,7,11
68651,18,7,11
68652,18,7,11
68653,18,10,8
68654,25,3,22
68655,25,3,22
68656,25,3,22
68657,25,3,22
68658,16,6,10
68660,25,3,22
68661,25,3,22
68662,25,3,22
68663,16,6,10
68664,14,0,14
68665,14,0,14
68666,5,0,5
68667,16,6,10
68668,16,6,10
68669,16,6,10
68677,5,4,1
68678,5,4,1
68679,12,2,10
68680,12,2,10
68681,12,2,10
68682,12,2,10
68684,9,8,1
68690,3,2,1
68691,3,2,1
68692,22,8,14
68693,37,22,15
68710,37,22,15
68730,27,20,7
68731,27,20,7
68732,27,20,7
68733,27,20,7
68737,12,9,3
68738,12,9,3
68743,8,0,8
68744,18,15,3
68746,19,13,6
68747,19,13,6
68748,19,13,6
68749,18,15,3
68752,23,0,23
68753,23,0,23
68754,19,6,13
68755,19,6,13
68756,12,0,12
68757,20,15,5
68758,8,0,8
68759,19,6,13
68760,19,6,13
68761,19,6,13
68762,19,6,13
68763,19,6,13
68764,19,6,13
68765,19,6,13
68766,19,6,13
68772,14,12,2
68773,16,14,2
68774,16,14,2
68775,14,12,2
68776,18,5,13
68777,18,5,13
68778,18,16,2
68785,18,16,2
68786,2,1,1
68787,15,12,3
68788,14,12,2
68789,18,16,2
68790,18,16,2
68791,18,16,2
68792,18,16,2
68793,12,12,0
68794,9,9,0
68795,9,9,0
68796,9,9,0
68797,9,9,0
68798,12,10,2
68799,12,10,2
68800,3,0,3
68801,3,0,3
68802,12,10,2
68805,2,0,2
68806,2,0,2
68807,16,15,1
68813,16,15,1
68814,4,0,4
68815,12,12,0
68817,16,15,1
68818,16,15,1
68819,5,0,5
68820,5,0,5
68821,18,4,14
68822,1,0,1
68823,18,4,14
68831,13,1,12
68832,13,1,12
68833,13,1,12
68834,13,1,12
68835,1,0,1
68836,13,1,12
68837,13,1,12
68842,5,0,5
68843,5,0,5
68844,5,0,5
68845,5,0,5
68853,30,19,11
68855,30,25,5
68856,4,2,2
68857,4,2,2
68858,35,28,7
68859,35,28,7
68860,8,2,6
68861,8,2,6
68862,31,19,12
68863,31,19,12
68864,31,19,12
68865,8,2,6
68866,8,2,6
68867,31,19,12
68868,31,19,12
68874,36,7,29
68875,36,7,29
68876,46,33,13
68877,8,6,2
68878,13,9,4
68879,13,9,4
68880,36,7,29
68881,30,19,11
68882,23,20,3
68883,23,20,3
68902,23,20,3
68903,23,20,3
68908,30,25,5
68909,46,33,13
68910,46,33,13
68911,46,33,13
68912,46,33,13
68913,46,33,13
68914,46,33,13
68915,46,33,13
68916,46,33,13
68917,30,23,7
68920,32,24,8
68921,32,24,8
68922,32,24,8
68923,32,24,8
68924,34,28,6
68925,34,28,6
68926,7,4,3
68927,7,4,3
68928,34,28,6
68929,2,0,2
68930,38,5,33
68931,38,5,33
68932,46,28,18
68933,12,9,3
68934,13,9,4
68935,13,9,4
68936,13,9,4
68937,13,9,4
68938,9,8,1
68939,4,1,3
68940,11,8,3
68941,11,8,3
68942,38,5,33
68943,46,28,18
68944,13,0,13
68947,26,22,4
68950,6,2,4
68951,6,2,4
68952,6,2,4
68953,6,2,4
68954,9,3,6
68955,2,2,0
68956,2,2,0
68957,4,2,2
68958,4,2,2
68959,30,23,7
68960,6,1,5
68961,46,28,18
68962,46,28,18
68963,46,28,18
68964,46,28,18
68965,46,28,18
68966,46,28,18
68967,46,28,18
68968,46,28,18
68969,46,28,18
68970,46,28,18
68971,9,3,6
68972,8,4,4
68973,8,4,4
68974,7,3,4
68975,7,3,4
68976,7,3,4
68977,8,4,4
68978,8,4,4
68990,3,3,0
69022,3,3,0
69023,4,3,1
69024,16,12,4
69026,15,11,4
69027,15,11,4
69028,15,11,4
69029,17,13,4
69030,1,0,1
69032,23,3,20
69033,23,3,20
69034,29,19,10
69035,5,5,0
69036,6,5,1
69037,6,5,1
69038,5,5,0
69039,5,5,0
69040,5,5,0
69041,6,6,0
69042,3,1,2
69043,3,1,2
69044,29,19,10
69045,9,2,7
69046,29,19,10
69047,29,19,10
69048,29,19,10
69049,29,19,10
69050,29,19,10
69051,29,19,10
69052,4,0,4
69074,5,4,1
69076,18,16,2
69078,16,13,3
69079,16,13,3
69080,16,13,3
69081,16,13,3
69082,18,16,2
69087,17,0,17
69088,17,0,17
69089,9,7,2
69093,9,7,2
69094,4,1,3
69095,19,16,3
69096,4,0,4
69097,9,7,2
69098,9,7,2
69099,9,7,2
69100,9,7,2
69101,9,7,2
69102,9,7,2
69103,9,7,2
69104,9,7,2
69106,10,2,8
69107,10,2,8
69108,10,0,10
69109,10,0,10
69110,10,2,8
69111,10,2,8
69112,10,0,10
69113,10,0,10
69119,8,3,5
69121,7,1,6
69122,7,1,6
69123,4,1,3
69124,4,1,3
69153,5,3,2
69154,5,1,4
69155,5,0,5
69156,5,1,4
69157,5,0,5
69158,4,0,4
69159,4,0,4
69160,4,0,4
69161,4,0,4
69162,4,0,4
69163,4,0,4
69166,3,1,2
69167,3,1,2
69169,7,3,4
69170,7,3,4
69171,9,1,8
69172,6,2,4
69173,6,2,4
69174,9,1,8
69175,2,0,2
69176,2,0,2
69178,2,0,2
69180,2,0,2
69181,8,2,6
69182,8,2,6
69183,8,0,8
69184,8,0,8
69185,8,2,6
69186,8,2,6
69187,8,0,8
69188,8,0,8
69201,9,0,9
69202,9,0,9
69203,9,0,9
69206,21,16,5
69207,21,16,5
69208,21,16,5
69209,2,0,2
69210,2,0,2
69211,21,16,5
69214,10,8,2
69215,10,8,2
69216,10,8,2
69217,10,8,2
69218,18,17,1
69219,3,0,3
69222,20,6,14
69223,19,18,1
69229,13,11,2
69230,6,2,4
69231,19,18,1
69232,19,18,1
69233,19,18,1
69234,19,18,1
69238,2,2,0
69282,19,11,8
69283,19,11,8
69284,92,45,47
69468,11,7,4
69482,4,2,2
69483,4,2,2
69484,4,2,2
69485,4,2,2
69503,18,15,3
69505,20,15,5
69506,20,15,5
69507,20,15,5
69508,20,15,5
69509,21,18,3
69510,18,15,3
69511,18,15,3
69514,21,0,21
69515,21,0,21
69516,17,9,8
69522,21,0,21
69523,17,9,8
69524,13,1,12
69525,1,1,0
69526,18,15,3
69527,17,9,8
69528,17,9,8
69529,17,9,8
69530,17,9,8
69531,17,9,8
69532,17,9,8
69533,17,9,8
69534,17,9,8
69537,11,7,4
69538,11,7,4
69539,11,7,4
69569,5,0,5
69570,6,0,6
69571,6,0,6
69572,5,0,5
69575,1,1,0
69576,5,3,2
69577,4,2,2
69578,4,2,2
69579,5,3,2
69580,8,7,1
69581,8,7,1
69589,16,6,10
69590,16,6,10
69591,16,6,10
69592,16,6,10
69596,6,2,4
69597,6,2,4
69598,7,3,4
69599,7,3,4
69600,6,2,4
69601,6,2,4
69602,7,3,4
69603,7,3,4
69604,1,1,0
69616,15,10,5
69617,15,10,5
69618,15,10,5
69619,20,15,5
69620,26,13,13
69621,26,13,13
69622,26,13,13
69623,14,9,5
69624,1,1,0
69625,26,13,13
69626,26,13,13
69627,14,9,5
69636,14,9,5
69637,14,9,5
69638,14,9,5
69639,14,9,5
69640,19,12,7
69641,26,14,12
69642,26,14,12
69643,27,16,11
69644,27,16,11
69647,4,2,2
69649,41,18,23
69650,41,18,23
69651,44,25,19
69652,12,8,4
69653,13,6,7
69654,13,6,7
69655,13,6,7
69656,13,6,7
69657,8,7,1
69658,44,25,19
69659,8,1,7
69660,6,2,4
69661,44,25,19
69662,44,25,19
69663,44,25,19
69664,8,0,8
69665,8,0,8
69666,5,0,5
69667,5,0,5
69668,18,16,2
69671,17,14,3
69672,17,14,3
69673,17,14,3
69676,17,14,3
69677,20,17,3
69678,1,0,1
69681,21,2,19
69682,21,2,19
69683,10,8,2
69691,10,8,2
69692,1,0,1
69694,20,17,3
69695,18,16,2
69696,4,0,4
69697,10,8,2
69698,10,8,2
69699,10,8,2
69700,10,8,2
69701,10,8,2
69702,10,8,2
69703,10,8,2
69704,10,8,2
69705,15,8,7
69706,15,8,7
69707,15,10,5
69708,13,4,9
69709,13,4,9
69710,14,9,5
69711,12,7,5
69712,4,3,1
69713,5,2,3
69714,5,2,3
69715,15,7,8
69716,13,4,9
69717,13,4,9
69718,17,10,7
69719,17,10,7
69723,13,4,9
69724,3,1,2
69725,3,1,2
69726,5,0,5
69727,5,2,3
69734,6,2,4
69735,6,2,4
69736,6,0,6
69737,6,2,4
69738,6,2,4
69739,6,0,6
69742,4,2,2
69743,4,2,2
69744,5,2,3
69745,5,2,3
69746,5,3,2
69747,8,2,6
69748,8,2,6
69749,7,5,2
69754,2,0,2
69760,3,0,3
69763,7,2,5
69764,7,2,5
69768,7,2,5
69770,2,0,2
69771,2,0,2
69788,8,0,8
69789,8,0,8
69790,7,0,7
69792,7,0,7
69795,8,0,8
69796,8,0,8
69797,6,0,6
69798,6,0,6
69799,6,0,6
69800,6,0,6
69808,5,1,4
69809,5,1,4
69810,6,0,6
69811,6,2,4
69812,6,0,6
69830,4,2,2
69831,2,0,2
69836,1,0,1
69837,1,0,1
69838,1,0,1
69841,1,0,1
69844,2,0,2
69845,10,0,10
69846,10,0,10
69847,10,0,10
69848,10,0,10
69849,10,0,10
69850,10,0,10
69851,10,0,10
69852,10,0,10
69853,1,0,1
69854,10,4,6
69855,10,4,6
69856,12,4,8
69857,12,4,8
69858,10,4,6
69859,10,4,6
69860,12,4,8
69861,12,4,8
69874,6,0,6
69875,6,0,6
69876,6,0,6
69877,6,0,6
69879,10,4,6
69880,9,4,5
69881,9,4,5
69882,11,3,8
69883,11,3,8
69884,9,4,5
69885,9,4,5
69889,5,1,4
69890,5,1,4
69891,5,0,5
69892,6,2,4
69893,5,0,5
69897,6,0,6
69898,6,0,6
69899,6,0,6
69900,6,2,4
69901,6,2,4
69902,7,0,7
69903,7,0,7
69904,5,2,3
69905,5,2,3
69906,7,0,7
69915,6,2,4
69916,6,2,4
69917,6,0,6
69918,4,2,2
69919,4,2,2
69920,6,0,6
69944,4,0,4
69945,4,0,4
69947,2,0,2
69948,4,0,4
69972,7,1,6
69973,7,0,7
69974,7,0,7
69975,9,1,8
69976,7,0,7
69977,7,0,7
70001,6,0,6
70002,6,0,6
70008,10,3,7
70009,7,5,2
70010,10,3,7
70011,7,5,2
70013,17,15,2
70014,16,14,2
70017,18,4,14
70018,18,4,14
70019,10,8,2
70024,10,8,2
70025,16,14,2
70026,10,8,2
70027,10,8,2
70028,10,8,2
70029,10,8,2
70030,10,8,2
70031,10,8,2
70032,10,8,2
70033,10,8,2
70034,10,8,2
70035,11,9,2
70036,11,9,2
70037,12,10,2
70038,14,4,10
70039,14,4,10
70040,18,16,2
70041,12,10,2
70042,11,9,2
70043,18,16,2
70044,18,16,2
70045,18,16,2
70046,18,16,2
70047,18,16,2
70048,18,16,2
70052,4,4,0
70053,3,1,2
70054,3,1,2
70056,3,1,2
70057,3,1,2
70058,9,7,2
70059,3,1,2
70063,13,10,3
70064,13,10,3
70065,13,11,2
70067,14,1,13
70068,14,1,13
70069,5,3,2
70070,2,0,2
70071,5,3,2
70072,5,3,2
70073,5,3,2
70074,5,3,2
70075,5,3,2
70076,5,3,2
70077,5,3,2
70078,5,3,2
70079,38,16,22
70080,2,2,0
70081,37,12,25
70098,32,26,6
70100,32,26,6
70101,37,12,25
70115,30,7,23
70128,11,9,2
70129,11,9,2
70132,1,0,1
70134,1,0,1
70135,30,7,23
70145,4,2,2
70146,4,2,2
70147,4,2,2
70148,8,5,3
70149,8,5,3
70151,10,4,6
70152,10,4,6
70158,15,3,12
70159,15,3,12
70160,8,2,6
70161,8,2,6
70162,8,2,6
70163,8,2,6
70165,15,3,12
70166,15,3,12
70167,16,6,10
70168,8,4,4
70169,7,2,5
70170,7,2,5
70171,5,1,4
70172,5,1,4
70173,5,1,4
70174,5,1,4
70175,7,2,5
70176,7,2,5
70182,22,16,6
70183,21,15,6
70184,21,15,6
70185,21,15,6
70186,21,15,6
70187,24,19,5
70188,1,0,1
70191,27,10,17
70192,27,10,17
70194,27,10,17
70195,21,16,5
70197,27,10,17
70198,27,10,17
70201,8,4,4
70202,21,16,5
70203,21,16,5
70204,21,16,5
70205,21,16,5
70206,21,16,5
70207,21,16,5
70208,21,16,5
70209,21,16,5
70216,23,17,6
70217,23,18,5
70218,23,18,5
70219,23,18,5
70220,23,18,5
70221,26,22,4
70222,30,7,23
70223,30,7,23
70224,33,17,16
70234,33,17,16
70235,11,1,10
70236,2,1,1
70237,22,17,5
70238,23,17,6
70239,8,4,4
70240,33,17,16
70241,33,17,16
70242,33,17,16
70243,33,17,16
70244,33,17,16
70245,33,17,16
70246,33,17,16
70247,33,17,16
70260,5,0,5
70261,5,0,5
70262,5,0,5
70263,5,0,5
70264,6,0,6
70265,6,0,6
70267,6,0,6
70273,9,0,9
70274,9,0,9
70275,9,0,9
70283,14,9,5
70284,15,8,7
70285,15,8,7
70286,14,0,14
70287,14,0,14
70288,16,4,12
70291,12,9,3
70292,3,0,3
70293,16,4,12
70294,16,4,12
70295,16,4,12
70296,16,4,12
70297,16,4,12
70304,2,0,2
70309,2,0,2
70329,1,0,1
70330,7,0,7
70334,3,0,3
70335,11,0,11
70336,25,20,5
70346,2,0,2
70348,5,4,1
70350,6,4,2
70351,6,4,2
70352,8,3,5
70353,8,4,4
70354,8,4,4
70355,8,3,5
70356,2,2,0
70357,2,2,0
70360,2,2,0
70361,2,2,0
70362,2,2,0
70371,11,5,6
70372,11,5,6
70373,32,18,14
70379,1,1,0
70380,1,1,0
70383,32,18,14
70384,32,18,14
70385,5,4,1
70386,5,4,1
70387,10,3,7
70388,9,5,4
70389,7,7,0
70390,7,7,0
70391,5,5,0
70392,4,4,0
70393,5,5,0
70394,9,5,4
70395,9,5,4
70396,9,5,4
70397,8,3,5
70398,8,3,5
70399,9,5,4
70406,12,6,6
70407,12,6,6
70408,12,6,6
70409,32,18,14
70435,2,1,1
70436,6,2,4
70437,6,2,4
70438,12,4,8
70439,10,4,6
70440,10,4,6
70441,12,4,8
70448,7,2,5
70449,7,2,5
70450,2,0,2
70451,2,0,2
70452,2,0,2
70453,2,0,2
70454,2,0,2
70455,2,0,2
70478,5,0,5
70481,5,0,5
70482,4,0,4
70485,5,0,5
70505,10,4,6
70506,8,0,8
70507,8,0,8
70508,7,1,6
70509,7,1,6
70510,7,1,6
70511,7,1,6
70516,8,0,8
70517,8,0,8
70533,1,0,1
70646,7,3,4
70647,3,1,2
70648,3,1,2
70649,7,3,4
70650,4,2,2
70651,4,2,2
70652,11,5,6
70653,10,6,4
70656,10,6,4
70667,11,5,6
70678,23,10,13
70679,26,19,7
70680,26,19,7
70681,22,15,7
70682,1,1,0
70683,23,10,13
70684,23,10,13
70686,23,10,13
70687,33,26,7
70689,23,10,13
70690,23,10,13
70691,33,26,7
70692,1,0,1
70693,1,0,1
70694,4,2,2
70696,7,5,2
70697,7,5,2
70698,23,10,13
70699,33,26,7
70700,33,26,7
70701,33,26,7
70702,33,26,7
70703,33,26,7
70704,33,26,7
70705,33,26,7
70706,33,26,7
70715,12,9,3
70716,12,9,3
70717,11,9,2
70719,18,9,9
70720,18,9,9
70721,16,14,2
70723,12,10,2
70724,2,0,2
70725,16,14,2
70726,16,14,2
70727,16,14,2
70728,16,14,2
70730,4,0,4
70731,4,0,4
70732,4,0,4
70733,4,0,4
70737,13,10,3
70738,16,10,6
70739,16,10,6
70740,16,11,5
70741,13,10,3
70744,19,0,19
70745,19,0,19
70746,15,6,9
70749,15,6,9
70750,6,0,6
70752,13,11,2
70753,3,0,3
70754,15,6,9
70755,15,6,9
70756,15,6,9
70757,15,6,9
70758,14,7,7
70759,14,7,7
70760,10,0,10
70761,10,0,10
70762,10,0,10
70763,10,0,10
70765,10,0,10
70766,10,0,10
70778,13,7,6
70779,18,12,6
70780,15,7,8
70781,17,8,9
70782,17,8,9
70783,17,8,9
70784,17,8,9
70785,31,21,10
70786,1,1,0
70787,1,1,0
70788,5,5,0
70789,17,8,9
70790,17,8,9
70791,4,2,2
70792,4,2,2
70793,4,2,2
70794,4,2,2
70800,31,21,10
70813,5,1,4
70814,5,1,4
70815,4,4,0
70842,17,9,8
70843,17,9,8
70844,21,11,10
70845,17,8,9
70846,15,3,12
70847,15,3,12
70848,15,3,12
70849,9,4,5
70855,15,3,12
70856,15,3,12
70857,9,4,5
70858,9,4,5
70859,9,4,5
70860,17,8,9
70861,21,11,10
70862,9,6,3
70863,9,6,3
70864,21,11,10
70865,1,1,0
70866,13,8,5
70869,11,6,5
70870,11,6,5
70871,12,7,5
70872,11,8,3
70873,3,3,0
70874,7,5,2
70875,2,2,0
70876,17,8,9
70877,11,8,3
70878,7,0,7
70879,7,0,7
70880,7,0,7
70881,7,0,7
70882,7,0,7
70883,10,1,9
70884,4,1,3
70885,7,3,4
70886,4,2,2
70888,12,1,11
70889,4,2,2
70890,7,0,7
70891,13,6,7
70893,10,0,10
70894,10,0,10
70895,10,0,10
70896,10,0,10
70897,28,20,8
70898,31,17,14
70899,31,17,14
70900,31,17,14
70901,31,17,14
70902,26,19,7
70903,26,19,7
70928,31,6,25
70929,31,6,25
70930,9,1,8
70931,9,1,8
70932,9,1,8
70933,9,1,8
70934,31,6,25
70935,26,10,16
70936,6,5,1
70937,9,5,4
70938,9,5,4
70939,6,5,1
70940,7,6,1
70941,8,6,2
70942,8,6,2
70943,31,6,25
70944,31,6,25
70945,26,10,16
70946,18,5,13
70947,3,1,2
70948,26,19,7
70951,10,0,10
70952,10,0,10
70953,10,0,10
70954,9,4,5
70955,26,10,16
70956,26,10,16
70957,26,10,16
70958,26,10,16
70959,26,10,16
70960,26,10,16
70961,26,10,16
70962,26,10,16
70963,26,10,16
70964,26,10,16
70971,13,6,7
70972,8,0,8
70973,8,0,8
70974,8,0,8
70975,6,5,1
70976,4,2,2
70977,4,2,2
70978,19,13,6
70995,10,0,10
70996,10,0,10
70997,31,16,15
70998,11,5,6
70999,11,5,6
71000,15,6,9
71001,10,0,10
71002,10,0,10
71003,10,0,10
71004,13,3,10
71005,10,0,10
71006,5,3,2
71007,5,3,2
71009,13,3,10
71010,13,3,10
71011,13,3,10
71012,10,4,6
71013,10,4,6
71014,5,0,5
71015,5,0,5
71020,6,6,0
71021,28,24,4
71033,28,24,4
71035,1,0,1
71036,1,0,1
71037,1,0,1
71041,9,2,7
71042,9,2,7
71043,9,0,9
71044,9,0,9
71045,2,0,2
71046,9,0,9
71047,9,0,9
71049,9,2,7
71050,9,2,7
71071,22,16,6
71072,22,16,6
71079,11,8,3
71080,11,8,3
71095,2,2,0
71096,2,2,0
71097,2,2,0
71098,2,2,0
71099,2,2,0
71100,2,2,0
71104,2,2,0
71105,2,2,0
71106,2,0,2
71107,12,7,5
71108,2,0,2
71109,2,0,2
71110,17,10,7
71111,8,7,1
71112,17,10,7
71113,17,10,7
71114,17,10,7
71115,17,10,7
71143,11,9,2
71144,11,9,2
71145,13,2,11
71146,13,2,11
71147,5,3,2
71155,12,10,2
71156,5,3,2
71157,5,3,2
71158,5,3,2
71159,5,3,2
71160,5,3,2
71161,5,3,2
71167,10,9,1
71168,11,8,3
71169,9,8,1
71170,2,0,2
71172,2,0,2
71173,9,8,1
71174,11,8,3
71178,10,0,10
71179,10,9,1
71180,10,9,1
71181,10,9,1
71182,10,9,1
71183,10,9,1
71195,1,0,1
71196,1,0,1
71197,8,6,2
71214,15,7,8
71215,15,7,8
71216,1,1,0
71217,1,1,0
71218,25,19,6
71219,18,17,1
71220,18,17,1
71221,18,17,1
71222,18,17,1
71223,3,1,2
71224,3,1,2
71225,3,1,2
71227,3,1,2
71228,3,1,2
71237,20,20,0
71251,20,20,0
71253,10,9,1
71258,10,9,1
71259,7,5,2
71260,25,19,6
71261,4,0,4
71262,10,9,1
71263,10,9,1
71264,10,9,1
71265,10,9,1
71266,10,9,1
71267,10,9,1
71268,10,9,1
71269,10,9,1
71270,10,9,1
71271,10,9,1
71272,10,9,1
71273,16,13,3
71275,17,14,3
71276,17,14,3
71277,16,13,3
71278,23,11,12
71279,23,11,12
71280,23,20,3
71283,23,11,12
71284,2,2,0
71285,2,2,0
71286,23,20,3
71287,6,6,0
71288,6,6,0
71289,23,20,3
71290,23,20,3
71291,23,20,3
71292,23,20,3
71293,23,20,3
71294,23,20,3
71297,4,2,2
71298,4,2,2
71300,12,6,6
71301,12,6,6
71302,10,10,0
71303,7,7,0
71304,7,7,0
71305,7,7,0
71306,7,7,0
71307,10,10,0
71308,5,1,4
71309,5,1,4
71310,8,7,1
71311,5,1,4
71312,1,0,1
71314,12,11,1
71315,8,7,1
71316,8,7,1
71317,8,7,1
71318,7,2,5
71320,7,2,5
71329,6,4,2
71331,6,4,2
71332,5,5,0
71334,12,11,1
71335,12,11,1
71337,10,6,4
71338,10,6,4
71339,10,2,8
71340,10,2,8
71341,9,3,6
71343,11,3,8
71344,11,3,8
71345,11,3,8
71346,7,1,6
71350,11,3,8
71351,11,3,8
71352,11,3,8
71353,10,2,8
71354,10,2,8
71355,7,1,6
71356,7,1,6
71361,7,3,4
71364,19,9,10
71365,6,6,0
71366,19,9,10
71367,9,7,2
71368,6,6,0
71369,6,6,0
71370,11,10,1
71371,11,10,1
71372,8,6,2
71378,1,0,1
71379,7,7,0
71380,7,7,0
71381,7,7,0
71382,64,22,42
71383,64,22,42
71384,64,22,42
71385,64,22,42
71406,17,15,2
71409,18,15,3
71410,18,15,3
71411,18,16,2
71414,19,2,17
71415,19,2,17
71416,8,5,3
71421,8,5,3
71422,12,0,12
71423,17,15,2
71424,2,0,2
71425,8,5,3
71426,8,5,3
71427,8,5,3
71428,8,5,3
71429,8,5,3
71430,8,5,3
71431,8,5,3
71432,8,5,3
71433,8,5,3
71434,8,5,3
71435,1,1,0
71436,1,1,0
71437,1,1,0
71471,9,2,7
71472,9,2,7
71473,9,2,7
71474,9,2,7
71489,6,0,6
71490,6,0,6
71491,6,0,6
71492,6,0,6
71493,6,0,6
71494,15,14,1
71495,13,12,1
71496,13,12,1
71497,13,12,1
71498,13,12,1
71499,15,13,2
71500,15,13,2
71501,3,0,3
71502,3,0,3
71503,15,13,2
71504,2,0,2
71505,13,12,1
71514,1,1,0
71515,13,12,1
71516,7,1,6
71517,2,1,1
71518,16,15,1
71521,15,14,1
71522,5,1,4
71523,13,12,1
71524,13,12,1
71525,13,12,1
71526,13,12,1
71538,1,1,0
71540,1,1,0
71585,17,12,5
71586,17,12,5
71600,12,4,8
71601,12,4,8
71602,12,4,8
71603,12,4,8
71604,12,4,8
71605,12,4,8
71607,12,4,8
71608,12,4,8
71609,34,17,17
71610,4,4,0
71611,34,17,17
71617,41,18,23
71618,24,16,8
71619,24,16,8
71620,24,16,8
71621,24,16,8
71628,2,0,2
71630,10,10,0
71631,9,7,2
71632,9,7,2
71633,9,7,2
71634,9,7,2
71635,11,8,3
71636,11,8,3
71637,3,0,3
71638,3,0,3
71639,11,8,3
71642,3,0,3
71643,3,0,3
71644,11,9,2
71647,3,0,3
71648,7,3,4
71649,1,0,1
71650,11,9,2
71651,11,9,2
71655,18,14,4
71656,19,13,6
71657,19,13,6
71658,19,13,6
71659,19,13,6
71660,7,4,3
71661,7,4,3
71662,22,13,9
71663,22,13,9
71664,7,4,3
71665,7,4,3
71666,22,13,9
71667,22,4,18
71668,22,4,18
71669,31,22,9
71670,8,7,1
71671,11,7,4
71672,11,7,4
71673,11,7,4
71674,11,7,4
71675,8,7,1
71676,9,8,1
71677,22,4,18
71678,31,22,9
71679,6,2,4
71680,3,2,1
71681,17,13,4
71682,18,14,4
71683,6,1,5
71684,31,22,9
71685,4,2,2
71686,8,4,4
71690,7,4,3
71691,7,4,3
71692,6,1,5
71693,6,1,5
71694,5,3,2
71695,9,6,3
71696,9,6,3
71697,8,4,4
71698,8,4,4
71699,2,2,0
71701,2,2,0
71706,3,3,0
71718,2,0,2
71726,4,2,2
71727,4,2,2
71728,6,2,4
71729,5,1,4
71730,5,1,4
71731,5,1,4
71732,5,1,4
71733,5,1,4
71734,5,1,4
71735,3,0,3
71737,6,4,2
71739,6,0,6
71740,6,0,6
71741,6,0,6
71742,6,0,6
71752,15,12,3
71753,13,9,4
71754,13,9,4
71755,13,9,4
71756,13,9,4
71757,15,12,3
71758,15,0,15
71759,15,0,15
71760,11,7,4
71765,15,0,15
71766,1,1,0
71767,1,1,0
71768,11,7,4
71769,7,1,6
71770,1,1,0
71771,1,1,0
71772,4,3,1
71773,16,12,4
71775,6,2,4
71776,11,7,4
71777,11,7,4
71778,11,7,4
71779,11,7,4
71780,26,23,3
71781,27,23,4
71782,27,23,4
71783,27,23,4
71784,27,23,4
71785,30,25,5
71786,30,25,5
71787,6,3,3
71788,6,3,3
71789,30,25,5
71798,28,3,25
71799,28,3,25
71800,24,19,5
71806,28,3,25
71807,24,19,5
71808,16,2,14
71809,2,2,0
71810,26,23,3
71811,4,0,4
71812,24,19,5
71813,24,19,5
71814,24,19,5
71815,24,19,5
71816,24,19,5
71817,24,19,5
71818,24,19,5
71819,24,19,5
71820,24,19,5
71821,24,19,5
71822,24,19,5
71823,24,19,5
71825,5,0,5
71826,5,0,5
71827,5,0,5
71828,5,0,5
71829,18,13,5
71830,14,10,4
71831,14,10,4
71832,14,10,4
71833,14,10,4
71834,17,14,3
71835,3,1,2
71839,22,1,21
71840,22,1,21
71841,15,11,4
71852,22,1,21
71853,1,1,0
71854,15,11,4
71855,7,1,6
71856,2,1,1
71857,17,13,4
71858,3,1,2
71859,18,13,5
71860,5,1,4
71861,15,11,4
71862,15,11,4
71863,15,11,4
71864,15,11,4
71865,1,1,0
71866,10,2,8
71867,10,2,8
71868,8,2,6
71869,8,2,6
71878,9,4,5
71879,9,4,5
71880,8,2,6
71881,8,2,6
71902,6,5,1
71903,14,7,7
71904,17,7,10
71906,17,7,10
71907,17,7,10
71908,4,4,0
71915,4,4,0
71917,10,3,7
71918,10,3,7
71924,3,0,3
71925,3,0,3
71927,4,0,4
71928,3,0,3
71939,3,0,3
71991,31,18,13
71998,1,0,1
72000,6,2,4
72001,6,2,4
72002,7,0,7
72003,6,2,4
72004,6,2,4
72005,7,0,7
72017,6,5,1
72026,24,18,6
72027,21,16,5
72028,21,16,5
72029,21,16,5
72030,25,16,9
72031,25,16,9
72032,3,0,3
72033,3,0,3
72034,25,16,9
72035,22,3,19
72036,22,3,19
72037,22,3,19
72038,13,8,5
72042,22,3,19
72043,22,3,19
72046,13,8,5
72047,1,0,1
72048,24,18,6
72049,13,8,5
72050,13,8,5
72051,13,8,5
72052,13,8,5
72053,13,8,5
72054,13,8,5
72055,13,8,5
72056,13,8,5
72057,13,8,5
72061,6,0,6
72062,4,0,4
72063,4,0,4
72064,17,0,17
72065,17,15,2
72066,18,13,5
72067,18,13,5
72068,18,13,5
72069,18,13,5
72070,18,16,2
72071,17,0,17
72072,20,16,4
72073,11,8,3
72077,17,15,2
72078,4,0,4
72079,11,8,3
72080,11,8,3
72081,11,8,3
72082,11,8,3
72083,11,8,3
72084,11,8,3
72085,11,8,3
72086,11,8,3
72095,34,17,17
72096,34,17,17
72113,10,10,0
72114,13,12,1
72115,13,12,1
72116,13,13,0
72117,25,20,5
72121,25,20,5
72122,11,11,0
72123,2,0,2
72124,25,20,5
72125,25,20,5
72126,25,20,5
72127,25,20,5
72128,3,2,1
72129,3,2,1
72130,3,2,1
72131,3,2,1
72132,14,5,9
72133,14,5,9
72187,5,1,4
72188,5,1,4
72189,10,6,4
72190,4,2,2
72191,10,6,4
72192,6,3,3
72193,6,3,3
72208,8,6,2
72215,14,11,3
72216,17,12,5
72217,28,12,16
72218,23,13,10
72219,5,3,2
72220,11,7,4
72221,8,6,2
72231,8,6,2
72232,5,4,1
72233,23,13,10
72234,23,13,10
72235,23,13,10
72236,23,13,10
72237,44,24,20
72441,17,12,5
72457,17,12,5
72460,22,4,18
72461,22,4,18
72462,22,4,18
72464,7,2,5
72465,22,4,18
72466,22,4,18
72468,7,2,5
72470,7,2,5
72471,7,2,5
72472,7,2,5
72473,7,2,5
72474,7,2,5
72475,7,2,5
72476,7,2,5
72477,7,2,5
72478,7,2,5
72479,7,2,5
72620,21,15,6
72621,21,15,6
72622,21,15,6
72623,20,17,3
72624,20,0,20
72625,20,0,20
72626,20,0,20
72627,21,17,4
72628,1,0,1
72629,5,1,4
72630,20,15,5
72631,4,1,3
72632,20,15,5
72633,20,17,3
72634,4,3,1
72635,6,2,4
72636,6,2,4
72637,6,2,4
72638,4,3,1
72639,26,17,9
72640,14,6,8
72641,14,6,8
72642,13,10,3
72643,13,10,3
72644,13,10,3
72645,13,10,3
72646,13,10,3
72647,13,10,3
72648,13,10,3
72649,13,10,3
72650,20,15,5
72656,44,24,20
72750,7,6,1
72751,7,6,1
72752,2,2,0
72753,2,2,0
72760,2,2,0
72761,2,2,0
72762,15,8,7
72764,11,6,5
72765,13,7,6
72766,12,7,5
72768,14,2,12
72769,14,2,12
72770,14,2,12
72772,9,4,5
72774,14,2,12
72775,14,2,12
72805,11,6,5
72806,1,0,1
72807,9,4,5
72808,9,4,5
72809,9,4,5
72829,4,1,3
72830,5,0,5
72831,5,1,4
72832,5,0,5
72839,12,0,12
72840,12,0,12
72841,12,0,12
72842,12,0,12
72843,1,1,0
72844,1,1,0
72861,12,10,2
72876,25,13,12
72981,4,2,2
72982,4,2,2
72983,2,0,2
72984,2,0,2
72993,11,5,6
72994,10,7,3
72995,10,7,3
72996,10,7,3
72997,10,7,3
73009,2,0,2
73010,2,0,2
73011,2,0,2
73012,2,0,2
73013,2,0,2
73014,19,14,5
73015,16,13,3
73016,16,13,3
73017,1,0,1
73018,1,0,1
73019,1,0,1
73021,1,0,1
73022,1,0,1
73025,15,14,1
73026,1,0,1
73030,14,14,0
73031,5,5,0
73037,5,5,0
73047,2,0,2
73048,5,5,0
73049,5,5,0
73050,5,5,0
73051,5,5,0
73052,5,5,0
73053,5,5,0
73054,5,5,0
73055,5,5,0
73056,13,10,3
73057,12,8,4
73058,12,8,4
73059,12,8,4
73060,12,8,4
73061,14,7,7
73062,14,7,7
73063,14,7,7
73064,5,0,5
73065,5,0,5
73066,5,0,5
73067,5,0,5
73068,14,7,7
73069,14,7,7
73070,14,0,14
73072,14,0,14
73083,14,0,14
73085,1,1,0
73086,2,1,1
73087,15,11,4
73088,13,10,3
73089,4,0,4
73125,9,3,6
73126,9,3,6
73152,12,0,12
73153,12,0,12
73154,12,0,12
73155,12,0,12
73156,10,3,7
73157,1,0,1
73159,8,0,8
73160,8,0,8
73161,8,0,8
73162,12,1,11
73163,8,0,8
73164,8,0,8
73167,12,1,11
73168,12,1,11
73169,4,0,4
73171,4,0,4
73172,1,0,1
73188,2,0,2
73189,2,0,2
73190,12,0,12
73191,12,0,12
73192,12,0,12
73193,12,0,12
73194,12,0,12
73195,23,16,7
73196,28,18,10
73197,28,18,10
73198,11,7,4
73199,11,7,4
73200,28,18,10
73201,28,18,10
73202,21,17,4
73203,30,10,20
73204,30,10,20
73205,54,39,15
73206,12,10,2
73207,14,11,3
73208,14,11,3
73209,14,11,3
73210,14,11,3
73211,12,10,2
73212,10,9,1
73213,7,6,1
73214,4,2,2
73215,11,9,2
73216,11,9,2
73217,30,10,20
73218,5,5,0
73219,5,5,0
73220,5,5,0
73221,5,5,0
73222,54,39,15
73223,9,2,7
73226,5,5,0
73227,5,5,0
73228,7,5,2
73232,20,15,5
73233,7,7,0
73234,5,5,0
73235,5,5,0
73236,5,5,0
73238,5,5,0
73239,5,5,0
73240,5,5,0
73241,5,5,0
73242,23,16,7
73243,11,7,4
73244,54,39,15
73245,54,39,15
73246,54,39,15
73247,54,39,15
73248,18,10,8
73249,22,9,13
73250,22,9,13
73251,21,10,11
73252,18,2,16
73253,18,2,16
73254,18,2,16
73255,2,0,2
73256,18,2,16
73257,23,7,16
73258,4,2,2
73259,4,1,3
73260,4,1,3
73261,18,2,16
73262,18,2,16
73263,3,1,2
73264,23,7,16
73266,7,3,4
73267,7,3,4
73268,19,10,9
73269,4,1,3
73270,23,7,16
73271,23,7,16
73272,23,7,16
73273,23,7,16
73334,6,0,6
73335,6,0,6
73336,6,0,6
73337,6,0,6
73345,33,27,6
73346,36,30,6
73347,36,30,6
73348,36,30,6
73349,36,30,6
73350,32,25,7
73351,32,25,7
73352,3,0,3
73353,3,0,3
73354,32,25,7
73355,1,1,0
73356,1,1,0
73357,35,9,26
73358,35,9,26
73359,35,9,26
73360,34,28,6
73361,12,12,0
73362,17,17,0
73363,17,17,0
73364,17,17,0
73365,17,17,0
73366,12,12,0
73367,11,10,1
73368,4,3,1
73369,4,2,2
73370,13,12,1
73371,13,12,1
73372,35,9,26
73373,35,9,26
73374,5,5,0
73375,5,5,0
73376,34,28,6
73377,18,4,14
73378,4,3,1
73379,31,25,6
73380,3,1,2
73381,33,27,6
73382,11,7,4
73383,34,28,6
73384,34,28,6
73385,34,28,6
73386,34,28,6
73387,34,28,6
73388,34,28,6
73389,34,28,6
73390,34,28,6
73391,34,28,6
73392,34,28,6
73393,34,28,6
73394,34,28,6
73405,16,16,0
73406,14,14,0
73407,14,14,0
73408,14,14,0
73409,14,14,0
73410,14,14,0
73411,3,3,0
73412,3,3,0
73413,14,14,0
73420,3,3,0
73421,14,14,0
73422,14,14,0
73423,16,16,0
73424,14,14,0
73425,14,14,0
73426,14,14,0
73427,14,14,0
73457,8,3,5
73460,8,3,5
73461,8,3,5
73463,8,3,5
73464,1,1,0
73465,1,1,0
73466,4,0,4
73467,4,0,4
73468,4,0,4
73469,4,0,4
73470,4,0,4
73471,1,1,0
73494,18,15,3
73495,4,3,1
73499,21,21,0
73500,21,21,0
73501,21,21,0
73502,100,75,25
73507,15,12,3
73508,15,12,3
73518,100,75,25
73519,17,15,2
73520,24,5,19
73521,20,11,9
73522,6,0,6
73526,66,33,33
73527,66,33,33
73528,123,68,55
73529,123,68,55
73530,123,68,55
73531,123,68,55
73550,66,33,33
73553,143,71,72
73554,143,71,72
73555,81,36,45
73561,13,4,9
73562,12,6,6
73563,22,22,0
73564,31,29,2
73565,31,29,2
73566,31,29,2
73569,45,32,13
73570,45,32,13
73571,58,53,5
73572,8,8,0
73574,58,53,5
73575,58,53,5
73576,58,53,5
73577,58,53,5
73578,58,53,5
73579,58,53,5
73580,58,53,5
73581,58,53,5
73588,4,0,4
73589,4,0,4
73590,9,7,2
73592,9,7,2
73593,7,5,2
73594,5,3,2
73595,5,3,2
73596,5,3,2
73597,10,2,8
73598,10,2,8
73599,6,4,2
73602,6,4,2
73603,58,25,33
73604,58,25,33
73608,10,10,0
73609,9,9,0
73610,9,9,0
73611,15,11,4
73612,15,11,4
73613,3,0,3
73614,3,0,3
73617,1,0,1
73618,14,5,9
73620,14,5,9
73621,14,5,9
73622,14,5,9
73623,14,5,9
73624,14,5,9
73626,10,4,6
73627,10,4,6
73628,10,4,6
73643,2,0,2
73656,17,15,2
73657,17,15,2
73658,20,18,2
73659,16,7,9
73660,16,7,9
73661,23,21,2
73662,3,3,0
73663,4,4,0
73664,4,4,0
73665,11,9,2
73666,23,21,2
73667,23,21,2
73668,23,21,2
73669,23,21,2
73670,21,19,2
73674,29,26,3
73675,29,26,3
73676,29,26,3
73677,29,26,3
73678,20,16,4
73679,20,16,4
73680,20,16,4
73681,5,0,5
73682,5,0,5
73683,20,16,4
73684,20,16,4
73687,42,19,23
73688,42,19,23
73689,46,44,2
73690,6,6,0
73691,12,12,0
73692,4,4,0
73693,46,44,2
73694,25,23,2
73695,21,19,2
73696,7,3,4
73697,46,44,2
73698,46,44,2
73699,46,44,2
73700,46,44,2
73723,7,1,6
73724,7,1,6
73725,7,1,6
73727,7,1,6
73728,7,1,6
73738,4,0,4
73739,4,0,4
73740,4,0,4
73741,4,0,4
73764,7,0,7
73765,7,0,7
73766,7,0,7
73767,7,0,7
73778,2,0,2
73785,13,11,2
73786,13,11,2
73788,1,1,0
73789,3,1,2
73790,1,0,1
73793,1,0,1
73811,29,25,4
73814,20,20,0
73816,17,16,1
73817,17,16,1
73818,17,16,1
73819,17,16,1
73820,18,17,1
73821,18,17,1
73822,18,17,1
73823,3,0,3
73832,5,5,0
73835,5,5,0
73836,13,12,1
73841,13,12,1
73842,13,1,12
73843,1,1,0
73846,5,1,4
73847,13,12,1
73848,13,12,1
73849,13,12,1
73850,13,12,1
73851,13,12,1
73852,13,12,1
73853,13,12,1
73855,13,12,1
73856,13,12,1
73857,13,12,1
73858,1,1,0
73882,39,18,21
73883,39,18,21
73884,39,18,21
73885,39,18,21
73886,39,18,21
73887,39,18,21
73888,3,1,2
73889,3,1,2
73890,2,0,2
73914,5,2,3
73915,5,2,3
73916,2,0,2
73926,17,4,13
73927,29,27,2
73928,56,32,24
73929,56,32,24
73930,10,5,5
73931,10,5,5
73932,10,5,5
73933,2,0,2
73935,4,0,4
73938,4,0,4
73939,32,6,26
73940,28,11,17
73941,28,11,17
73942,1,0,1
73943,1,0,1
73953,17,4,13
73955,183,145,38
73956,183,145,38
73958,15,15,0
73959,13,13,0
73960,15,15,0
73989,15,14,1
73990,15,14,1
73993,4,2,2
73994,18,12,6
73995,44,33,11
73996,2,0,2
73997,76,63,13
74009,26,22,4
74016,76,63,13
74017,44,33,11
74018,3,3,0
74019,26,22,4
74020,10,4,6
74021,10,4,6
74022,1,0,1
74024,9,5,4
74025,23,8,15
74026,23,8,15
74027,11,8,3
74030,23,8,15
74031,4,2,2
74032,4,2,2
74033,11,8,3
74034,1,0,1
74035,11,8,3
74039,34,32,2
74040,34,32,2
74041,34,32,2
74042,2,2,0
74043,2,2,0
74044,8,7,1
74045,8,7,1
74046,44,39,5
74047,18,17,1
74051,21,17,4
74052,21,17,4
74053,21,17,4
74054,15,5,10
74055,5,3,2
74056,7,5,2
74057,7,5,2
74058,15,5,10
74059,5,3,2
74060,21,17,4
74061,7,5,2
74062,7,5,2
74063,6,2,4
74064,6,2,4
74065,3,0,3
74066,3,0,3
74067,6,2,4
74068,16,5,11
74071,16,5,11
74072,21,17,4
74073,21,17,4
74074,168,122,46
74075,17,17,0
74078,28,25,3
74079,17,17,0
74080,17,17,0
74081,17,17,0
74082,12,12,0
74083,6,6,0
74084,6,6,0
74085,31,31,0
74086,31,31,0
74087,31,31,0
74088,31,31,0
74089,31,31,0
74090,31,31,0
74091,28,25,3
74092,11,6,5
74093,11,6,5
74094,11,6,5
74095,13,8,5
74096,11,0,11
74097,11,0,11
74099,11,0,11
74100,11,6,5
74102,11,0,11
74103,11,0,11
74104,12,7,5
74105,12,7,5
74106,11,6,5
74107,11,6,5
74108,9,3,6
74109,9,3,6
74110,13,6,7
74113,17,17,0
74125,2,1,1
74126,2,1,1
74127,9,9,0
74128,18,9,9
74129,18,9,9
74130,3,3,0
74134,7,3,4
74137,7,3,4
74141,121,96,25
74147,78,59,19
74148,78,59,19
74149,7,1,6
74150,73,57,16
74151,22,18,4
74152,7,3,4
74153,7,3,4
74154,2,0,2
74155,2,0,2
74157,2,0,2
74158,2,0,2
74163,22,18,4
74164,27,19,8
74165,36,27,9
74166,36,27,9
74167,19,13,6
74168,73,57,16
74169,7,6,1
74170,7,6,1
74171,73,57,16
74172,69,56,13
74173,13,11,2
74174,7,4,3
74175,69,56,13
74176,73,57,16
74180,44,33,11
74181,18,12,6
74182,18,12,6
74183,122,109,13
74184,1,0,1
74186,6,4,2
74187,7,5,2
74188,8,2,6
74189,8,2,6
74190,8,4,4
74194,6,4,2
74195,6,4,2
74196,3,1,2
74197,3,1,2
74200,1,0,1
74201,8,4,4
74202,3,2,1
74208,3,2,1
74210,122,109,13
74211,122,109,13
74212,52,45,7
74217,52,45,7
74218,122,109,13
74219,136,102,34
74220,28,25,3
74221,28,25,3
74222,61,51,10
74223,61,51,10
74224,42,39,3
74225,7,7,0
74226,61,51,10
74227,5,5,0
74228,1,1,0
74229,1,1,0
74230,10,5,5
74231,10,0,10
74232,5,2,3
74233,10,9,1
74241,5,2,3
74242,5,2,3
74243,5,2,3
74244,42,39,3
74245,111,101,10
74246,111,101,10
74247,28,14,14
74248,28,14,14
74249,21,16,5
74250,27,22,5
74251,18,13,5
74252,28,14,14
74253,32,27,5
74254,28,14,14
74255,28,14,14
74256,32,27,5
74257,32,27,5
74258,32,27,5
74259,32,27,5
74260,15,15,0
74261,15,15,0
74262,47,33,14
74263,47,33,14
74265,47,33,14
74266,47,33,14
74267,51,47,4
74268,34,18,16
74269,34,18,16
74270,34,18,16
74271,34,18,16
74272,34,18,16
74273,34,18,16
74274,18,6,12
74275,2,1,1
74276,2,1,1
74277,34,18,16
74278,34,18,16
74279,9,4,5
74280,9,4,5
74281,9,2,7
74282,9,2,7
74283,3,0,3
74284,3,0,3
74285,9,2,7
74286,23,8,15
74287,23,8,15
74289,23,8,15
74290,23,8,15
74291,34,18,16
74294,9,9,0
74295,5,2,3
74296,5,2,3
74297,3,0,3
74298,3,0,3
74299,9,9,0
74300,2,2,0
74302,2,2,0
74303,2,2,0
74312,7,3,4
74317,1,0,1
74319,41,39,2
74320,41,39,2
74326,11,5,6
74329,5,3,2
74330,14,13,1
74331,14,13,1
74332,24,21,3
74333,5,0,5
74334,6,6,0
74335,6,6,0
74337,37,31,6
74346,7,7,0
74347,29,24,5
74348,7,1,6
74352,28,27,1
74355,30,29,1
74356,30,29,1
74357,30,29,1
74358,30,29,1
74359,31,31,0
74360,28,27,1
74361,29,28,1
74362,29,28,1
74363,3,3,0
74364,3,3,0
74365,3,3,0
74366,3,3,0
74367,29,28,1
74368,16,1,15
74369,4,1,3
74370,29,28,1
74371,29,28,1
74372,29,28,1
74373,7,1,6
74374,103,94,9
74375,103,94,9
74376,103,94,9
74377,12,12,0
74378,15,15,0
74379,15,15,0
74380,15,15,0
74381,15,15,0
74382,12,12,0
74383,10,9,1
74384,2,1,1
74385,3,1,2
74386,13,12,1
74387,13,12,1
74388,103,94,9
74389,3,0,3
74390,28,27,1
74391,6,2,4
74392,29,28,1
74393,29,28,1
74394,29,28,1
74395,29,28,1
74396,29,28,1
74397,29,28,1
74398,29,28,1
74399,29,28,1
74400,29,28,1
74401,29,28,1
74402,29,28,1
74403,29,28,1
74404,76,59,17
74408,25,18,7
74409,25,18,7
74413,25,18,7
74414,25,18,7
74415,7,4,3
74416,7,4,3
74417,23,13,10
74418,23,13,10
74419,23,13,10
74420,7,4,3
74421,7,4,3
74422,7,4,3
74423,7,4,3
74424,8,4,4
74425,8,4,4
74426,8,4,4
74427,8,4,4
74428,76,59,17
74429,14,9,5
74430,19,14,5
74431,19,14,5
74432,15,10,5
74433,26,16,10
74434,26,16,10
74435,26,16,10
74436,20,15,5
74437,6,6,0
74438,6,6,0
74439,4,4,0
74440,5,5,0
74441,26,16,10
74442,26,16,10
74443,2,2,0
74444,20,15,5
74445,20,15,5
74447,4,2,2
74454,2,2,0
74455,2,2,0
74457,4,3,1
74458,4,3,1
74459,4,0,4
74461,4,3,1
74462,4,3,1
74466,26,22,4
74467,26,22,4
74468,5,5,0
74469,5,5,0
74483,16,12,4
74484,16,12,4
74485,114,95,19
74486,114,95,19
74488,21,15,6
74489,21,15,6
74490,21,15,6
74491,22,17,5
74492,27,11,16
74493,27,11,16
74494,27,11,16
74495,27,23,4
74496,27,23,4
74497,16,12,4
74498,4,2,2
74499,17,8,9
74500,4,2,2
74501,17,8,9
74502,16,12,4
74503,4,2,2
74504,10,8,2
74505,6,5,1
74506,6,5,1
74507,6,5,1
74508,6,5,1
74509,10,8,2
74510,16,3,13
74511,10,8,2
74512,1,0,1
74513,8,7,1
74514,8,7,1
74515,57,43,14
74516,57,43,14
74517,57,43,14
74518,57,43,14
74520,18,5,13
74521,18,5,13
74522,18,5,13
74527,57,43,14
74528,57,43,14
74529,57,43,14
74530,2,2,0
74531,2,2,0
74532,15,10,5
74533,15,10,5
74534,14,9,5
74535,14,9,5
74537,14,9,5
74538,14,9,5
74540,8,6,2
74541,8,6,2
74542,33,31,2
74548,33,31,2
74549,33,31,2
74550,33,31,2
74551,3,3,0
74552,3,3,0
74554,4,4,0
74555,1,1,0
74556,33,31,2
74557,33,31,2
74558,111,98,13
74560,18,16,2
74561,18,16,2
74562,18,16,2
74563,18,16,2
74564,19,18,1
74565,25,5,20
74566,15,14,1
74568,18,16,2
74569,18,16,2
74570,8,2,6
74571,15,14,1
74572,15,14,1
74573,15,14,1
74574,15,14,1
74575,15,14,1
74576,15,14,1
74577,15,14,1
74578,15,14,1
74579,15,14,1
74580,15,14,1
74581,111,98,13
74582,8,4,4
74583,8,4,4
74585,9,4,5
74586,9,4,5
74587,9,4,5
74588,9,6,3
74589,11,2,9
74590,11,2,9
74591,9,4,5
74595,11,2,9
74600,9,4,5
74601,9,4,5
74603,9,6,3
74604,9,6,3
74615,114,95,19
74617,53,48,5
74618,53,48,5
74619,53,48,5
74620,53,48,5
74621,47,43,4
74622,16,12,4
74623,16,12,4
74625,122,104,18
74626,122,104,18
74627,122,104,18
74628,80,72,8
74629,32,25,7
74630,55,51,4
74631,55,51,4
74632,55,51,4
74633,55,51,4
74634,32,25,7
74635,87,73,14
74636,20,18,2
74637,11,8,3
74638,33,30,3
74639,33,30,3
74640,122,104,18
74641,122,104,18
74642,53,48,5
74643,53,48,5
74644,6,6,0
74645,6,6,0
74646,6,6,0
74647,6,6,0
74648,5,5,0
74649,5,5,0
74650,5,5,0
74651,5,5,0
74652,30,17,13
74659,122,104,18
74660,122,104,18
74661,53,37,16
74662,47,44,3
74663,19,18,1
74664,21,9,12
74665,6,4,2
74666,8,6,2
74667,8,6,2
74668,8,6,2
74669,6,4,2
74670,21,9,12
74671,2,1,1
74672,12,6,6
74673,53,37,16
74674,11,8,3
74675,11,8,3
74676,11,8,3
74677,2,0,2
74678,2,0,2
74679,12,7,5
74680,12,7,5
74681,19,9,10
74682,19,9,10
74683,19,9,10
74690,9,6,3
74693,2,1,1
74696,11,7,4
74697,53,37,16
74700,68,59,9
74701,35,33,2
74702,87,69,18
74718,4,4,0
74720,25,16,9
74721,25,16,9
74722,87,69,18
74723,81,65,16
74724,78,63,15
74725,81,65,16
74726,10,10,0
74727,10,10,0
74728,16,16,0
74729,78,63,15
74730,78,63,15
74731,4,2,2
74732,1,0,1
74733,1,0,1
74741,12,8,4
74742,114,95,19
74743,18,10,8
74744,80,72,8
74745,80,72,8
74746,80,72,8
74747,80,72,8
74748,80,72,8
74749,80,72,8
74750,80,72,8
74751,80,72,8
74752,80,72,8
74759,8,7,1
74760,8,7,1
74762,6,5,1
74764,6,5,1
74767,7,5,2
74769,6,6,0
74796,36,36,0
74797,19,17,2
74798,28,25,3
74799,28,25,3
74800,28,25,3
74801,28,25,3
74802,21,19,2
74803,37,21,16
74804,37,21,16
74805,59,57,2
74806,6,6,0
74807,1,1,0
74808,59,57,2
74809,59,57,2
74810,59,57,2
74811,59,57,2
74812,59,57,2
74813,59,57,2
74814,7,7,0
74829,7,6,1
74831,1,1,0
74832,1,1,0
74835,3,2,1
74840,36,17,19
74841,36,17,19
74842,28,22,6
74843,34,28,6
74844,34,28,6
74845,34,28,6
74846,34,28,6
74847,28,23,5
74850,36,17,19
74851,28,22,6
74853,46,40,6
74854,9,9,0
74855,8,8,0
74856,8,8,0
74857,8,8,0
74858,8,8,0
74859,9,9,0
74860,9,9,0
74862,9,9,0
74863,9,9,0
74864,36,17,19
74865,36,17,19
74866,1,1,0
74867,46,40,6
74868,3,1,2
74869,28,22,6
74870,13,3,10
74871,3,2,1
74882,6,2,4
74883,46,40,6
74884,46,40,6
74885,46,40,6
74886,46,40,6
74887,46,40,6
74888,46,40,6
74889,46,40,6
74890,46,40,6
74891,6,5,1
74892,6,5,1
74893,6,5,1
74894,6,5,1
74895,3,3,0
74896,3,3,0
74897,10,8,2
74898,8,8,0
74899,8,8,0
74902,8,8,0
74903,8,8,0
74911,51,48,3
74917,13,12,1
74918,13,12,1
74920,10,10,0
74921,10,10,0
74922,10,10,0
74925,1,1,0
74926,1,1,0
74927,1,1,0
74929,1,1,0
74930,1,1,0
74938,12,11,1
74940,12,11,1
74947,3,3,0
74948,3,3,0
74958,19,19,0
74959,30,24,6
74961,30,24,6
74965,4,2,2
74969,11,9,2
74972,11,9,2
74973,49,42,7
74974,49,42,7
74975,48,41,7
74976,59,55,4
74977,59,55,4
74978,59,55,4
74979,59,55,4
74980,38,35,3
74989,105,73,32
74990,105,73,32
74991,71,66,5
74992,11,11,0
74993,15,15,0
74994,15,15,0
74995,15,15,0
74996,11,11,0
74997,10,9,1
74998,2,1,1
74999,10,10,0
75000,105,73,32
75001,71,66,5
75009,23,6,17
75011,5,5,0
75012,5,5,0
75013,43,38,5
75014,43,38,5
75015,43,38,5
75016,58,52,6
75017,58,52,6
75018,3,2,1
75019,7,3,4
75020,71,66,5
75021,71,66,5
75022,71,66,5
75023,71,66,5
75024,71,66,5
75025,71,66,5
75026,71,66,5
75027,71,66,5
75028,71,66,5
75029,71,66,5
75030,71,66,5
75031,178,146,32
75032,18,16,2
75033,8,6,2
75034,5,1,4
75035,7,3,4
75036,8,6,2
75037,8,6,2
75039,8,6,2
75042,13,8,5
75043,13,8,5
75044,13,8,5
75047,13,8,5
75048,13,8,5
75087,19,18,1
75088,33,32,1
75089,80,64,16
75090,90,89,1
75091,6,5,1
75092,6,5,1
75093,7,4,3
75094,90,89,1
75112,136,102,34
75113,52,45,7
75114,52,45,7
75127,212,105,107
75128,126,88,38
75129,95,95,0
75130,212,105,107
75131,9,9,0
75132,17,13,4
75135,14,8,6
75136,14,8,6
75137,14,8,6
75138,88,75,13
75139,207,174,33
75140,4,1,3
75141,8,3,5
75142,8,3,5
75143,37,33,4
75144,11,10,1
75146,13,9,4
75147,13,9,4
75148,1,1,0
75149,46,38,8
75150,46,38,8
75151,46,38,8
75154,112,90,22
75158,15,8,7
75161,81,66,15
75163,66,54,12
75168,163,112,51
75169,91,70,21
75173,4,4,0
75174,2,2,0
75176,8,2,6
75177,11,3,8
75178,60,44,16
75179,4,4,0
75181,60,44,16
75183,6,4,2
75184,74,63,11
75187,11,7,4
75190,26,18,8
75191,126,96,30
75192,16,12,4
75193,25,15,10
75194,2,1,1
75195,100,69,31
75196,2,2,0
75197,2,0,2
75198,26,17,9
75199,26,17,9
75200,11,9,2
75201,11,9,2
75202,82,70,12
75203,34,27,7
75206,82,70,12
75209,59,48,11
75210,51,45,6
75211,12,11,1
75212,12,11,1
75214,13,9,4
75215,13,9,4
75216,13,9,4
75217,1,1,0
75218,2,2,0
75219,3,3,0
75220,3,3,0
75222,18,18,0
75229,25,20,5
75230,124,101,23
75231,25,14,11
75233,23,22,1
75234,23,22,1
75235,8,6,2
75236,8,6,2
75238,16,9,7
75239,2,1,1
75240,163,112,51
75241,91,70,21
75242,163,112,51
75243,229,188,41
75244,36,26,10
75245,26,18,8
75246,26,18,8
75247,104,97,7
75248,104,97,7
75249,8,3,5
75252,107,69,38
75255,96,74,22
75256,38,32,6
75257,96,74,22
75258,59,52,7
75280,59,52,7
75281,8,6,2
75283,52,45,7
75285,15,12,3
75286,117,100,17
75289,10,10,0
75290,24,16,8
75301,24,16,8
75305,117,100,17
75306,21,12,9
75307,21,12,9
75314,2,1,1
75315,27,26,1
75316,57,49,8
75324,78,62,16
75325,20,17,3
75326,20,17,3
75327,15,11,4
75328,15,11,4
75329,78,62,16
75330,118,108,10
75335,118,108,10
75336,6,2,4
75337,129,92,37
75338,32,23,9
75340,129,92,37
75341,32,23,9
75342,12,12,0
75343,2,2,0
75344,2,2,0
75345,3,1,2
75360,3,1,2
75372,7,4,3
75373,9,1,8
75374,9,1,8
75375,1,0,1
75376,1,0,1
75377,13,11,2
75378,2,1,1
75379,107,69,38
75380,69,57,12
75387,53,37,16
75388,53,37,16
75391,2,2,0
75394,11,11,0
75398,34,28,6
75399,32,25,7
75400,2,1,1
75401,2,1,1
75402,84,68,16
75403,81,46,35
75405,128,110,18
75406,61,56,5
75408,9,1,8
75409,9,1,8
75410,7,3,4
75411,69,46,23
75412,82,61,21
75413,82,61,21
75414,3,0,3
75415,82,61,21
75416,8,5,3
75420,36,25,11
75421,49,32,17
75422,1,1,0
75423,1,1,0
75424,9,6,3
75425,31,14,17
75427,26,21,5
75428,7,7,0
75433,27,21,6
75434,27,21,6
75435,27,21,6
75436,27,21,6
75438,52,30,22
75439,15,10,5
75440,22,19,3
75444,26,17,9
75445,26,17,9
75446,10,9,1
75447,3,3,0
75448,3,3,0
75449,8,8,0
75450,8,8,0
75451,1,1,0
75452,22,11,11
75453,22,11,11
75460,234,139,95
75461,234,139,95
75462,234,139,95
75463,234,139,95
75464,234,139,95
75465,234,139,95
75466,234,139,95
75467,234,139,95
75468,86,70,16
75469,46,25,21
75470,46,25,21
75472,221,133,88
75473,221,133,88
75474,221,133,88
75481,74,62,12
75482,74,62,12
75483,14,13,1
75484,14,13,1
75485,14,13,1
75486,11,9,2
75487,11,9,2
75492,3,1,2
75493,11,8,3
75494,24,19,5
75504,24,19,5
75505,14,2,12
75506,14,9,5
75508,1,0,1
75509,13,9,4
75510,13,9,4
75511,13,9,4
75512,13,9,4
75513,14,2,12
75514,14,2,12
75515,9,5,4
75519,14,2,12
75520,9,5,4
75521,9,5,4
75522,9,5,4
75523,9,5,4
75526,32,15,17
75527,32,15,17
75528,7,3,4
75529,7,3,4
75534,132,85,47
75539,179,109,70
75540,179,109,70
75541,193,149,44
75542,94,69,25
75543,94,69,25
75544,54,38,16
75545,132,85,47
75559,132,85,47
75568,16,4,12
75569,16,4,12
75570,16,4,12
75572,3,3,0
75573,3,3,0
75576,28,15,13
75577,28,15,13
75578,193,149,44
75580,193,149,44
75581,193,149,44
75582,13,13,0
75583,18,18,0
75584,18,18,0
75585,12,12,0
75588,16,9,7
75590,16,9,7
75591,16,9,7
75592,16,9,7
75593,16,9,7
75594,16,9,7
75595,16,9,7
75596,16,9,7
75597,16,9,7
75598,193,149,44
75599,82,71,11
75600,1,0,1
75601,2,2,0
75602,3,2,1
75603,15,8,7
75606,15,8,7
75607,15,8,7
75608,82,71,11
75609,3,0,3
75610,1,0,1
75611,17,15,2
75612,14,11,3
75613,14,11,3
75616,2,2,0
75617,2,2,0
75618,217,133,84
75619,217,133,84
75620,217,133,84
75621,217,133,84
75622,83,52,31
75623,83,52,31
75625,8,4,4
75626,8,4,4
75627,8,4,4
75628,8,4,4
75629,83,52,31
75630,83,52,31
75631,8,6,2
75632,8,6,2
75633,217,133,84
75634,217,133,84
75635,217,133,84
75636,217,133,84
75637,217,133,84
75638,217,133,84
75639,3,3,0
75640,3,3,0
75641,136,98,38
75642,136,98,38
75643,4,4,0
75644,10,7,3
75645,10,7,3
75646,10,7,3
75647,8,2,6
75648,3,3,0
75649,3,3,0
75650,6,6,0
75651,6,6,0
75652,211,141,70
75653,217,133,84
75654,217,133,84
75655,31,22,9
75656,53,41,12
75657,53,41,12
75658,53,41,12
75659,53,41,12
75660,35,27,8
75661,4,2,2
75662,126,83,43
75663,126,83,43
75665,126,83,43
75666,85,72,13
75669,20,17,3
75670,33,28,5
75671,33,28,5
75672,33,28,5
75673,33,28,5
75674,20,17,3
75675,14,13,1
75678,23,21,2
75679,23,21,2
75680,126,83,43
75681,126,83,43
75682,76,60,16
75685,23,21,2
75686,12,9,3
75687,37,31,6
75688,6,4,2
75689,31,22,9
75690,13,8,5
75691,85,72,13
75692,85,72,13
75694,85,72,13
75695,85,72,13
75696,85,72,13
75697,85,72,13
75698,85,72,13
75700,217,133,84
75701,5,4,1
75702,5,4,1
75703,2,2,0
75704,2,2,0
75705,5,5,0
75706,5,5,0
75707,157,110,47
75708,10,9,1
75709,10,9,1
75710,13,8,5
75711,15,10,5
75712,15,10,5
75713,15,10,5
75714,15,10,5
75715,7,7,0
75716,7,7,0
75717,7,7,0
75718,7,7,0
75719,16,11,5
75720,217,133,84
75721,11,11,0
75722,11,11,0
75723,89,58,31
75724,26,22,4
75725,31,26,5
75726,51,41,10
75727,12,10,2
75728,12,10,2
75730,31,26,5
75731,31,26,5
75736,14,12,2
75737,14,12,2
75738,7,7,0
75739,19,14,5
75740,9,6,3
75741,6,6,0
75742,6,6,0
75743,10,7,3
75744,10,7,3
75745,10,7,3
75746,13,10,3
75747,15,6,9
75748,15,6,9
75749,12,8,4
75750,15,6,9
75751,12,8,4
75752,4,1,3
75753,2,1,1
75754,11,7,4
75755,6,6,0
75756,6,6,0
75757,12,8,4
75759,3,2,1
75768,113,77,36
75772,12,11,1
75773,12,11,1
75776,13,11,2
75780,12,9,3
75781,12,9,3
75782,12,9,3
75783,13,11,2
75786,18,4,14
75787,18,4,14
75788,10,8,2
75792,10,8,2
75793,1,0,1
75795,14,11,3
75796,3,0,3
75797,10,8,2
75798,10,8,2
75799,113,96,17
75800,113,77,36
75801,36,24,12
75806,4,3,1
75807,4,3,1
75808,4,3,1
75809,11,6,5
75810,8,6,2
75811,22,12,10
75813,7,3,4
75815,22,12,10
75818,7,3,4
75819,7,3,4
75820,7,3,4
75821,7,3,4
75822,22,18,4
75826,33,29,4
75827,33,29,4
75828,28,23,5
75830,22,18,4
75831,67,48,19
75832,67,48,19
75835,67,48,19
75836,53,47,6
75837,67,48,19
75839,53,47,6
75840,6,5,1
75841,6,5,1
75846,26,20,6
75849,9,4,5
75850,53,47,6
75851,53,47,6
75852,53,47,6
75853,53,47,6
75854,113,96,17
75855,113,96,17
75856,113,96,17
75857,113,96,17
75858,113,96,17
75859,93,66,27
75860,93,66,27
75861,93,66,27
75877,5,3,2
75878,5,3,2
75879,93,66,27
75880,3,0,3
75881,3,0,3
75882,103,82,21
75883,103,82,21
75884,17,16,1
75885,26,24,2
75886,26,24,2
75887,26,24,2
75888,26,24,2
75889,17,16,1
75890,13,13,0
75891,15,14,1
75892,15,14,1
75893,15,14,1
75894,103,82,21
75895,93,66,27
75896,93,66,27
75897,93,66,27
75898,7,3,4
75899,16,16,0
75900,16,16,0
75901,6,6,0
75902,103,82,21
75903,18,8,10
75904,18,8,10
75905,18,8,10
75906,8,7,1
75907,5,2,3
75908,7,3,4
75909,7,3,4
75910,4,1,3
75911,4,1,3
75912,7,3,4
75913,10,3,7
75914,10,7,3
75915,22,19,3
75916,23,15,8
75917,103,82,21
75918,103,82,21
75919,103,82,21
75920,103,82,21
75921,103,82,21
75923,103,82,21
75924,58,47,11
75925,43,31,12
75926,5,0,5
75927,5,0,5
75928,5,0,5
75929,5,0,5
75930,12,8,4
75932,12,8,4
75933,58,47,11
75935,58,47,11
75936,13,12,1
75939,58,47,11
75942,4,1,3
75943,4,1,3
75944,1,0,1
75945,65,53,12
75946,65,53,12
75947,39,35,4
75948,21,17,4
75949,81,74,7
75950,65,53,12
75959,56,50,6
75961,56,50,6
75962,3,3,0
75963,3,3,0
75964,10,10,0
75965,10,10,0
75966,20,1,19
75967,8,5,3
75968,8,5,3
75969,14,8,6
75970,6,4,2
75971,14,8,6
75972,4,2,2
75973,20,1,19
75974,10,5,5
75975,10,5,5
75976,10,5,5
75978,10,4,6
75979,10,4,6
75980,4,0,4
75981,4,0,4
75982,10,4,6
75983,15,4,11
75984,15,4,11
75985,15,4,11
75986,10,7,3
75987,20,1,19
75988,81,74,7
75989,81,74,7
75990,12,12,0
75991,12,12,0
75992,1,1,0
75996,3,0,3
75997,3,0,3
76008,39,30,9
76009,62,49,13
76010,62,49,13
76011,62,49,13
76012,62,49,13
76013,44,35,9
76014,44,35,9
76015,39,30,9
76016,39,31,8
76017,39,31,8
76018,6,3,3
76019,39,30,9
76020,68,53,15
76021,12,2,10
76026,131,99,32
76027,61,52,9
76028,61,52,9
76030,35,28,7
76033,131,99,32
76034,12,9,3
76035,12,9,3
76036,131,99,32
76037,129,118,11
76040,9,7,2
76041,1,0,1
76042,1,0,1
76043,1,0,1
76044,13,7,6
76045,9,7,2
76048,21,13,8
76049,21,13,8
76050,6,4,2
76053,6,4,2
76056,1,0,1
76057,6,4,2
76058,6,4,2
76059,6,4,2
76060,30,27,3
76061,21,20,1
76062,16,14,2
76063,21,20,1
76065,30,27,3
76066,10,7,3
76068,32,27,5
76069,32,27,5
76070,3,3,0
76071,3,3,0
76072,3,3,0
76073,3,3,0
76074,32,27,5
76075,35,28,7
76076,129,118,11
76077,129,118,11
76078,27,16,11
76080,129,118,11
76081,129,118,11
76082,71,50,21
76083,71,50,21
76084,71,50,21
76085,132,85,47
76086,132,85,47
76087,14,11,3
76088,14,11,3
76089,97,72,25
76090,19,12,7
76091,132,85,47
76092,97,72,25
76093,97,72,25
76094,97,72,25
76095,97,72,25
76096,97,72,25
76097,97,72,25
76098,97,72,25
76099,97,72,25
76105,189,146,43
76106,22,20,2
76107,5,4,1
76108,35,31,4
76109,35,31,4
76110,28,22,6
76111,67,40,27
76112,66,62,4
76114,14,13,1
76115,27,24,3
76116,27,24,3
76117,27,24,3
76118,189,146,43
76119,18,13,5
76120,18,13,5
76121,66,62,4
76122,66,62,4
76123,66,62,4
76124,189,146,43
76125,189,146,43
76126,189,146,43
76132,2,1,1
76133,2,1,1
76134,31,26,5
76135,31,26,5
76137,31,26,5
76138,31,26,5
76141,3,3,0
76142,3,3,0
76144,28,20,8
76145,28,20,8
76146,30,22,8
76147,31,24,7
76148,31,24,7
76149,31,24,7
76150,28,20,8
76151,41,17,24
76152,41,17,24
76153,41,17,24
76154,33,26,7
76160,41,17,24
76161,41,17,24
76162,2,2,0
76163,33,26,7
76164,11,1,10
76165,33,23,10
76166,33,26,7
76167,33,26,7
76168,33,26,7
76169,33,26,7
76170,33,26,7
76171,33,26,7
76172,33,26,7
76173,33,26,7
76174,8,6,2
76175,38,22,16
76176,38,22,16
76179,1,1,0
76194,54,45,9
76195,10,10,0
76196,54,45,9
76198,1,0,1
76199,1,0,1
76200,28,14,14
76201,28,14,14
76203,26,14,12
76204,26,14,12
76205,26,14,12
76215,221,133,88
76216,221,133,88
76221,11,10,1
76222,11,10,1
76223,11,10,1
76225,11,10,1
76228,10,8,2
76229,10,8,2
76230,64,51,13
76231,94,69,25
76232,94,69,25
76233,94,69,25
76234,94,69,25
76235,63,48,15
76236,63,48,15
76237,15,10,5
76238,15,10,5
76239,63,48,15
76240,179,109,70
76241,179,109,70
76242,179,109,70
76243,193,149,44
76244,30,25,5
76245,48,39,9
76246,48,39,9
76247,48,39,9
76248,48,39,9
76249,24,23,1
76250,25,21,4
76251,179,109,70
76252,179,109,70
76253,193,149,44
76254,2,2,0
76255,2,2,0
76256,43,31,12
76257,66,53,13
76258,43,31,12
76259,28,15,13
76260,193,149,44
76261,193,149,44
76262,193,149,44
76263,193,149,44
76264,15,10,5
76265,7,4,3
76266,7,4,3
76267,47,35,12
76268,18,13,5
76269,18,13,5
76270,47,35,12
76274,38,29,9
76275,38,29,9
76276,25,18,7
76277,25,18,7
76278,25,18,7
76279,25,18,7
76288,6,2,4
76292,6,2,4
76293,38,29,9
76294,38,29,9
76295,6,2,4
76296,6,2,4
76297,6,2,4
76298,6,2,4
76299,26,13,13
76300,158,125,33
76301,158,125,33
76302,163,139,24
76303,158,125,33
76304,158,125,33
76305,53,45,8
76306,163,139,24
76307,163,139,24
76309,3,3,0
76310,3,3,0
76312,3,3,0
76315,1,1,0
76317,26,26,0
76321,24,20,4
76322,10,8,2
76325,10,8,2
76334,55,34,21
76335,104,68,36
76336,46,36,10
76341,13,12,1
76342,13,12,1
76343,68,53,15
76344,68,53,15
76345,68,53,15
76346,68,53,15
76349,2,0,2
76350,2,0,2
76351,2,0,2
76354,51,37,14
76355,6,5,1
76356,6,5,1
76357,104,68,36
76358,104,68,36
76363,5,1,4
76364,5,1,4
76366,2,2,0
76367,5,5,0
76368,5,5,0
76369,104,68,36
76370,113,99,14
76371,15,15,0
76372,22,22,0
76373,22,22,0
76374,22,22,0
76375,15,15,0
76376,13,13,0
76377,8,8,0
76378,8,8,0
76379,2,0,2
76380,15,14,1
76381,15,14,1
76382,104,68,36
76383,104,68,36
76384,12,7,5
76385,12,7,5
76386,19,18,1
76387,19,18,1
76388,5,5,0
76389,5,5,0
76390,113,99,14
76391,10,5,5
76392,37,30,7
76393,10,6,4
76394,10,6,4
76395,45,32,13
76396,8,8,0
76397,8,8,0
76398,24,13,11
76399,113,99,14
76400,113,99,14
76401,113,99,14
76402,113,99,14
76403,113,99,14
76404,113,99,14
76405,113,99,14
76406,113,99,14
76418,11,9,2
76419,80,66,14
76422,24,13,11
76423,24,13,11
76430,64,51,13
76431,14,10,4
76432,94,69,25
76433,94,69,25
76434,63,48,15
76435,98,72,26
76436,98,72,26
76437,10,2,8
76438,10,2,8
76441,10,2,8
76442,10,2,8
76443,10,2,8
76444,10,2,8
76445,10,2,8
76446,10,2,8
76449,88,80,8
76450,88,80,8
76451,16,14,2
76452,16,14,2
76454,3,3,0
76455,15,15,0
76456,15,15,0
76457,3,3,0
76458,14,12,2
76459,14,12,2
76460,2,1,1
76463,2,2,0
76464,2,2,0
76465,6,6,0
76469,28,24,4
76470,9,7,2
76471,69,48,21
76472,217,133,84
76476,82,64,18
76477,85,58,27
76478,85,58,27
76483,214,141,73
76484,95,80,15
76485,95,80,15
76486,3,2,1
76487,95,80,15
76488,95,80,15
76489,18,15,3
76490,18,15,3
76493,4,4,0
76494,4,4,0
76498,214,141,73
76499,5,0,5
76501,5,0,5
76502,8,8,0
76503,8,8,0
76504,17,9,8
76505,17,9,8
76506,207,124,83
76507,207,124,83
76515,4,3,1
76516,19,8,11
76517,5,5,0
76518,5,5,0
76519,5,5,0
76520,5,5,0
76521,7,7,0
76523,6,6,0
76524,6,6,0
76525,7,7,0
76526,3,2,1
76527,3,2,1
76528,6,3,3
76530,3,2,1
76533,7,7,0
76534,6,6,0
76535,6,6,0
76536,6,6,0
76537,61,40,21
76538,61,40,21
76539,61,40,21
76541,29,23,6
76542,7,5,2
76543,9,5,4
76544,61,40,21
76545,61,40,21
76546,29,23,6
76547,29,23,6
76548,29,23,6
76549,29,23,6
76550,29,23,6
76551,29,23,6
76552,29,23,6
76553,29,23,6
76554,217,133,84
76556,157,110,47
76557,157,110,47
76558,16,11,5
76559,16,11,5
76564,16,11,5
76565,16,11,5
76566,2,0,2
76567,43,29,14
76569,43,29,14
76571,3,3,0
76572,3,3,0
76573,2,2,0
76575,16,10,6
76576,16,10,6
76577,16,10,6
76578,8,6,2
76579,8,6,2
76580,137,102,35
76593,70,41,29
76594,70,41,29
76595,32,18,14
76596,32,18,14
76597,70,41,29
76598,70,41,29
76599,70,41,29
76600,32,17,15
76601,70,41,29
76602,70,41,29
76603,32,17,15
76604,28,16,12
76605,32,17,15
76606,32,17,15
76607,70,41,29
76608,70,41,29
76609,80,49,31
76610,33,27,6
76611,33,27,6
76612,8,3,5
76613,49,40,9
76614,49,40,9
76615,37,35,2
76616,49,40,9
76617,49,40,9
76618,38,35,3
76619,38,35,3
76620,38,35,3
76621,9,2,7
76622,1,0,1
76623,1,0,1
76625,1,0,1
76626,1,0,1
76627,52,28,24
76628,52,28,24
76629,52,28,24
76630,7,5,2
76631,7,5,2
76632,3,2,1
76633,52,28,24
76634,20,2,18
76635,20,2,18
76636,20,2,18
76637,8,5,3
76638,36,32,4
76639,2,2,0
76640,2,2,0
76643,6,5,1
76644,6,5,1
76645,4,1,3
76646,33,27,6
76647,13,7,6
76648,52,28,24
76649,52,28,24
76650,52,28,24
76651,52,28,24
76652,52,28,24
76653,52,28,24
76654,52,28,24
76655,52,28,24
76656,52,28,24
76657,52,28,24
76658,52,28,24
76659,52,28,24
76665,217,133,84
76666,6,6,0
76667,6,6,0
76668,239,161,78
76669,65,42,23
76670,16,12,4
76671,82,55,27
76672,82,55,27
76673,82,55,27
76676,82,55,27
76677,13,11,2
76678,13,11,2
76679,47,43,4
76680,47,43,4
76681,47,43,4
76682,16,7,9
76683,47,43,4
76684,26,17,9
76685,2,0,2
76686,26,17,9
76687,21,11,10
76688,21,11,10
76689,21,11,10
76699,12,10,2
76700,12,12,0
76701,12,10,2
76704,12,12,0
76705,12,12,0
76706,5,3,2
76707,5,3,2
76708,15,8,7
76709,4,4,0
76710,4,4,0
76735,6,1,5
76736,6,1,5
76740,23,14,9
76748,23,14,9
76752,1,1,0
76753,1,1,0
76755,1,1,0
76756,1,1,0
76757,15,8,7
76758,15,8,7
76759,15,8,7
76760,26,20,6
76761,6,0,6
76762,6,0,6
76763,6,0,6
76764,6,0,6
76765,19,18,1
76766,19,18,1
76767,19,18,1
76768,19,18,1
76769,9,3,6
76770,9,3,6
76771,9,3,6
76772,9,3,6
76774,9,3,6
76775,9,3,6
76780,20,20,0
76792,20,20,0
76793,20,20,0
76794,19,18,1
76804,19,18,1
76805,6,6,0
76806,12,2,10
76807,3,2,1
76808,20,20,0
76809,21,20,1
76810,26,20,6
76811,10,4,6
76812,19,18,1
76813,19,18,1
76814,19,18,1
76815,19,18,1
76816,19,18,1
76817,19,18,1
76818,19,18,1
76819,19,18,1
76820,126,83,43
76821,3,0,3
76822,3,0,3
76829,2,0,2
76832,2,0,2
76849,126,83,43
76850,21,20,1
76851,25,24,1
76852,111,95,16
76853,5,5,0
76854,5,5,0
76855,94,85,9
76856,5,5,0
76857,5,5,0
76859,94,85,9
76860,94,85,9
76861,94,85,9
76862,35,25,10
76863,12,8,4
76864,12,8,4
76865,4,3,1
76866,4,3,1
76871,5,3,2
76872,5,3,2
76874,12,11,1
76876,239,161,78
76877,239,161,78
76879,90,76,14
76880,16,14,2
76881,59,57,2
76882,59,57,2
76883,239,161,78
76884,96,71,25
76885,56,41,15
76886,87,64,23
76887,87,64,23
76888,56,41,15
76889,53,41,12
76890,35,27,8
76891,35,27,8
76892,239,161,78
76893,239,161,78
76894,21,12,9
76895,21,12,9
76896,41,38,3
76900,41,38,3
76901,41,38,3
76902,29,20,9
76903,41,38,3
76904,14,8,6
76910,41,38,3
76912,96,71,25
76913,13,5,8
76914,12,6,6
76915,6,0,6
76916,6,0,6
76919,2,0,2
76920,82,67,15
76921,12,6,6
76922,12,6,6
76923,12,6,6
76924,12,6,6
76925,12,6,6
76935,79,69,10
76936,79,69,10
76937,4,0,4
76938,27,20,7
76939,6,5,1
76940,6,5,1
76941,11,6,5
76942,82,59,23
76943,64,46,18
76944,82,59,23
76945,4,3,1
76946,10,7,3
76947,7,7,0
76948,7,7,0
76949,64,46,18
76950,64,46,18
76951,64,46,18
76952,64,46,18
76953,64,46,18
76954,39,33,6
76955,16,15,1
76956,1,0,1
76957,16,15,1
76958,16,15,1
76959,15,15,0
76960,11,11,0
76961,11,11,0
76962,9,7,2
76966,9,7,2
76967,14,14,0
76968,39,33,6
76969,2,0,2
76970,9,7,2
76971,9,7,2
76972,9,7,2
76973,9,7,2
76974,9,7,2
76975,9,7,2
76976,9,7,2
76977,9,7,2
76978,36,30,6
76979,36,30,6
76980,26,20,6
76981,85,61,24
76982,85,61,24
76983,85,61,24
76984,47,42,5
76985,85,61,24
76986,85,61,24
76987,19,19,0
76988,19,19,0
76989,47,42,5
76990,8,8,0
76991,8,8,0
76992,12,10,2
76993,47,42,5
76994,47,42,5
76995,47,42,5
76996,47,42,5
76997,47,42,5
76998,14,13,1
76999,14,13,1
77008,3,0,3
77009,1,0,1
77010,38,27,11
77011,5,2,3
77012,5,2,3
77013,14,10,4
77014,37,31,6
77015,6,5,1
77016,37,31,6
77017,30,20,10
77018,2,0,2
77019,2,0,2
77020,30,20,10
77021,2,0,2
77022,2,0,2
77023,18,16,2
77024,18,16,2
77025,1,1,0
77027,92,69,23
77028,92,69,23
77029,92,69,23
77030,70,54,16
77033,92,69,23
77034,92,69,23
77035,12,10,2
77036,70,54,16
77037,11,7,4
77038,11,7,4
77039,7,6,1
77040,6,4,2
77041,23,16,7
77042,22,13,9
77043,22,13,9
77044,22,13,9
77045,22,13,9
77046,22,16,6
77051,25,5,20
77052,25,5,20
77053,25,5,20
77054,26,7,19
77055,5,4,1
77056,6,2,4
77057,6,2,4
77058,6,2,4
77059,5,4,1
77060,25,5,20
77061,25,5,20
77063,26,7,19
77064,2,0,2
77065,23,16,7
77068,26,7,19
77069,26,7,19
77070,26,7,19
77071,26,7,19
77072,26,7,19
77073,26,7,19
77074,26,7,19
77075,26,7,19
77076,1,1,0
77079,1,1,0
77082,26,20,6
77088,2,1,1
77092,2,2,0
77093,1,0,1
77094,26,20,6
77103,4,4,0
77104,4,4,0
77106,70,54,16
77107,70,54,16
77108,190,156,34
77109,17,14,3
77113,90,74,16
77117,32,29,3
77118,31,29,2
77119,2,2,0
77120,2,2,0
77121,32,29,3
77122,5,5,0
77123,5,5,0
77124,15,12,3
77126,15,12,3
77129,2,0,2
77136,8,6,2
77137,8,6,2
77138,8,6,2
77139,8,6,2
77141,25,24,1
77144,15,14,1
77145,15,14,1
77146,25,24,1
77147,4,4,0
77148,4,4,0
77152,190,156,34
77153,9,9,0
77154,9,9,0
77155,2,2,0
77156,1,0,1
77157,1,0,1
77159,1,0,1
77161,56,45,11
77164,3,3,0
77165,3,3,0
77166,56,45,11
77167,56,45,11
77169,13,13,0
77170,13,13,0
77178,106,81,25
77179,106,81,25
77180,3,1,2
77181,3,1,2
77182,3,1,2
77183,3,1,2
77184,103,90,13
77185,18,15,3
77186,18,15,3
77187,17,15,2
77188,17,15,2
77189,18,11,7
77190,16,9,7
77191,16,9,7
77192,16,9,7
77194,18,11,7
77201,16,4,12
77202,16,4,12
77203,16,4,12
77204,16,4,12
77205,13,6,7
77212,16,4,12
77213,16,4,12
77214,16,4,12
77215,13,6,7
77216,1,0,1
77219,19,11,8
77220,13,6,7
77221,13,6,7
77222,13,6,7
77223,13,6,7
77239,56,41,15
77240,87,64,23
77241,87,64,23
77242,87,64,23
77243,87,64,23
77244,56,41,15
77245,148,108,40
77246,148,108,40
77247,148,108,40
77248,17,11,6
77249,112,94,18
77250,16,14,2
77251,53,41,12
77252,53,41,12
77253,53,41,12
77254,53,41,12
77255,239,161,78
77256,126,83,43
77257,50,36,14
77258,50,36,14
77259,50,36,14
77260,36,23,13
77261,36,23,13
77262,36,23,13
77263,96,69,27
77264,96,69,27
77265,96,69,27
77266,6,6,0
77267,6,6,0
77268,6,6,0
77269,6,6,0
77270,6,6,0
77271,6,6,0
77272,96,69,27
77273,96,69,27
77274,16,16,0
77275,3,3,0
77276,3,3,0
77277,3,3,0
77278,90,71,19
77283,10,8,2
77284,10,8,2
77285,12,11,1
77286,6,6,0
77287,6,6,0
77288,34,27,7
77289,58,42,16
77290,9,8,1
77291,81,57,24
77292,81,57,24
77293,81,57,24
77294,81,57,24
77295,55,37,18
77296,126,83,43
77297,126,83,43
77298,126,83,43
77299,126,83,43
77300,137,93,44
77301,11,9,2
77302,26,21,5
77303,126,83,43
77304,126,83,43
77305,126,83,43
77306,15,14,1
77307,15,14,1
77308,137,93,44
77309,51,37,14
77311,25,18,7
77312,137,93,44
77313,137,93,44
77314,137,93,44
77315,137,93,44
77316,137,93,44
77317,137,93,44
77318,57,36,21
77320,38,23,15
77322,57,36,21
77323,38,23,15
77326,13,10,3
77327,38,23,15
77328,38,23,15
77329,38,23,15
77330,38,23,15
77331,8,8,0
77332,15,15,0
77333,15,15,0
77334,15,15,0
77335,15,15,0
77336,239,161,78
77337,239,161,78
77339,8,7,1
77342,33,31,2
77345,137,110,27
77346,21,19,2
77347,93,75,18
77348,4,4,0
77349,4,4,0
77351,3,3,0
77352,7,7,0
77354,21,19,2
77360,21,19,2
77368,1,1,0
77369,1,1,0
77372,7,6,1
77373,7,6,1
77375,4,4,0
77376,4,4,0
77377,44,33,11
77378,42,36,6
77379,44,33,11
77380,14,7,7
77382,14,7,7
77384,239,161,78
77385,8,7,1
77386,3,3,0
77387,3,3,0
77388,3,3,0
77389,1,1,0
77390,1,1,0
77391,1,1,0
77393,1,1,0
77394,1,1,0
77395,12,12,0
77396,12,12,0
77398,12,12,0
77404,5,5,0
77415,93,75,18
77416,93,75,18
77418,90,70,20
77419,11,11,0
77420,11,11,0
77422,3,3,0
77424,3,3,0
77426,29,19,10
77429,31,18,13
77430,31,18,13
77431,31,18,13
77434,31,18,13
77435,22,17,5
77436,37,11,26
77437,37,11,26
77439,37,11,26
77440,27,21,6
77450,37,11,26
77451,37,11,26
77455,31,18,13
77456,31,18,13
77457,1,1,0
77458,1,1,0
77460,27,21,6
77462,31,21,10
77463,2,0,2
77464,29,19,10
77465,10,4,6
77466,27,21,6
77467,27,21,6
77468,27,21,6
77469,27,21,6
77470,27,21,6
77471,27,21,6
77473,17,13,4
77474,65,42,23
77475,20,16,4
77476,20,16,4
77477,35,27,8
77478,9,4,5
77479,9,4,5
77480,96,71,25
77481,96,71,25
77482,96,71,25
77483,96,71,25
77484,96,71,25
77485,96,71,25
77487,96,71,25
77488,96,71,25
77489,1,0,1
77490,1,1,0
77491,12,10,2
77492,43,37,6
77493,6,6,0
77494,9,4,5
77495,9,4,5
77497,43,37,6
77499,26,26,0
77500,43,37,6
77505,43,37,6
77507,26,26,0
77508,26,26,0
77509,10,10,0
77510,10,10,0
77511,10,10,0
77513,10,10,0
77550,17,17,0
77551,17,17,0
77553,94,78,16
77554,78,64,14
77555,78,64,14
77558,17,17,0
77559,17,17,0
77569,17,17,0
77570,6,3,3
77571,1,0,1
77572,1,0,1
77577,3,3,0
77578,3,3,0
77579,30,28,2
77580,30,28,2
77581,29,28,1
77582,8,3,5
77583,30,28,2
77587,40,38,2
77588,40,38,2
77589,20,19,1
77592,26,24,2
77593,26,24,2
77594,26,24,2
77595,26,24,2
77596,20,20,0
77597,3,2,1
77600,40,38,2
77601,40,39,1
77602,7,7,0
77603,7,7,0
77604,7,7,0
77605,7,7,0
77606,7,7,0
77607,7,7,0
77608,3,1,2
77609,11,10,1
77610,11,10,1
77611,40,38,2
77612,40,38,2
77613,11,7,4
77614,2,2,0
77615,2,2,0
77618,40,39,1
77628,14,5,9
77630,6,6,0
77631,3,0,3
77632,3,0,3
77634,3,0,3
77635,3,0,3
77636,27,22,5
77641,18,18,0
77649,53,53,0
77650,15,11,4
77651,40,39,1
77652,40,39,1
77653,40,39,1
77654,40,39,1
77655,40,39,1
77656,40,39,1
77657,40,39,1
77658,114,90,24
77659,56,47,9
77667,49,38,11
77668,49,38,11
77669,114,90,24
77671,3,3,0
77672,3,3,0
77676,17,16,1
77677,17,16,1
77678,10,10,0
77679,10,10,0
77681,7,4,3
77682,9,6,3
77683,9,6,3
77684,9,6,3
77685,3,0,3
77686,7,4,3
77687,42,32,10
77691,39,34,5
77697,170,133,37
77698,170,133,37
77699,170,133,37
77705,54,28,26
77706,54,28,26
77707,26,16,10
77708,37,23,14
77709,37,23,14
77710,37,23,14
77711,37,23,14
77712,26,17,9
77713,54,28,26
77714,24,14,10
77715,60,36,24
77716,14,10,4
77717,21,13,8
77718,21,13,8
77719,5,1,4
77720,9,6,3
77721,9,6,3
77722,9,6,3
77723,9,6,3
77724,54,28,26
77725,54,28,26
77726,60,36,24
77727,3,0,3
77729,10,3,7
77733,8,5,3
77741,170,133,37
77742,170,133,37
77743,17,17,0
77744,31,24,7
77745,31,24,7
77748,31,24,7
77749,31,24,7
77751,15,9,6
77752,15,9,6
77753,4,2,2
77754,4,2,2
77755,4,4,0
77756,4,4,0
77757,19,13,6
77758,60,36,24
77759,60,36,24
77760,60,36,24
77762,56,45,11
77763,6,5,1
77766,2,2,0
77767,2,2,0
77769,73,63,10
77770,73,63,10
77771,5,5,0
77772,5,5,0
77773,11,11,0
77774,11,11,0
77775,8,8,0
77776,8,8,0
77778,41,33,8
77779,94,78,16
77782,85,65,20
77783,94,78,16
77784,41,33,8
77789,41,33,8
77790,22,18,4
77791,14,11,3
77792,85,65,20
77793,15,12,3
77794,26,22,4
77796,1,0,1
77797,2,0,2
77798,4,2,2
77799,9,9,0
77800,13,11,2
77801,14,9,5
77802,14,9,5
77803,14,9,5
77804,13,11,2
77805,19,6,13
77806,19,6,13
77807,9,7,2
77810,5,1,4
77811,5,1,4
77812,9,7,2
77813,12,10,2
77814,12,10,2
77815,5,2,3
77816,9,7,2
77817,9,7,2
77818,9,7,2
77819,8,6,2
77820,2,2,0
77821,2,2,0
77822,1,0,1
77823,13,10,3
77824,13,10,3
77825,9,9,0
77826,9,9,0
77827,9,9,0
77828,13,10,3
77829,13,10,3
77830,122,105,17
77834,181,133,48
77840,77,63,14
77841,9,8,1
77842,181,133,48
77843,8,8,0
77844,8,8,0
77845,31,19,12
77846,31,19,12
77847,31,19,12
77848,31,19,12
77849,22,19,3
77850,31,19,12
77851,12,12,0
77853,12,12,0
77854,10,1,9
77855,31,19,12
77856,31,19,12
77859,38,36,2
77860,38,36,2
77861,181,133,48
77862,5,3,2
77863,103,86,17
77864,103,86,17
77865,2,2,0
77866,114,90,24
77870,13,10,3
77871,68,47,21
77872,68,47,21
77873,68,47,21
77874,68,47,21
77875,12,1,11
77876,12,1,11
77877,9,6,3
77878,10,6,4
77879,10,6,4
77880,9,3,6
77881,12,1,11
77885,9,3,6
77886,9,3,6
77887,9,3,6
77888,40,34,6
77889,3,2,1
77890,5,3,2
77891,3,2,1
77892,34,27,7
77893,52,45,7
77894,52,45,7
77895,52,45,7
77896,52,45,7
77897,36,29,7
77898,86,65,21
77899,86,65,21
77900,86,65,21
77902,1,1,0
77903,86,65,21
77904,109,101,8
77905,86,65,21
77906,86,65,21
77907,86,65,21
77908,52,45,7
77909,11,11,0
77910,4,4,0
77911,109,101,8
77912,30,23,7
77913,30,23,7
77914,30,23,7
77915,34,27,7
77916,109,101,8
77918,109,101,8
77919,202,149,53
77920,202,149,53
77921,79,71,8
77922,46,33,13
77923,75,64,11
77924,75,64,11
77925,75,64,11
77926,75,64,11
77927,46,33,13
77928,23,23,0
77929,47,41,6
77930,202,149,53
77931,20,11,9
77932,20,11,9
77933,9,9,0
77934,85,47,38
77935,59,50,9
77936,26,23,3
77937,59,50,9
77938,1,1,0
77939,1,1,0
77945,25,21,4
77946,51,34,17
77947,51,34,17
77956,9,6,3
77957,9,6,3
77958,2,0,2
77959,2,0,2
77960,2,0,2
77961,32,27,5
77962,202,149,53
77965,26,20,6
77966,37,32,5
77967,37,32,5
77968,37,32,5
77969,37,32,5
77970,67,45,22
77971,67,45,22
77972,67,45,22
77973,50,43,7
77974,7,7,0
77975,11,11,0
77976,11,11,0
77977,11,11,0
77978,7,7,0
77979,6,6,0
77980,67,45,22
77981,67,45,22
77982,50,43,7
77983,6,5,1
77984,16,8,8
77985,2,2,0
77988,2,2,0
77991,202,149,53
77994,50,43,7
77995,50,43,7
77996,50,43,7
77997,50,43,7
77998,50,43,7
77999,50,43,7
78000,32,25,7
78001,109,89,20
78002,109,89,20
78003,109,89,20
78004,22,14,8
78005,17,12,5
78006,13,7,6
78007,13,7,6
78008,4,0,4
78009,4,0,4
78010,13,7,6
78011,13,7,6
78012,38,21,17
78013,38,21,17
78015,15,11,4
78017,38,21,17
78018,38,21,17
78023,109,89,20
78024,109,89,20
78025,15,11,4
78026,15,11,4
78027,15,11,4
78028,15,11,4
78029,2,2,0
78030,2,2,0
78031,98,90,8
78032,24,11,13
78033,24,11,13
78034,48,41,7
78035,48,41,7
78036,37,35,2
78052,10,5,5
78053,16,11,5
78054,79,71,8
78055,79,71,8
78056,79,71,8
78057,79,71,8
78058,79,71,8
78059,79,71,8
78060,79,71,8
78061,79,71,8
78062,79,71,8
78063,79,71,8
78064,18,18,0
78065,31,31,0
78066,31,31,0
78067,31,31,0
78068,18,16,2
78069,38,37,1
78070,38,37,1
78071,54,54,0
78072,54,54,0
78073,54,54,0
78074,54,54,0
78075,54,54,0
78085,6,6,0
78086,6,6,0
78087,11,9,2
78088,48,42,6
78089,48,42,6
78091,231,167,64
78092,231,167,64
78093,13,13,0
78094,13,13,0
78116,103,77,26
78117,103,77,26
78118,30,28,2
78119,4,1,3
78121,4,1,3
78130,10,8,2
78135,10,9,1
78136,6,6,0
78137,1,1,0
78138,1,1,0
78139,3,3,0
78140,3,3,0
78141,231,167,64
78142,231,167,64
78143,231,167,64
78144,231,167,64
78145,8,4,4
78146,8,4,4
78147,18,9,9
78148,18,9,9
78149,1,0,1
78150,51,38,13
78151,39,37,2
78152,39,37,2
78153,51,38,13
78157,54,36,18
78158,54,36,18
78160,14,8,6
78161,19,11,8
78162,19,11,8
78163,23,11,12
78164,23,11,12
78165,54,36,18
78166,20,15,5
78167,20,15,5
78168,9,4,5
78169,9,4,5
78170,16,7,9
78171,16,7,9
78172,16,7,9
78173,9,4,5
78174,9,4,5
78175,16,7,9
78176,16,7,9
78177,27,10,17
78178,27,10,17
78179,54,36,18
78184,4,0,4
78187,6,5,1
78188,6,5,1
78200,1,1,0
78201,1,1,0
78202,18,17,1
78203,5,5,0
78204,5,5,0
78205,5,5,0
78211,35,35,0
78213,2,2,0
78214,2,2,0
78215,46,25,21
78216,46,25,21
78218,7,5,2
78220,7,5,2
78221,3,1,2
78222,3,1,2
78225,10,6,4
78226,10,6,4
78227,10,6,4
78230,13,13,0
78231,13,13,0
78233,109,89,20
78234,117,95,22
78236,22,19,3
78237,3,1,2
78238,3,1,2
78239,22,19,3
78240,231,167,64
78241,231,167,64
78243,21,12,9
78244,4,3,1
78245,17,11,6
78246,17,11,6
78247,2,1,1
78248,2,1,1
78249,2,1,1
78250,17,12,5
78251,21,4,17
78252,21,4,17
78253,19,4,15
78254,21,4,17
78255,21,4,17
78259,19,4,15
78260,19,4,15
78261,19,4,15
78262,19,4,15
78263,19,4,15
78264,19,4,15
78265,19,4,15
78266,19,4,15
78268,231,167,64
78269,231,167,64
78270,87,52,35
78271,2,2,0
78272,11,7,4
78273,87,52,35
78283,36,27,9
78284,36,27,9
78285,10,6,4
78286,10,6,4
78287,9,6,3
78288,19,13,6
78289,19,13,6
78290,19,13,6
78291,18,15,3
78293,36,27,9
78294,36,27,9
78295,4,2,2
78296,18,15,3
78297,18,15,3
78298,5,1,4
78299,5,1,4
78300,29,21,8
78301,30,22,8
78302,30,22,8
78303,30,22,8
78304,30,22,8
78305,33,26,7
78306,87,52,35
78307,87,52,35
78308,87,52,35
78309,70,55,15
78310,9,9,0
78311,9,9,0
78312,9,9,0
78313,9,9,0
78314,3,1,2
78315,7,6,1
78316,7,6,1
78317,87,52,35
78318,87,52,35
78319,8,7,1
78320,8,7,1
78321,4,4,0
78322,4,4,0
78323,70,55,15
78324,11,7,4
78325,5,4,1
78326,35,26,9
78327,29,21,8
78328,14,10,4
78329,70,55,15
78330,30,21,9
78331,70,55,15
78333,10,4,6
78334,6,2,4
78337,10,4,6
78338,10,4,6
78342,5,1,4
78343,10,4,6
78356,5,1,4
78363,2,2,0
78367,11,11,0
78371,6,2,4
78372,137,93,44
78373,11,1,10
78376,11,1,10
78377,137,93,44
78383,16,14,2
78384,16,14,2
78395,43,33,10
78396,3,3,0
78397,3,3,0
78398,21,19,2
78399,43,33,10
78400,38,35,3
78401,5,5,0
78402,38,35,3
78403,6,1,5
78404,12,10,2
78405,38,35,3
78406,38,35,3
78407,38,35,3
78408,5,5,0
78418,148,108,40
78419,148,108,40
78420,2,2,0
78421,2,2,0
78422,10,1,9
78423,1,1,0
78424,126,83,43
78425,96,69,27
78428,5,5,0
78430,221,133,88
78431,221,133,88
78432,34,28,6
78439,68,53,15
78440,54,43,11
78441,13,9,4
78442,78,67,11
78443,78,67,11
78444,78,67,11
78445,78,67,11
78446,47,38,9
78447,143,99,44
78448,143,99,44
78449,143,99,44
78450,6,6,0
78451,143,99,44
78452,150,130,20
78453,150,130,20
78454,21,21,0
78455,38,36,2
78456,38,36,2
78457,38,36,2
78458,38,36,2
78459,21,21,0
78460,17,16,1
78461,3,2,1
78462,18,18,0
78463,18,18,0
78464,150,130,20
78465,143,99,44
78466,143,99,44
78467,143,99,44
78468,23,17,6
78469,23,17,6
78470,16,13,3
78471,16,13,3
78472,10,10,0
78473,150,130,20
78474,18,6,12
78475,7,6,1
78476,48,40,8
78477,54,43,11
78478,27,22,5
78479,150,130,20
78480,150,130,20
78481,150,130,20
78482,150,130,20
78483,150,130,20
78484,150,130,20
78485,150,130,20
78486,150,130,20
78487,98,72,26
78488,98,72,26
78495,98,72,26
78496,4,4,0
78497,98,72,26
78498,98,72,26
78499,69,48,21
78500,7,6,1
78501,7,6,1
78502,217,133,84
78503,89,58,31
78505,80,49,31
78506,80,49,31
78507,16,12,4
78508,23,15,8
78509,23,15,8
78510,23,15,8
78511,23,15,8
78512,16,12,4
78513,11,10,1
78514,20,16,4
78515,20,16,4
78516,80,49,31
78517,22,13,9
78518,22,13,9
78519,207,124,83
78520,30,27,3
78521,5,4,1
78522,5,4,1
78523,39,37,2
78524,39,37,2
78525,39,37,2
78526,28,25,3
78528,96,82,14
78529,8,8,0
78530,15,14,1
78531,15,14,1
78532,15,14,1
78533,8,8,0
78534,10,10,0
78535,9,9,0
78536,9,9,0
78537,3,3,0
78538,3,3,0
78539,96,82,14
78540,3,1,2
78541,2,0,2
78542,4,1,3
78543,2,0,2
78544,9,6,3
78545,96,82,14
78546,96,82,14
78547,96,82,14
78548,96,82,14
78549,96,82,14
78550,96,82,14
78551,96,82,14
78552,96,82,14
78554,21,9,12
78555,21,9,12
78557,21,9,12
78558,8,6,2
78560,9,0,9
78561,8,2,6
78562,8,2,6
78565,8,2,6
78566,8,2,6
78567,8,2,6
78568,8,2,6
78569,10,7,3
78570,22,18,4
78575,22,18,4
78576,28,24,4
78584,59,53,6
78585,59,53,6
78590,7,7,0
78594,7,7,0
78629,22,18,4
78630,29,25,4
78631,29,25,4
78632,29,25,4
78633,23,18,5
78634,47,44,3
78635,8,7,1
78636,7,7,0
78637,7,7,0
78638,5,5,0
78639,5,5,0
78640,5,5,0
78641,47,44,3
78647,47,44,3
78648,47,44,3
78649,47,44,3
78650,47,44,3
78651,47,44,3
78652,10,10,0
78654,10,10,0
78657,3,2,1
78658,3,2,1
78659,3,2,1
78694,11,7,4
78695,11,7,4
78696,207,124,83
78697,18,17,1
78698,18,17,1
78699,45,40,5
78700,9,5,4
78701,8,4,4
78702,8,4,4
78703,10,4,6
78704,10,4,6
78705,10,4,6
78706,10,6,4
78708,10,4,6
78709,10,6,4
78710,10,6,4
78711,4,3,1
78713,4,3,1
78714,4,3,1
78715,13,10,3
78716,45,40,5
78717,45,40,5
78718,45,40,5
78719,45,40,5
78720,20,12,8
78721,20,12,8
78722,20,12,8
78723,1,1,0
78730,4,0,4
78731,4,0,4
78732,10,0,10
78733,4,0,4
78738,10,6,4
78739,12,8,4
78740,12,8,4
78741,12,0,12
78742,12,0,12
78743,12,0,12
78744,6,2,4
78745,12,0,12
78746,10,6,4
78747,6,2,4
78748,6,2,4
78749,6,2,4
78750,6,2,4
78751,6,2,4
78752,6,2,4
78753,6,2,4
78754,60,37,23
78755,231,167,64
78756,224,144,80
78757,224,144,80
78758,224,144,80
78760,217,127,90
78761,217,127,90
78763,4,2,2
78764,4,2,2
78765,4,2,2
78766,4,2,2
78767,4,2,2
78768,4,2,2
78769,4,2,2
78770,4,2,2
78771,143,111,32
78772,4,2,2
78773,4,2,2
78774,7,7,0
78777,4,4,0
78778,4,4,0
78779,4,4,0
78780,4,4,0
78783,2,2,0
78784,4,1,3
78788,4,1,3
78791,10,6,4
78792,10,6,4
78793,4,2,2
78794,4,2,2
78796,143,111,32
78797,9,7,2
78798,33,25,8
78799,33,25,8
78804,28,24,4
78805,16,11,5
78806,15,12,3
78807,4,3,1
78808,4,3,1
78810,4,3,1
78813,12,10,2
78815,20,12,8
78817,24,22,2
78820,20,12,8
78822,1,0,1
78827,2,2,0
78828,2,2,0
78829,28,24,4
78830,24,22,2
78831,24,22,2
78832,24,22,2
78833,24,22,2
78838,5,1,4
78839,5,1,4
78840,5,1,4
78841,5,1,4
78843,81,60,21
78845,5,5,0
78846,5,5,0
78848,37,15,22
78851,16,5,11
78860,143,111,32
78861,15,8,7
78862,15,8,7
78863,2,0,2
78864,16,8,8
78865,16,8,8
78866,14,9,5
78869,12,0,12
78870,12,0,12
78871,12,0,12
78872,21,5,16
78873,12,0,12
78874,3,0,3
78875,21,5,16
78876,21,5,16
78877,21,5,16
78878,21,5,16
78880,22,17,5
78881,22,17,5
78889,9,9,0
78890,9,9,0
78891,9,9,0
78894,20,13,7
78895,20,13,7
78896,20,13,7
78897,20,13,7
78905,10,6,4
78906,10,6,4
78907,1,1,0
78908,2,2,0
78909,23,10,13
78911,6,6,0
78912,6,6,0
78914,2,0,2
78919,13,4,9
78920,13,4,9
78923,13,4,9
78924,14,11,3
78929,15,10,5
78930,5,3,2
78931,5,3,2
78933,3,0,3
78934,3,0,3
78935,3,0,3
78936,15,10,5
78937,15,10,5
78938,7,3,4
78939,7,3,4
78940,5,3,2
78941,5,3,2
78958,113,93,20
78959,1,1,0
78960,1,1,0
78961,113,93,20
78974,4,2,2
78975,45,35,10
78976,45,35,10
78977,5,2,3
78979,5,2,3
78993,3,3,0
78994,3,3,0
78997,28,24,4
78998,34,31,3
79003,27,24,3
79004,4,3,1
79005,4,3,1
79006,92,80,12
79007,92,80,12
79008,59,56,3
79009,92,80,12
79010,59,56,3
79032,32,27,5
79035,59,56,3
79060,29,24,5
79061,29,24,5
79073,6,1,5
79096,1,0,1
79097,1,0,1
79098,14,3,11
79099,14,3,11
79100,209,143,66
79101,72,53,19
79102,209,143,66
79103,209,143,66
79104,31,17,14
79105,31,17,14
79112,1,0,1
79113,31,17,14
79114,31,17,14
79115,2,0,2
79116,9,0,9
79125,9,0,9
79128,2,0,2
79129,9,0,9
79130,6,2,4
79131,6,2,4
79132,6,3,3
79133,8,0,8
79134,8,0,8
79135,8,0,8
79136,6,3,3
79137,9,0,9
79138,11,4,7
79140,3,0,3
79142,70,57,13
79143,143,112,31
79144,143,112,31
79146,142,104,38
79147,143,112,31
79148,70,57,13
79149,70,57,13
79150,2,0,2
79151,46,37,9
79152,46,37,9
79153,46,37,9
79154,38,33,5
79157,38,33,5
79158,142,104,38
79159,142,104,38
79160,11,4,7
79161,3,0,3
79162,161,142,19
79170,161,142,19
79171,161,142,19
79172,85,78,7
79191,85,78,7
79192,3,0,3
79204,3,0,3
79205,3,0,3
79206,3,0,3
79207,5,2,3
79208,17,10,7
79209,17,10,7
79210,161,142,19
79211,17,10,7
79212,208,149,59
79213,208,149,59
79214,6,2,4
79215,70,60,10
79216,70,60,10
79217,209,143,66
79218,209,143,66
79219,11,11,0
79223,6,6,0
79224,6,6,0
79225,11,11,0
79226,30,28,2
79233,20,18,2
79234,20,18,2
79235,20,18,2
79236,20,18,2
79237,20,18,2
79238,20,18,2
79239,20,18,2
79240,20,18,2
79241,22,18,4
79243,8,8,0
79251,8,8,0
79260,8,8,0
79266,63,42,21
79267,164,138,26
79268,164,138,26
79269,164,138,26
79270,3,3,0
79271,3,3,0
79272,3,3,0
79273,3,0,3
79274,3,0,3
79277,3,0,3
79283,17,15,2
79284,17,15,2
79285,17,15,2
79286,17,15,2
79287,8,0,8
79288,8,0,8
79289,4,2,2
79290,4,2,2
79291,4,2,2
79293,4,2,2
79307,41,34,7
79308,98,71,27
79309,98,71,27
79310,22,15,7
79311,22,15,7
79312,22,15,7
79313,22,15,7
79318,7,4,3
79319,7,4,3
79320,7,3,4
79322,7,4,3
79329,11,11,0
79330,11,11,0
79331,1,1,0
79332,1,1,0
79360,2,0,2
79361,2,0,2
79362,164,138,26
79375,164,138,26
79402,1,0,1
79403,31,29,2
79411,31,29,2
79412,2,2,0
79413,2,2,0
79415,2,2,0
79416,2,2,0
79419,85,64,21
79420,22,19,3
79421,22,19,3
79426,9,5,4
79427,5,4,1
79428,5,4,1
79429,9,5,4
79430,9,5,4
79431,8,4,4
79432,8,4,4
79433,2,0,2
79434,8,4,4
79435,8,4,4
79438,46,25,21
79439,46,25,21
79440,32,29,3
79441,32,29,3
79446,46,25,21
79447,46,25,21
79452,164,138,26
79453,164,138,26
79454,35,26,9
79455,35,26,9
79462,30,17,13
79474,4,4,0
79475,4,4,0
79484,10,6,4
79485,10,6,4
79486,2,0,2
79487,2,0,2
79488,10,6,4
79499,10,6,4
79500,4,4,0
79502,4,4,0
79503,10,6,4
79504,1,0,1
79508,53,15,38
79509,6,4,2
79510,10,3,7
79511,10,3,7
79512,6,0,6
79531,19,6,13
79532,19,6,13
79533,3,3,0
79557,125,104,21
79558,2,0,2
79559,2,0,2
79562,27,22,5
79563,27,22,5
79564,18,17,1
79565,15,15,0
79566,15,15,0
79567,125,104,21
79568,13,10,3
79569,13,10,3
79581,49,39,10
79582,49,39,10
79583,2,2,0
79584,22,16,6
79585,22,16,6
79593,6,6,0
79594,6,6,0
79595,49,39,10
79596,6,4,2
79597,49,39,10
79598,49,39,10
79599,2,0,2
79600,169,127,42
79601,55,43,12
79602,12,11,1
79603,12,11,1
79604,17,15,2
79605,4,3,1
79612,33,27,6
79613,33,27,6
79614,12,12,0
79616,58,43,15
79617,8,8,0
79618,8,8,0
79619,58,43,15
79620,7,7,0
79621,7,7,0
79622,15,13,2
79623,15,13,2
79624,11,9,2
79625,11,9,2
79626,2,2,0
79627,2,2,0
79628,2,2,0
79629,11,9,2
79630,11,9,2
79631,53,45,8
79632,53,45,8
79633,53,45,8
79634,2,0,2
79635,2,0,2
79636,16,11,5
79637,16,11,5
79638,44,39,5
79639,44,39,5
79647,34,27,7
79648,34,27,7
79661,34,27,7
79667,75,47,28
79670,58,47,11
79671,12,12,0
79672,13,13,0
79673,13,13,0
79674,13,13,0
79675,75,47,28
79676,58,47,11
79684,9,5,4
79685,1,0,1
79686,1,0,1
79693,9,6,3
79694,58,47,11
79695,58,47,11
79696,58,47,11
79697,21,20,1
79698,21,20,1
79699,15,13,2
79702,15,13,2
79703,60,37,23
79708,38,31,7
79711,39,35,4
79712,39,35,4
79713,5,2,3
79714,5,2,3
79715,39,35,4
79716,39,35,4
79717,34,31,3
79718,38,31,7
79719,7,4,3
79720,60,37,23
79723,28,24,4
79724,64,60,4
79725,64,60,4
79726,16,16,0
79727,23,23,0
79728,23,23,0
79729,23,23,0
79730,23,23,0
79731,16,16,0
79732,14,13,1
79733,11,11,0
79734,4,3,1
79735,4,2,2
79736,19,18,1
79737,19,18,1
79738,60,37,23
79740,20,20,0
79741,20,20,0
79742,7,7,0
79743,7,7,0
79744,64,60,4
79745,9,6,3
79746,38,31,7
79747,19,12,7
79748,11,10,1
79749,23,21,2
79754,42,35,7
79755,42,35,7
79756,8,8,0
79757,8,8,0
79758,15,11,4
79759,64,60,4
79760,64,60,4
79761,64,60,4
79762,64,60,4
79764,29,16,13
79766,1,1,0
79767,1,1,0
79774,18,12,6
79775,18,12,6
79776,18,12,6
79777,15,13,2
79778,2,1,1
79779,2,1,1
79783,2,1,1
79784,2,1,1
79788,65,55,10
79789,65,55,10
79790,2,1,1
79791,2,1,1
79792,65,55,10
79793,35,31,4
79794,6,6,0
79795,4,4,0
79796,65,55,10
79797,65,55,10
79798,5,4,1
79799,5,4,1
79800,5,5,0
79801,35,31,4
79802,15,10,5
79842,15,10,5
79857,5,2,3
79858,15,8,7
79859,15,8,7
79860,4,2,2
79861,8,4,4
79862,4,4,0
79863,9,4,5
79864,9,4,5
79899,22,18,4
79900,22,18,4
79901,22,18,4
79902,35,31,4
79903,35,31,4
79904,35,31,4
79916,35,31,4
79917,135,112,23
79921,135,112,23
79949,3,3,0
79950,3,3,0
79953,1,1,0
79954,1,1,0
79956,49,40,9
79957,42,36,6
79958,42,36,6
79959,42,36,6
79960,42,36,6
79961,31,24,7
79962,31,24,7
79963,31,24,7
79964,5,0,5
79965,5,0,5
79966,31,24,7
79967,31,24,7
79968,4,2,2
79969,62,35,27
79970,62,35,27
79973,62,35,27
79974,45,39,6
79975,12,12,0
79976,17,17,0
79977,17,17,0
79978,17,17,0
79979,17,17,0
79980,12,12,0
79981,11,10,1
79982,4,3,1
79983,4,2,2
79984,13,12,1
79985,13,12,1
79986,62,35,27
79987,62,35,27
79988,45,39,6
79989,23,13,10
79990,10,9,1
79991,34,28,6
79992,4,2,2
79993,49,40,9
79994,13,9,4
79995,45,39,6
79996,45,39,6
79997,45,39,6
79998,45,39,6
79999,45,39,6
80000,45,39,6
80001,45,39,6
80002,45,39,6
80003,4,2,2
80004,8,1,7
80005,8,1,7
80006,2,0,2
80007,2,0,2
80008,2,0,2
80009,2,0,2
80010,2,0,2
80011,2,0,2
80012,17,17,0
80013,17,17,0
80016,56,43,13
80017,122,90,32
80018,38,31,7
80019,38,31,7
80020,4,4,0
80021,4,4,0
80023,122,90,32
80024,11,7,4
80025,11,7,4
80026,17,9,8
80027,16,11,5
80038,4,0,4
80039,4,0,4
80040,4,0,4
80041,4,0,4
80043,4,0,4
80044,4,0,4
80045,4,0,4
80046,4,0,4
80071,3,3,0
80072,3,3,0
80075,98,77,21
80076,9,0,9
80077,9,0,9
80078,9,0,9
80079,9,0,9
80080,98,77,21
80081,14,3,11
80082,14,3,11
80084,5,5,0
80087,78,58,20
80088,143,111,32
80089,143,111,32
80090,143,111,32
80091,111,84,27
80092,1,0,1
80096,1,0,1
80100,143,111,32
80101,143,111,32
80102,28,26,2
80103,28,26,2
80106,1,1,0
80112,1,1,0
80113,18,13,5
80114,1,0,1
80115,1,0,1
80116,13,10,3
80117,13,10,3
80118,13,10,3
80119,15,12,3
80120,17,2,15
80121,17,2,15
80122,9,6,3
80126,17,2,15
80127,1,1,0
80128,1,1,0
80131,9,6,3
80132,9,6,3
80133,19,16,3
80134,9,6,3
80135,9,6,3
80136,9,6,3
80137,9,6,3
80138,63,42,21
80143,111,84,27
80144,111,84,27
80145,111,84,27
80146,111,86,25
80150,214,152,62
80151,149,111,38
80152,7,2,5
80153,28,15,13
80157,2,2,0
80160,2,2,0
80161,119,96,23
80162,9,6,3
80163,9,6,3
80164,13,6,7
80165,13,6,7
80166,16,13,3
80167,13,6,7
80171,119,96,23
80172,16,13,3
80173,16,13,3
80175,8,1,7
80176,8,1,7
80177,1,0,1
80178,1,0,1
80179,17,13,4
80180,19,15,4
80181,19,15,4
80182,15,2,13
80183,15,2,13
80184,15,2,13
80187,15,2,13
80188,9,1,8
80191,9,4,5
80192,9,4,5
80193,9,4,5
80194,9,4,5
80195,9,4,5
80196,9,4,5
80197,9,4,5
80198,9,4,5
80199,269,185,84
80202,16,12,4
80204,36,25,11
80205,42,27,15
80206,42,27,15
80207,42,27,15
80208,42,27,15
80209,38,18,20
80210,38,18,20
80213,13,6,7
80214,13,6,7
80215,13,6,7
80216,15,8,7
80217,17,2,15
80218,17,2,15
80219,17,2,15
80220,17,2,15
80221,12,5,7
80225,17,2,15
80226,17,2,15
80227,17,2,15
80229,12,5,7
80233,15,8,7
80234,38,18,20
80235,38,18,20
80236,12,5,7
80237,12,5,7
80238,38,18,20
80239,38,18,20
80240,20,9,11
80241,20,9,11
80242,93,58,35
80243,93,58,35
80244,93,58,35
80245,1,1,0
80246,1,1,0
80247,62,40,22
80248,10,9,1
80249,13,8,5
80250,13,8,5
80251,13,8,5
80252,13,8,5
80253,10,9,1
80254,11,9,2
80255,4,3,1
80256,3,1,2
80257,10,9,1
80258,10,9,1
80259,93,58,35
80260,93,58,35
80261,7,5,2
80262,7,5,2
80263,5,4,1
80264,5,4,1
80265,62,40,22
80267,5,2,3
80268,33,22,11
80269,4,2,2
80270,36,25,11
80271,12,4,8
80272,62,40,22
80273,62,40,22
80274,62,40,22
80275,62,40,22
80276,62,40,22
80278,1,0,1
80279,13,10,3
80280,269,185,84
80281,25,11,14
80282,25,11,14
80283,269,185,84
80284,269,185,84
80285,19,6,13
80286,19,6,13
80287,4,2,2
80288,4,2,2
80289,33,23,10
80290,269,185,84
80291,1,0,1
80292,1,0,1
80293,2,0,2
80294,2,0,2
80296,19,9,10
80297,31,25,6
80298,88,73,15
80299,30,20,10
80300,8,5,3
80301,8,5,3
80302,56,45,11
80303,88,73,15
80304,5,5,0
80305,11,3,8
80306,1,0,1
80307,1,0,1
80308,1,0,1
80310,1,0,1
80311,1,0,1
80319,2,2,0
80320,2,2,0
80321,12,4,8
80322,18,5,13
80323,19,9,10
80324,4,4,0
80325,2,2,0
80326,2,2,0
80327,2,1,1
80328,10,7,3
80329,4,4,0
80342,135,112,23
80343,52,38,14
80344,7,6,1
80347,8,5,3
80348,8,5,3
80349,51,43,8
80350,51,43,8
80351,51,43,8
80352,51,43,8
80353,23,16,7
80354,9,4,5
80355,44,39,5
80356,52,38,14
80357,7,4,3
80358,5,5,0
80359,5,5,0
80360,135,112,23
80365,135,112,23
80366,80,68,12
80367,17,17,0
80368,19,19,0
80369,19,19,0
80370,19,19,0
80371,19,19,0
80372,17,17,0
80373,26,25,1
80374,6,5,1
80375,4,1,3
80376,13,12,1
80377,13,12,1
80378,135,112,23
80379,12,10,2
80380,10,8,2
80381,10,8,2
80382,80,68,12
80383,11,8,3
80384,11,8,3
80386,13,10,3
80389,85,73,12
80390,85,73,12
80392,26,16,10
80393,26,16,10
80394,4,1,3
80395,4,1,3
80396,5,2,3
80397,26,18,8
80398,26,18,8
80399,19,14,5
80400,26,16,10
80401,45,17,28
80402,45,17,28
80403,45,17,28
80404,37,26,11
80406,45,17,28
80407,45,17,28
80409,11,3,8
80410,11,3,8
80411,1,0,1
80412,1,0,1
80413,85,73,12
80414,85,73,12
80415,37,26,11
80416,37,26,11
80417,37,26,11
80418,37,26,11
80419,37,26,11
80420,37,26,11
80421,37,26,11
80422,6,6,0
80423,6,6,0
80424,6,6,0
80425,6,6,0
80426,6,6,0
80427,6,6,0
80428,6,6,0
80429,6,6,0
80430,6,6,0
80431,6,6,0
80435,40,30,10
80436,135,112,23
80437,5,3,2
80442,4,2,2
80450,52,38,14
80451,27,17,10
80452,80,68,12
80453,80,68,12
80454,80,68,12
80455,80,68,12
80456,80,68,12
80457,80,68,12
80458,80,68,12
80459,80,68,12
80460,80,68,12
80461,80,68,12
80462,80,68,12
80463,80,68,12
80465,106,64,42
80466,4,4,0
80469,106,64,42
80470,89,64,25
80471,89,64,25
80472,17,7,10
80473,3,1,2
80478,3,1,2
80483,1,1,0
80484,1,1,0
80485,10,4,6
80486,7,5,2
80487,10,4,6
80488,1,0,1
80489,8,5,3
80490,6,4,2
80491,6,4,2
80492,7,5,2
80493,7,5,2
80494,9,9,0
80495,9,8,1
80496,9,8,1
80497,9,9,0
80498,7,7,0
80501,7,7,0
80502,11,6,5
80503,7,7,0
80504,11,6,5
80505,7,0,7
80506,11,6,5
80507,11,6,5
80508,11,6,5
80512,6,4,2
80513,6,4,2
80514,6,5,1
80515,3,2,1
80516,7,7,0
80517,5,5,0
80518,9,7,2
80519,9,7,2
80521,11,11,0
80522,9,7,2
80523,9,7,2
80524,11,11,0
80527,22,12,10
80528,2,1,1
80529,32,19,13
80530,88,62,26
80531,88,62,26
80532,88,62,26
80533,67,43,24
80534,88,62,26
80535,6,6,0
80536,8,2,6
80537,67,43,24
80549,33,24,9
80550,33,24,9
80557,19,13,6
80558,19,13,6
80559,1,1,0
80563,40,29,11
80564,9,5,4
80565,49,33,16
80566,49,33,16
80567,49,33,16
80568,49,33,16
80569,45,28,17
80570,45,28,17
80571,12,4,8
80572,12,4,8
80573,45,28,17
80574,106,64,42
80575,106,64,42
80578,106,64,42
80579,81,52,29
80580,9,8,1
80581,12,10,2
80582,12,10,2
80583,12,10,2
80584,9,8,1
80585,11,11,0
80586,8,8,0
80587,8,8,0
80588,106,64,42
80589,106,64,42
80592,13,7,6
80593,4,4,0
80594,4,4,0
80595,4,4,0
80596,4,4,0
80597,4,4,0
80598,81,52,29
80599,25,1,24
80600,6,3,3
80601,45,23,22
80602,2,0,2
80603,2,0,2
80604,3,0,3
80605,3,0,3
80608,36,24,12
80609,40,29,11
80610,10,6,4
80611,81,52,29
80612,81,52,29
80613,81,52,29
80614,81,52,29
80615,81,52,29
80616,81,52,29
80617,81,52,29
80618,81,52,29
80619,111,86,25
80620,22,20,2
80621,149,111,38
80622,33,23,10
80623,33,23,10
80624,149,111,38
80625,149,111,38
80626,16,9,7
80627,16,9,7
80628,112,85,27
80629,112,85,27
80630,112,85,27
80631,28,15,13
80632,28,15,13
80633,28,15,13
80634,28,15,13
80635,112,85,27
80636,112,85,27
80637,269,185,84
80638,269,185,84
80639,269,185,84
80640,214,152,62
80641,13,9,4
80642,33,26,7
80643,33,26,7
80644,269,185,84
80645,214,152,62
80646,135,112,23
80647,135,112,23
80648,40,30,10
80649,135,112,23
80650,97,84,13
80651,97,84,13
80652,18,15,3
80654,33,24,9
80656,7,2,5
80657,7,2,5
80658,33,24,9
80659,97,84,13
80660,97,84,13
80661,214,152,62
80662,214,152,62
80663,214,152,62
80664,92,78,14
80666,1,1,0
80672,6,2,4
80673,6,2,4
80674,4,4,0
80675,4,4,0
80682,12,9,3
80685,12,9,3
80687,15,13,2
80688,13,11,2
80689,1,0,1
80690,9,8,1
80691,9,8,1
80692,9,8,1
80693,11,11,0
80694,6,6,0
80695,9,8,1
80696,1,1,0
80697,6,6,0
80698,15,13,2
80699,5,1,4
80700,6,6,0
80701,6,6,0
80702,6,6,0
80703,6,6,0
80704,4,3,1
80705,4,3,1
80706,4,3,1
80708,5,5,0
80709,4,4,0
80710,4,4,0
80715,4,4,0
80716,4,4,0
80717,14,5,9
80719,26,13,13
80720,9,6,3
80721,9,6,3
80722,27,10,17
80725,4,3,1
80731,4,3,1
80732,14,5,9
80734,23,13,10
80735,23,13,10
80736,6,4,2
80737,6,4,2
80738,6,4,2
80739,6,4,2
80740,6,4,2
80741,6,4,2
80755,6,4,2
80756,6,4,2
80757,15,13,2
80760,15,13,2
80772,135,112,23
80774,5,3,2
80775,5,3,2
80776,2,0,2
80777,2,0,2
80778,1,0,1
80779,1,0,1
80780,4,0,4
80781,3,0,3
80783,2,0,2
80784,3,0,3
80788,2,2,0
80790,214,152,62
80791,214,152,62
80793,217,127,90
80794,6,2,4
80795,6,2,4
80796,6,4,2
80797,1,0,1
80798,1,0,1
80799,4,4,0
80800,4,2,2
80801,4,2,2
80803,2,1,1
80804,2,1,1
80814,21,20,1
80816,23,20,3
80817,23,20,3
80823,23,20,3
80824,23,20,3
80825,25,17,8
80826,4,1,3
80827,4,1,3
80828,30,21,9
80829,30,21,9
80830,23,17,6
80831,66,39,27
80832,66,39,27
80834,66,39,27
80835,52,35,17
80836,7,4,3
80837,66,39,27
80838,66,39,27
80839,25,18,7
80840,52,35,17
80841,52,35,17
80842,52,35,17
80843,52,35,17
80844,52,35,17
80845,52,35,17
80846,52,35,17
80847,52,35,17
80849,57,46,11
80879,15,12,3
80880,15,12,3
80881,81,67,14
80882,81,67,14
80883,81,67,14
80884,59,52,7
80885,173,130,43
80886,173,130,43
80887,173,130,43
80888,1,1,0
80889,1,1,0
80890,134,113,21
80891,15,14,1
80892,33,32,1
80893,33,32,1
80894,33,32,1
80895,15,14,1
80896,14,14,0
80897,173,130,43
80898,173,130,43
80899,24,19,5
80900,29,27,2
80901,29,27,2
80902,9,9,0
80903,9,9,0
80904,134,113,21
80905,1,1,0
80908,1,1,0
80910,12,10,2
80911,12,10,2
80912,12,10,2
80913,12,10,2
80914,12,11,1
80916,12,11,1
80918,30,25,5
80919,30,25,5
80920,22,17,5
80921,134,113,21
80922,134,113,21
80923,134,113,21
80924,134,113,21
80925,134,113,21
80926,134,113,21
80929,4,4,0
80930,4,4,0
80931,4,4,0
80932,4,4,0
80933,4,4,0
80934,4,4,0
80936,14,10,4
80937,14,10,4
80938,22,9,13
80939,22,9,13
80940,2,0,2
80944,9,5,4
80945,15,9,6
80946,14,7,7
80947,14,7,7
80948,14,7,7
80949,14,9,5
80950,22,9,13
80951,22,9,13
80952,16,6,10
80953,16,6,10
80954,13,9,4
80955,16,6,10
80956,16,6,10
80957,5,5,0
80958,4,4,0
80980,17,11,6
80981,13,10,3
80982,13,10,3
80983,182,134,48
80984,182,134,48
80985,182,134,48
80986,182,134,48
80987,91,66,25
80990,1,0,1
80991,1,0,1
80992,100,77,23
80993,100,77,23
80994,100,77,23
80997,93,74,19
80998,65,39,26
80999,17,11,6
81000,65,39,26
81001,65,39,26
81003,65,39,26
81004,182,134,48
81005,182,134,48
81006,6,3,3
81007,8,0,8
81008,3,0,3
81009,7,0,7
81010,7,0,7
81013,3,0,3
81014,3,0,3
81015,3,0,3
81016,3,0,3
81017,3,0,3
81018,3,0,3
81019,1,1,0
81021,1,1,0
81022,182,134,48
81023,173,145,28
81025,19,17,2
81026,27,25,2
81027,27,25,2
81028,27,25,2
81046,10,10,0
81047,10,10,0
81048,182,134,48
81049,182,134,48
81050,44,36,8
81051,44,36,8
81052,22,21,1
81053,173,145,28
81054,182,134,48
81055,22,21,1
81056,58,40,18
81057,182,134,48
81058,6,2,4
81069,105,83,22
81070,105,83,22
81071,52,35,17
81072,84,61,23
81073,3,3,0
81074,3,3,0
81076,3,3,0
81077,18,15,3
81078,46,30,16
81079,13,10,3
81080,84,61,23
81081,45,41,4
81082,45,41,4
81083,45,41,4
81084,45,41,4
81085,105,83,22
81086,28,22,6
81087,9,9,0
81088,8,7,1
81089,8,7,1
81090,6,4,2
81091,6,4,2
81092,3,1,2
81094,80,63,17
81095,20,18,2
81096,20,18,2
81097,80,63,17
81098,80,63,17
81099,2,2,0
81100,57,38,19
81101,57,38,19
81102,5,2,3
81103,1,0,1
81104,14,9,5
81105,1,0,1
81106,1,0,1
81107,10,7,3
81108,10,7,3
81109,10,7,3
81110,12,9,3
81111,12,1,11
81112,12,1,11
81113,8,5,3
81114,12,1,11
81117,8,5,3
81118,8,5,3
81119,8,5,3
81120,8,5,3
81121,21,14,7
81127,7,4,3
81128,7,4,3
81145,4,2,2
81146,4,2,2
81147,182,134,48
81148,182,134,48
81149,182,134,48
81150,173,145,28
81151,182,134,48
81152,8,4,4
81155,25,21,4
81156,23,19,4
81157,25,21,4
81163,33,25,8
81164,173,145,28
81165,173,145,28
81166,173,145,28
81167,173,145,28
81200,173,145,28
81201,173,145,28
81202,9,7,2
81203,11,9,2
81204,11,9,2
81205,11,9,2
81206,21,9,12
81207,21,9,12
81208,8,6,2
81209,8,6,2
81210,26,17,9
81211,11,9,2
81212,11,9,2
81213,11,9,2
81214,9,7,2
81215,21,8,13
81216,21,8,13
81217,11,7,4
81218,4,1,3
81219,26,17,9
81220,26,17,9
81221,26,17,9
81222,20,9,11
81223,20,9,11
81224,26,17,9
81225,26,17,9
81226,6,5,1
81227,4,3,1
81228,4,3,1
81229,4,3,1
81230,6,5,1
81231,8,2,6
81232,6,5,1
81233,75,65,10
81234,75,65,10
81235,75,65,10
81236,75,65,10
81245,20,20,0
81246,16,13,3
81249,1,1,0
81253,1,1,0
81254,30,24,6
81255,30,24,6
81256,30,24,6
81257,3,0,3
81259,3,0,3
81261,31,25,6
81262,31,25,6
81263,31,25,6
81264,31,25,6
81265,2,2,0
81266,2,2,0
81267,165,123,42
81268,47,27,20
81269,8,2,6
81270,8,2,6
81276,5,0,5
81277,1,0,1
81278,1,0,1
81279,1,0,1
81283,4,0,4
81284,4,0,4
81291,8,2,6
81293,41,29,12
81294,41,29,12
81295,41,29,12
81296,41,29,12
81297,38,33,5
81302,31,29,2
81304,132,115,17
81305,49,44,5
81306,18,17,1
81307,18,17,1
81308,18,17,1
81309,9,7,2
81310,1,0,1
81311,1,0,1
81314,92,91,1
81315,53,44,9
81316,10,7,3
81317,10,8,2
81318,10,8,2
81319,21,15,6
81324,21,15,6
81325,21,15,6
81326,21,15,6
81327,21,15,6
81328,53,44,9
81329,56,25,31
81330,56,25,31
81340,56,25,31
81341,56,25,31
81342,5,0,5
81343,5,0,5
81344,5,0,5
81345,5,0,5
81346,6,6,0
81349,5,4,1
81350,5,4,1
81351,5,4,1
81352,6,6,0
81353,19,10,9
81354,19,10,9
81355,19,10,9
81356,12,7,5
81366,19,10,9
81367,19,10,9
81368,17,16,1
81369,3,1,2
81370,3,1,2
81371,8,7,1
81372,3,0,3
81373,12,7,5
81374,12,7,5
81375,12,7,5
81376,12,7,5
81377,12,7,5
81378,12,7,5
81379,12,7,5
81380,12,7,5
81381,41,29,12
81382,19,6,13
81384,73,70,3
81385,73,70,3
81388,73,65,8
81394,73,65,8
81395,1,0,1
81396,1,0,1
81397,10,4,6
81400,2,2,0
81401,2,2,0
81402,5,5,0
81403,9,9,0
81404,9,9,0
81405,9,9,0
81406,9,9,0
81407,9,9,0
81408,9,9,0
81409,9,9,0
81410,9,9,0
81411,9,9,0
81412,2,0,2
81417,9,9,0
81418,9,9,0
81427,15,11,4
81428,15,11,4
81429,6,2,4
81430,3,2,1
81431,3,2,1
81432,28,17,11
81433,28,17,11
81434,38,28,10
81435,23,2,21
81436,23,2,21
81437,23,2,21
81438,16,9,7
81445,23,2,21
81446,23,2,21
81447,16,9,7
81448,11,1,10
81449,2,1,1
81450,3,0,3
81451,16,9,7
81452,16,9,7
81453,16,9,7
81454,16,9,7
81455,16,9,7
81456,16,9,7
81457,16,9,7
81458,16,9,7
81459,55,45,10
81460,55,45,10
81461,55,45,10
81462,55,45,10
81463,38,36,2
81464,23,2,21
81465,23,17,6
81466,23,16,7
81467,23,16,7
81468,23,16,7
81469,24,16,8
81470,24,16,8
81471,3,0,3
81472,3,0,3
81473,24,16,8
81474,25,18,7
81475,23,17,6
81477,18,15,3
81478,13,10,3
81479,13,10,3
81480,13,10,3
81481,16,12,4
81482,16,12,4
81483,3,0,3
81484,3,0,3
81485,16,12,4
81488,52,50,2
81489,52,50,2
81490,26,18,8
81491,11,11,0
81492,5,5,0
81493,52,50,2
81494,26,18,8
81500,22,22,0
81501,26,18,8
81502,26,18,8
81503,26,18,8
81504,58,47,11
81505,32,32,0
81506,32,32,0
81507,42,28,14
81508,12,12,0
81509,12,12,0
81511,42,28,14
81512,42,28,14
81514,7,5,2
81515,7,5,2
81516,34,23,11
81517,8,4,4
81520,2,2,0
81521,39,36,3
81522,39,36,3
81524,2,2,0
81526,2,2,0
81531,169,127,42
81532,169,127,42
81558,169,127,42
81559,67,55,12
81560,67,55,12
81561,67,55,12
81562,14,12,2
81563,14,12,2
81564,14,12,2
81566,14,12,2
81570,59,47,12
81571,38,31,7
81572,122,90,32
81573,122,90,32
81574,4,4,0
81575,4,4,0
81576,122,90,32
81577,21,20,1
81578,21,20,1
81579,21,20,1
81580,21,20,1
81581,13,13,0
81582,13,13,0
81583,13,13,0
81584,13,13,0
81585,144,119,25
81586,144,119,25
81587,122,90,32
81588,122,90,32
81589,5,5,0
81590,5,5,0
81591,3,0,3
81592,3,0,3
81593,3,0,3
81594,3,0,3
81595,3,0,3
81596,61,48,13
81597,35,29,6
81598,17,17,0
81622,17,17,0
81623,17,14,3
81624,24,11,13
81625,12,10,2
81626,11,10,1
81627,11,10,1
81628,11,10,1
81629,11,10,1
81630,12,10,2
81631,11,9,2
81632,2,1,1
81633,10,9,1
81634,10,9,1
81635,61,48,13
81636,17,13,4
81637,61,48,13
81638,44,36,8
81639,17,14,3
81640,4,4,0
81641,2,2,0
81642,2,2,0
81643,44,36,8
81644,44,36,8
81645,1,1,0
81646,1,1,0
81647,6,6,0
81648,61,48,13
81649,45,45,0
81650,45,45,0
81651,45,45,0
81652,45,45,0
81653,45,45,0
81654,4,0,4
81662,45,45,0
81663,45,45,0
81664,38,28,10
81665,8,2,6
81666,42,28,14
81667,42,28,14
81668,42,28,14
81669,42,28,14
81670,42,28,14
81671,42,28,14
81672,208,149,59
81673,7,5,2
81688,1,1,0
81689,1,1,0
81690,3,3,0
81691,3,3,0
81692,1,1,0
81693,3,3,0
81694,3,3,0
81702,17,8,9
81703,23,14,9
81704,1,0,1
81705,32,11,21
81706,32,11,21
81707,32,11,21
81708,32,11,21
81709,20,7,13
81711,32,11,21
81712,32,11,21
81713,8,2,6
81714,8,2,6
81715,15,7,8
81716,15,7,8
81717,20,7,13
81718,10,5,5
81719,10,5,5
81722,3,2,1
81723,1,0,1
81724,3,0,3
81726,17,11,6
81727,20,7,13
81728,20,7,13
81730,5,2,3
81731,5,2,3
81732,4,2,2
81733,4,2,2
81734,4,2,2
81735,3,3,0
81736,3,3,0
81739,32,17,15
81740,10,6,4
81741,10,6,4
81742,32,17,15
81743,11,6,5
81744,32,17,15
81746,12,7,5
81747,11,6,5
81748,12,7,5
81749,1,0,1
81750,1,0,1
81751,25,16,9
81752,25,16,9
81753,208,149,59
81764,150,116,34
81765,150,116,34
81766,150,116,34
81767,9,8,1
81768,2,0,2
81782,90,76,14
81783,10,8,2
81784,11,9,2
81787,11,9,2
81788,10,8,2
81789,5,5,0
81790,5,5,0
81794,90,76,14
81796,6,6,0
81797,90,76,14
81802,18,15,3
81803,18,15,3
81806,9,7,2
81807,8,6,2
81808,8,6,2
81810,13,4,9
81811,23,17,6
81814,21,15,6
81815,21,15,6
81816,21,15,6
81817,21,15,6
81818,23,18,5
81819,2,0,2
81820,21,2,19
81821,21,2,19
81822,21,2,19
81823,15,9,6
81829,21,2,19
81830,21,2,19
81832,1,1,0
81833,15,9,6
81834,11,1,10
81835,3,1,2
81836,23,17,6
81837,23,17,6
81838,23,17,6
81839,5,1,4
81840,15,9,6
81841,15,9,6
81842,15,9,6
81843,15,9,6
81844,15,9,6
81845,15,9,6
81846,15,9,6
81847,15,9,6
81848,209,143,66
81849,209,143,66
81850,209,143,66
81853,52,40,12
81854,52,40,12
81855,52,40,12
81856,37,32,5
81857,164,127,37
81858,164,127,37
81859,164,127,37
81860,36,27,9
81861,36,27,9
81862,15,15,0
81863,65,58,7
81864,12,10,2
81865,9,8,1
81866,44,35,9
81867,25,15,10
81868,32,12,20
81869,32,12,20
81870,32,12,20
81871,32,12,20
81872,25,15,10
81873,56,25,31
81874,33,22,11
81875,4,3,1
81876,5,4,1
81877,25,13,12
81878,25,13,12
81879,22,16,6
81880,21,14,7
81881,21,14,7
81882,21,14,7
81883,25,19,6
81884,25,19,6
81885,21,0,21
81886,21,0,21
81887,21,0,21
81888,21,0,21
81889,13,6,7
81890,21,0,21
81891,21,0,21
81892,3,0,3
81893,13,6,7
81894,13,6,7
81895,13,6,7
81896,13,6,7
81897,13,6,7
81898,13,6,7
81899,13,6,7
81900,13,6,7
81901,13,6,7
81902,13,6,7
81903,19,18,1
81904,19,18,1
81905,7,6,1
81906,8,7,1
81907,8,7,1
81908,9,8,1
81909,12,2,10
81912,9,7,2
81913,9,7,2
81914,111,88,23
81915,2,2,0
81916,47,42,5
81917,47,42,5
81918,28,22,6
81919,47,42,5
81920,47,42,5
81922,40,29,11
81923,3,3,0
81924,3,3,0
81925,3,3,0
81926,3,3,0
81927,9,9,0
81928,9,9,0
81929,9,9,0
81930,9,9,0
81931,9,9,0
81932,9,9,0
81933,89,80,9
81934,89,80,9
81935,89,80,9
81936,5,5,0
81937,89,80,9
81938,3,2,1
81939,89,80,9
81940,11,2,9
81942,11,2,9
81943,4,0,4
81944,4,0,4
81945,4,0,4
81946,4,0,4
81951,4,0,4
81952,4,0,4
81953,12,1,11
81954,2,1,1
81955,2,1,1
81956,4,0,4
81957,4,0,4
81958,2,1,1
81959,2,1,1
81960,2,1,1
81961,4,3,1
81962,14,1,13
81965,4,0,4
81970,111,88,23
81977,111,88,23
81978,53,46,7
81979,53,46,7
81980,20,18,2
81999,229,157,72
82002,2,0,2
82006,3,0,3
82008,3,0,3
82009,1,0,1
82010,11,4,7
82015,4,2,2
82017,15,13,2
82020,9,6,3
82021,9,6,3
82022,2,2,0
82023,4,3,1
82028,5,3,2
82032,5,5,0
82033,1,1,0
82034,1,1,0
82040,8,7,1
82041,24,21,3
82042,1,0,1
82045,9,7,2
82048,1,0,1
82049,6,6,0
82050,1,1,0
82051,5,3,2
82052,2,0,2
82053,2,0,2
82060,9,9,0
82064,7,7,0
82079,5,4,1
82099,13,13,0
82100,3,3,0
82104,9,6,3
82112,13,13,0
82121,11,4,7
82122,5,1,4
82124,5,0,5
82145,7,6,1
82146,4,3,1
82151,1,1,0
82152,25,17,8
82154,29,22,7
82156,5,5,0
82157,5,5,0
82160,33,27,6
82161,6,1,5
82173,33,27,6
82174,33,27,6
82181,6,5,1
82183,3,0,3
82187,3,0,3
82195,24,22,2
82199,3,3,0
82218,1,1,0
82219,5,2,3
82220,5,3,2
82224,2,1,1
82225,10,5,5
82227,7,4,3
82228,5,5,0
82244,10,8,2
82261,8,5,3
82262,30,22,8
82266,12,10,2
82267,10,10,0
82268,2,2,0
82270,16,12,4
82276,5,0,5
82278,7,0,7
82280,10,6,4
82282,16,13,3
82283,1,1,0
82284,1,1,0
82285,2,1,1
82286,2,1,1
82287,13,9,4
82288,21,15,6
82289,21,15,6
82290,21,15,6
82291,15,13,2
82292,18,8,10
82295,18,8,10
82296,17,15,2
82298,17,15,2
82299,17,15,2
82300,24,24,0
82301,7,3,4
82302,24,24,0
82303,95,83,12
82305,95,83,12
82314,56,54,2
82315,56,54,2
82316,45,43,2
82321,9,4,5
82359,5,4,1
82360,5,4,1
82365,9,4,5
82381,9,4,5
82382,9,4,5
82385,21,21,0
82386,21,21,0
82389,21,21,0
82392,229,157,72
82393,24,17,7
82394,24,17,7
82396,24,17,7
82397,2,1,1
82398,2,1,1
82399,11,5,6
82400,9,4,5
82401,9,4,5
82402,9,4,5
82403,24,17,7
82404,34,30,4
82405,34,30,4
82406,31,24,7
82407,31,24,7
82408,31,24,7
82409,31,24,7
82410,34,30,4
82411,34,30,4
82412,229,157,72
82413,27,20,7
82414,27,20,7
82415,24,20,4
82416,24,20,4
82419,11,4,7
82420,4,1,3
82421,5,0,5
82422,5,0,5
82424,5,0,5
82427,11,4,7
82428,11,4,7
82429,6,3,3
82430,13,13,0
82431,13,13,0
82432,3,3,0
82433,3,3,0
82435,3,3,0
82436,3,3,0
82437,6,2,4
82438,6,2,4
82439,2,0,2
82440,2,0,2
82441,2,0,2
82442,2,0,2
82443,13,13,0
82444,13,13,0
82448,3,0,3
82449,3,0,3
82450,2,0,2
82451,3,0,3
82452,3,0,3
82453,21,8,13
82454,15,3,12
82455,15,3,12
82456,7,0,7
82457,15,3,12
82458,15,3,12
82469,27,10,17
82470,27,10,17
82471,43,17,26
82472,27,10,17
82473,43,17,26
82494,138,117,21
82495,138,117,21
82497,25,17,8
82504,25,17,8
82506,36,21,15
82507,1,0,1
82508,13,12,1
82509,13,12,1
82514,5,5,0
82515,5,5,0
82516,5,5,0
82517,13,10,3
82518,17,9,8
82519,2,0,2
82520,2,0,2
82522,2,0,2
82523,2,0,2
82524,17,9,8
82525,13,6,7
82526,13,6,7
82527,13,6,7
82528,5,0,5
82529,5,0,5
82530,5,0,5
82531,5,0,5
82533,13,6,7
82534,13,6,7
82546,14,2,12
82547,14,2,12
82548,14,9,5
82550,14,2,12
82551,16,11,5
82552,2,0,2
82553,14,9,5
82559,138,117,21
82560,138,117,21
82567,138,117,21
82568,30,30,0
82569,34,21,13
82570,18,18,0
82571,1,1,0
82578,1,1,0
82579,25,15,10
82580,25,15,10
82591,14,13,1
82598,14,13,1
82601,1,1,0
82602,1,1,0
82603,1,1,0
82604,1,1,0
82619,4,4,0
82620,4,4,0
82621,3,3,0
82623,34,27,7
82624,33,27,6
82625,33,27,6
82626,33,27,6
82627,38,32,6
82628,34,27,7
82629,95,72,23
82630,95,72,23
82631,95,72,23
82632,48,43,5
82633,5,5,0
82634,5,5,0
82635,95,72,23
82636,41,32,9
82637,41,32,9
82638,7,4,3
82639,7,4,3
82640,7,4,3
82641,7,4,3
82642,41,32,9
82649,6,2,4
82650,15,11,4
82651,48,43,5
82652,48,43,5
82655,91,63,28
82656,45,37,8
82662,11,9,2
82663,52,44,8
82664,41,31,10
82665,3,3,0
82666,3,3,0
82667,45,37,8
82668,10,8,2
82669,9,7,2
82670,9,7,2
82671,8,6,2
82672,8,6,2
82673,8,6,2
82674,14,2,12
82675,14,2,12
82676,8,6,2
82681,8,6,2
82684,8,6,2
82685,2,1,1
82686,41,34,7
82687,41,34,7
82688,41,34,7
82689,6,6,0
82690,6,6,0
82691,16,3,13
82692,8,4,4
82693,2,1,1
82694,16,3,13
82695,3,1,2
82696,91,63,28
82697,91,63,28
82698,91,63,28
82699,80,66,14
82700,10,10,0
82701,15,15,0
82702,15,15,0
82703,15,15,0
82706,91,63,28
82707,91,63,28
82709,52,44,8
82710,52,44,8
82711,22,19,3
82712,22,19,3
82713,6,6,0
82714,6,6,0
82715,6,6,0
82716,6,6,0
82717,6,6,0
82718,6,6,0
82719,6,6,0
82720,6,6,0
82721,53,46,7
82722,60,47,13
82723,60,47,13
82738,1,0,1
82742,20,15,5
82743,20,15,5
82747,8,1,7
82748,2,0,2
82749,2,0,2
82750,2,0,2
82754,6,1,5
82756,6,1,5
82757,6,1,5
82758,6,1,5
82759,6,1,5
82778,60,47,13
82790,7,7,0
82791,7,7,0
82792,53,45,8
82798,9,6,3
82803,53,45,8
82808,53,45,8
82809,27,20,7
82810,4,2,2
82811,27,20,7
82812,3,0,3
82813,3,0,3
82814,11,9,2
82820,1,0,1
82821,9,3,6
82822,9,3,6
82823,7,1,6
82826,9,3,6
82827,9,3,6
82830,1,0,1
82831,1,0,1
82837,11,4,7
82838,7,1,6
82839,7,1,6
82840,7,1,6
82841,80,66,14
82842,80,66,14
82843,80,66,14
82856,80,66,14
82857,12,9,3
82858,12,9,3
82859,22,21,1
82860,160,129,31
82861,71,55,16
82882,8,7,1
82883,8,7,1
82884,96,80,16
82885,96,80,16
82886,96,80,16
82887,51,39,12
82888,41,30,11
82889,41,30,11
82890,160,129,31
82891,160,129,31
82892,160,129,31
82893,160,129,31
82895,100,86,14
82896,18,18,0
82897,160,129,31
82898,17,12,5
82899,17,12,5
82900,100,86,14
82904,1,0,1
82905,1,0,1
82907,41,30,11
82908,41,30,11
82913,6,6,0
82914,6,6,0
82915,9,7,2
82916,8,6,2
82917,8,6,2
82918,9,5,4
82919,9,5,4
82920,3,0,3
82921,3,0,3
82922,9,5,4
82923,10,2,8
82926,10,2,8
82927,10,6,4
82929,2,0,2
82930,2,0,2
82931,10,6,4
82934,41,30,11
82936,5,5,0
82937,100,86,14
82938,229,157,72
82939,229,157,72
82940,38,29,9
82941,48,35,13
82942,48,35,13
82943,12,8,4
82944,12,8,4
82945,48,35,13
82946,48,35,13
82947,42,33,9
82953,6,3,3
82954,88,64,24
82955,88,64,24
82956,88,64,24
82957,88,64,24
82958,88,64,24
82959,64,54,10
82960,4,4,0
82961,13,13,0
82962,4,4,0
82965,6,6,0
82966,88,64,24
82967,88,64,24
82968,88,64,24
82969,88,64,24
82970,64,54,10
82971,11,8,3
82977,39,30,9
82978,117,101,16
82979,10,8,2
82980,10,8,2
82981,117,101,16
82982,6,5,1
82983,6,5,1
82985,19,12,7
82994,19,12,7
82995,19,12,7
82996,4,4,0
82997,4,4,0
82998,7,7,0
83001,3,1,2
83002,3,1,2
83005,2,0,2
83006,2,0,2
83007,38,29,9
83008,12,8,4
83009,12,8,4
83010,64,54,10
83030,229,157,72
83031,52,41,11
83032,52,41,11
83033,8,8,0
83034,8,8,0
83035,51,44,7
83036,17,13,4
83037,2,2,0
83038,17,13,4
83039,2,2,0
83041,150,116,34
83042,150,116,34
83043,102,81,21
83044,150,116,34
83045,150,116,34
83046,13,11,2
83047,13,11,2
83050,13,11,2
83051,27,18,9
83052,27,18,9
83070,51,42,9
83071,11,11,0
83072,11,11,0
83073,11,11,0
83074,13,10,3
83075,13,10,3
83076,6,5,1
83078,6,5,1
83079,6,5,1
83080,6,5,1
83081,6,5,1
83082,6,5,1
83090,28,16,12
83091,18,9,9
83092,3,2,1
83093,3,2,1
83094,3,2,1
83095,3,2,1
83096,16,8,8
83097,16,8,8
83098,14,9,5
83099,14,3,11
83100,14,3,11
83101,14,3,11
83102,9,4,5
83104,14,3,11
83105,14,3,11
83106,3,1,2
83107,3,1,2
83108,2,1,1
83109,2,1,1
83112,9,4,5
83113,6,4,2
83114,9,4,5
83115,9,4,5
83116,9,4,5
83117,9,4,5
83118,8,5,3
83119,8,5,3
83120,70,47,23
83121,70,47,23
83122,18,15,3
83123,18,15,3
83124,42,30,12
83125,42,30,12
83126,42,30,12
83127,42,30,12
83128,102,81,21
83129,102,81,21
83130,102,81,21
83131,102,81,21
83132,102,81,21
83133,102,81,21
83134,1,1,0
83135,12,10,2
83136,23,12,11
83138,15,13,2
83143,10,8,2
83144,10,8,2
83147,15,13,2
83148,15,13,2
83149,15,13,2
83150,4,4,0
83154,4,4,0
83163,9,3,6
83164,9,3,6
83171,49,48,1
83211,13,12,1
83212,11,10,1
83213,72,66,6
83214,72,66,6
83215,12,12,0
83216,12,12,0
83217,34,33,1
83218,49,44,5
83219,49,44,5
83222,49,44,5
83223,10,10,0
83224,16,13,3
83226,1,0,1
83227,13,13,0
83228,13,13,0
83229,13,13,0
83230,13,13,0
83231,10,10,0
83233,10,10,0
83234,10,10,0
83235,10,10,0
83236,10,10,0
83237,10,10,0
83238,10,10,0
83239,10,10,0
83240,9,9,0
83241,9,9,0
83246,1,0,1
83247,1,0,1
83248,1,0,1
83249,1,0,1
83269,49,44,5
83270,7,3,4
83272,7,3,4
83273,3,0,3
83274,3,0,3
83276,16,16,0
83279,17,16,1
83280,17,16,1
83281,17,16,1
83282,18,18,0
83288,20,20,0
83294,20,20,0
83295,19,17,2
83296,16,16,0
83297,4,1,3
83298,20,20,0
83299,20,20,0
83300,20,20,0
83301,20,20,0
83302,20,20,0
83303,20,20,0
83304,20,20,0
83305,20,20,0
83306,6,4,2
83307,6,4,2
83308,12,6,6
83309,12,6,6
83310,11,7,4
83311,11,7,4
83312,16,11,5
83315,17,10,7
83316,4,1,3
83317,4,1,3
83318,17,10,7
83319,17,10,7
83320,15,10,5
83324,20,10,10
83325,20,10,10
83326,20,10,10
83327,18,13,5
83328,20,10,10
83329,20,10,10
83330,18,13,5
83331,18,13,5
83332,18,13,5
83333,18,13,5
83336,10,10,0
83337,10,10,0
83338,10,10,0
83339,10,10,0
83340,10,10,0
83341,10,10,0
83342,10,10,0
83343,25,19,6
83349,17,17,0
83350,18,18,0
83351,18,18,0
83352,16,16,0
83358,8,4,4
83360,8,4,4
83361,8,4,4
83362,8,4,4
83363,8,4,4
83364,8,4,4
83365,8,4,4
83366,8,4,4
83367,8,4,4
83368,8,4,4
83370,8,4,4
83371,8,4,4
83372,8,4,4
83373,37,21,16
83374,37,21,16
83375,1,0,1
83377,1,0,1
83378,8,4,4
83379,11,8,3
83380,1,1,0
83381,10,4,6
83384,15,0,15
83385,15,0,15
83387,29,17,12
83388,99,73,26
83389,99,73,26
83392,8,7,1
83393,8,7,1
83394,3,2,1
83396,3,2,1
83397,21,13,8
83398,3,1,2
83399,3,1,2
83400,21,13,8
83401,1,0,1
83402,1,0,1
83403,41,30,11
83404,41,30,11
83405,26,20,6
83406,62,39,23
83407,62,39,23
83410,25,15,10
83411,25,15,10
83412,25,15,10
83413,25,15,10
83414,25,15,10
83415,25,15,10
83416,25,15,10
83417,25,15,10
83418,25,15,10
83419,25,15,10
83420,99,73,26
83421,31,16,15
83422,31,16,15
83423,16,11,5
83424,16,11,5
83425,16,11,5
83426,16,11,5
83427,16,11,5
83428,16,11,5
83429,16,11,5
83430,25,6,19
83431,9,8,1
83432,12,11,1
83433,12,11,1
83434,12,11,1
83435,12,11,1
83436,9,8,1
83437,10,9,1
83438,10,9,1
83439,16,11,5
83440,16,11,5
83441,16,11,5
83442,11,9,2
83443,11,9,2
83444,11,9,2
83445,7,5,2
83446,20,4,16
83447,20,4,16
83448,8,6,2
83451,16,11,5
83452,10,8,2
83453,9,9,0
83454,8,7,1
83455,2,0,2
83456,2,0,2
83457,8,3,5
83468,8,3,5
83469,8,3,5
83470,8,3,5
83471,8,3,5
83472,8,3,5
83473,10,8,2
83474,41,17,24
83475,41,17,24
83476,2,0,2
83477,2,0,2
83478,16,11,5
83479,6,4,2
83480,6,4,2
83482,6,4,2
83483,26,25,1
83484,26,25,1
83485,34,33,1
83486,94,92,2
83487,33,27,6
83488,33,27,6
83489,5,5,0
83490,20,14,6
83491,20,14,6
83495,94,92,2
83496,94,92,2
83499,8,7,1
83500,8,7,1
83501,8,7,1
83503,16,2,14
83504,4,3,1
83505,4,3,1
83506,4,3,1
83507,4,3,1
83508,4,3,1
83510,20,15,5
83511,20,15,5
83513,40,26,14
83514,40,26,14
83515,24,22,2
83517,24,22,2
83519,20,14,6
83520,20,14,6
83521,4,0,4
83522,4,0,4
83525,4,0,4
83526,4,0,4
83527,94,92,2
83528,1,1,0
83529,94,92,2
83530,20,15,5
83531,20,15,5
83532,67,53,14
83533,67,53,14
83543,67,53,14
83544,67,53,14
83545,20,15,5
83546,20,15,5
83547,54,44,10
83548,54,44,10
83549,17,11,6
83550,54,44,10
83551,12,8,4
83552,12,8,4
83553,9,5,4
83554,29,20,9
83555,29,20,9
83556,15,13,2
83557,54,44,10
83558,35,31,4
83561,4,4,0
83562,11,11,0
83563,11,11,0
83564,94,92,2
83566,12,6,6
83568,17,13,4
83573,22,20,2
83574,4,4,0
83575,22,20,2
83582,22,20,2
83587,42,35,7
83588,42,35,7
83589,42,35,7
83590,42,35,7
83591,13,13,0
83592,11,11,0
83595,12,12,0
83596,12,12,0
83597,12,12,0
83598,12,12,0
83599,12,12,0
83600,12,12,0
83601,12,12,0
83602,12,12,0
83603,12,12,0
83605,145,125,20
83606,145,125,20
83611,8,8,0
83627,9,8,1
83628,9,8,1
83629,17,15,2
83630,10,6,4
83631,10,6,4
83637,10,6,4
83638,10,6,4
83643,46,31,15
83644,68,56,12
83645,46,31,15
83656,68,56,12
83657,10,10,0
83658,10,10,0
83683,2,2,0
83689,43,43,0
83690,43,43,0
83694,43,43,0
83707,26,24,2
83816,46,38,8
83823,6,1,5
83824,6,1,5
83825,6,1,5
83826,6,1,5
83833,145,125,20
83834,9,9,0
83836,49,38,11
83837,8,6,2
83838,8,6,2
83846,6,3,3
83847,6,3,3
83848,1,0,1
83849,1,0,1
83850,4,0,4
83851,55,46,9
83852,55,46,9
83853,55,46,9
83855,55,46,9
83856,49,42,7
83857,49,42,7
83858,49,42,7
83859,14,9,5
83860,14,9,5
83861,49,42,7
83862,49,42,7
83863,96,61,35
83869,96,61,35
83870,79,68,11
83871,17,13,4
83872,23,15,8
83873,23,15,8
83874,23,15,8
83875,23,15,8
83876,17,13,4
83877,18,10,8
83878,2,0,2
83879,16,13,3
83880,16,13,3
83881,96,61,35
83882,96,61,35
83883,26,19,7
83884,26,19,7
83885,17,11,6
83886,79,68,11
83891,26,14,12
83892,7,6,1
83898,49,43,6
83902,35,24,11
83905,29,15,14
83906,29,15,14
83907,29,15,14
83908,29,15,14
83909,24,14,10
83910,3,1,2
83911,68,41,27
83912,68,41,27
83917,68,41,27
83918,39,21,18
83919,10,8,2
83920,11,7,4
83921,11,7,4
83922,11,7,4
83923,11,7,4
83924,10,8,2
83925,10,8,2
83926,2,0,2
83927,10,8,2
83928,10,8,2
83929,68,41,27
83930,68,41,27
83932,4,2,2
83933,4,2,2
83934,3,2,1
83935,3,2,1
83936,39,21,18
83937,2,2,0
83938,2,2,0
83939,26,18,8
83940,4,1,3
83941,35,24,11
83942,11,6,5
83943,39,21,18
83944,39,21,18
83945,39,21,18
83946,39,21,18
83947,145,125,20
83948,9,9,0
83949,4,2,2
83950,4,2,2
83951,2,0,2
83952,14,9,5
83953,14,9,5
83954,7,4,3
83955,49,38,11
83956,16,6,10
83957,79,68,11
83958,79,68,11
83959,79,68,11
83960,79,68,11
83961,79,68,11
83962,79,68,11
83963,79,68,11
83964,79,68,11
83968,79,68,11
83969,79,68,11
83981,1,0,1
83984,59,40,19
83985,82,80,2
83986,50,40,10
83987,26,25,1
83988,52,47,5
83989,52,47,5
83990,52,47,5
83991,52,47,5
83992,29,29,0
83993,92,91,1
83994,92,91,1
83995,92,91,1
83996,55,49,6
83997,12,12,0
83998,13,13,0
83999,13,13,0
84000,13,13,0
84001,13,13,0
84002,12,12,0
84003,11,10,1
84004,9,9,0
84005,9,9,0
84006,2,1,1
84007,12,12,0
84008,92,91,1
84009,92,91,1
84010,24,19,5
84011,24,19,5
84015,11,11,0
84016,11,11,0
84017,11,11,0
84018,11,11,0
84019,6,6,0
84020,6,6,0
84022,6,6,0
84023,6,6,0
84024,55,49,6
84025,11,5,6
84026,5,4,1
84027,24,23,1
84028,26,25,1
84029,27,21,6
84030,55,49,6
84031,55,49,6
84032,55,49,6
84033,55,49,6
84034,2,2,0
84035,13,13,0
84036,13,13,0
84039,26,16,10
84040,26,16,10
84041,26,16,10
84042,26,16,10
84043,2,0,2
84044,26,16,10
84045,26,16,10
84063,14,14,0
84064,14,14,0
84065,4,0,4
84066,4,0,4
84067,31,21,10
84068,31,21,10
84069,4,2,2
84070,9,9,0
84071,9,9,0
84081,4,4,0
84083,7,5,2
84084,7,5,2
84085,10,10,0
84086,14,14,0
84087,10,10,0
84088,3,3,0
84091,10,9,1
84093,3,3,0
84094,3,3,0
84095,3,3,0
84096,3,3,0
84097,3,3,0
84098,3,3,0
84099,3,3,0
84100,2,2,0
84101,2,2,0
84102,135,107,28
84103,32,25,7
84104,32,25,7
84105,32,25,7
84106,25,20,5
84107,25,20,5
84108,25,20,5
84109,6,2,4
84110,6,2,4
84111,25,20,5
84113,73,34,39
84114,73,34,39
84115,73,34,39
84116,4,3,1
84117,4,3,1
84118,4,3,1
84119,4,3,1
84120,5,5,0
84121,5,5,0
84122,57,52,5
84124,1,1,0
84125,13,10,3
84126,1,0,1
84127,10,8,2
84128,10,8,2
84129,10,8,2
84130,12,10,2
84131,17,3,14
84134,17,3,14
84135,7,5,2
84137,7,5,2
84138,7,5,2
84139,7,5,2
84140,7,5,2
84141,7,5,2
84142,6,6,0
84143,12,8,4
84144,29,22,7
84145,6,3,3
84146,29,22,7
84147,11,7,4
84148,2,1,1
84149,2,1,1
84150,2,1,1
84151,2,1,1
84152,2,1,1
84153,2,1,1
84154,2,1,1
84155,10,9,1
84156,13,8,5
84157,13,8,5
84158,13,8,5
84159,13,8,5
84160,10,9,1
84161,39,21,18
84162,17,8,9
84163,10,9,1
84164,135,107,28
84165,23,20,3
84166,23,20,3
84167,23,20,3
84168,23,20,3
84169,23,20,3
84170,23,20,3
84171,23,20,3
84172,23,20,3
84173,29,22,7
84174,135,107,28
84175,135,107,28
84176,47,31,16
84177,13,4,9
84178,135,107,28
84179,135,107,28
84182,8,1,7
84183,8,1,7
84184,8,1,7
84185,9,1,8
84186,8,1,7
84187,9,4,5
84188,8,1,7
84189,9,1,8
84190,9,1,8
84191,9,1,8
84192,10,8,2
84193,5,3,2
84194,5,3,2
84195,15,4,11
84196,8,2,6
84200,15,4,11
84201,8,2,6
84202,8,2,6
84203,9,8,1
84204,7,6,1
84205,7,6,1
84206,7,6,1
84207,9,8,1
84208,11,0,11
84209,9,8,1
84210,1,0,1
84211,10,8,2
84212,9,8,1
84213,7,6,1
84214,7,6,1
84215,7,6,1
84223,8,6,2
84224,34,18,16
84225,34,18,16
84226,3,3,0
84227,5,2,3
84228,5,2,3
84229,4,0,4
84230,4,0,4
84231,4,0,4
84232,5,2,3
84233,5,2,3
84249,5,3,2
84250,5,3,2
84251,14,10,4
84252,14,10,4
84255,5,5,0
84256,5,5,0
84257,5,3,2
84258,5,3,2
84259,5,3,2
84260,5,5,0
84261,5,5,0
84262,50,30,20
84263,50,30,20
84265,50,30,20
84266,50,30,20
84268,31,21,10
84269,5,1,4
84271,5,1,4
84274,3,3,0
84275,3,3,0
84278,5,3,2
84279,7,6,1
84285,1,1,0
84286,1,1,0
84287,135,107,28
84288,58,37,21
84291,135,107,28
84292,135,107,28
84293,135,107,28
84294,2,2,0
84295,38,23,15
84296,38,23,15
84297,38,23,15
84298,38,23,15
84299,38,23,15
84303,10,9,1
84304,2,0,2
84305,10,9,1
84308,48,33,15
84309,48,33,15
84310,48,33,15
84312,16,7,9
84313,16,7,9
84314,16,7,9
84315,16,7,9
84317,16,7,9
84318,16,7,9
84319,16,7,9
84320,16,7,9
84321,48,33,15
84322,48,33,15
84323,48,33,15
84327,5,5,0
84328,5,5,0
84347,135,107,28
84348,135,107,28
84349,135,107,28
84351,2,2,0
84352,2,2,0
84353,10,6,4
84354,10,6,4
84357,36,20,16
84358,36,20,16
84359,4,2,2
84360,4,2,2
84361,4,2,2
84362,5,0,5
84363,5,0,5
84364,63,55,8
84377,17,17,0
84378,17,17,0
84379,165,123,42
84380,8,2,6
84382,14,12,2
84383,6,4,2
84384,6,4,2
84385,14,12,2
84386,18,12,6
84387,18,12,6
84389,56,50,6
84390,56,50,6
84391,29,23,6
84392,29,23,6
84394,29,23,6
84395,29,23,6
84400,19,17,2
84401,19,17,2
84426,34,31,3
84451,34,31,3
84452,3,3,0
84453,3,3,0
84454,3,3,0
84455,3,3,0
84457,165,123,42
84458,8,2,6
84459,8,2,6
84461,128,118,10
84463,128,118,10
84464,7,7,0
84466,1,1,0
84467,163,129,34
84468,163,129,34
84469,50,39,11
84470,34,24,10
84472,13,12,1
84473,57,49,8
84474,57,49,8
84475,57,49,8
84476,48,43,5
84477,14,5,9
84478,14,5,9
84479,10,3,7
84480,1,0,1
84481,9,3,6
84482,13,5,8
84483,13,5,8
84484,13,5,8
84485,13,5,8
84486,10,4,6
84489,13,5,8
84490,13,5,8
84491,14,5,9
84492,14,5,9
84493,10,4,6
84494,83,61,22
84495,83,61,22
84496,83,61,22
84497,91,86,5
84498,10,10,0
84499,10,10,0
84500,83,61,22
84501,83,61,22
84502,10,10,0
84503,9,9,0
84504,15,12,3
84505,15,12,3
84508,5,5,0
84509,5,5,0
84510,5,5,0
84511,5,5,0
84512,5,5,0
84513,5,5,0
84514,5,5,0
84515,5,5,0
84516,12,12,0
84517,91,86,5
84518,9,5,4
84519,9,5,4
84520,39,34,5
84521,91,86,5
84522,91,86,5
84523,91,86,5
84524,163,129,34
84528,17,9,8
84529,10,8,2
84530,163,129,34
84531,163,129,34
84532,163,129,34
84533,26,22,4
84534,26,22,4
84535,5,2,3
84536,10,5,5
84537,12,9,3
84538,10,5,5
84539,21,12,9
84540,21,12,9
84541,17,11,6
84542,17,11,6
84543,7,3,4
84544,7,3,4
84545,5,3,2
84546,5,3,2
84547,12,8,4
84548,12,8,4
84549,12,8,4
84550,14,3,11
84551,14,3,11
84552,10,6,4
84554,14,3,11
84555,10,6,4
84556,10,6,4
84557,41,33,8
84558,7,6,1
84559,7,6,1
84560,61,53,8
84561,61,53,8
84562,61,53,8
84563,45,39,6
84564,45,39,6
84565,15,13,2
84566,5,4,1
84567,91,58,33
84568,91,58,33
84569,91,58,33
84570,70,61,9
84571,8,8,0
84572,12,12,0
84573,12,12,0
84574,12,12,0
84575,8,8,0
84576,13,13,0
84577,91,58,33
84578,91,58,33
84579,17,12,5
84580,17,12,5
84581,20,20,0
84582,6,6,0
84583,70,61,9
84584,49,42,7
84585,49,42,7
84586,49,42,7
84587,10,10,0
84588,10,10,0
84589,15,9,6
84590,70,61,9
84591,70,61,9
84592,70,61,9
84593,70,61,9
84594,70,61,9
84595,70,61,9
84596,70,61,9
84597,70,61,9
84598,12,3,9
84600,2,2,0
84601,2,2,0
84604,3,3,0
84605,3,3,0
84606,52,44,8
84607,13,12,1
84608,13,12,1
84609,88,81,7
84610,88,81,7
84611,66,59,7
84612,66,59,7
84613,18,14,4
84614,18,14,4
84615,66,59,7
84616,135,92,43
84617,135,92,43
84618,135,92,43
84619,104,98,6
84620,20,20,0
84621,20,20,0
84622,135,92,43
84623,135,92,43
84624,14,14,0
84625,104,98,6
84626,104,98,6
84627,39,34,5
84630,7,2,5
84631,9,4,5
84632,9,4,5
84633,6,3,3
84634,9,4,5
84635,7,2,5
84636,7,2,5
84637,3,0,3
84638,3,0,3
84639,6,3,3
84640,39,34,5
84641,39,32,7
84642,58,46,12
84643,58,46,12
84644,58,46,12
84645,58,46,12
84646,58,46,12
84647,58,46,12
84649,23,13,10
84650,23,13,10
84651,2,0,2
84652,58,46,12
84653,58,46,12
84654,58,46,12
84655,104,98,6
84656,104,98,6
84657,104,98,6
84658,104,98,6
84659,104,98,6
84660,104,98,6
84661,104,98,6
84662,104,98,6
84663,2,2,0
84664,3,3,0
84665,3,3,0
84667,3,3,0
84668,78,76,2
84669,78,76,2
84670,78,76,2
84671,51,46,5
84672,51,46,5
84673,51,46,5
84674,21,16,5
84675,21,16,5
84676,21,16,5
84677,21,16,5
84678,51,46,5
84679,51,46,5
84680,110,106,4
84681,1,1,0
84682,44,32,12
84683,18,10,8
84684,14,14,0
84685,5,5,0
84686,48,45,3
84687,7,7,0
84688,14,14,0
84689,48,45,3
84690,48,45,3
84691,52,46,6
84692,78,76,2
84693,78,76,2
84694,78,76,2
84695,78,76,2
84696,52,46,6
84697,169,130,39
84698,110,106,4
84699,44,32,12
84700,18,10,8
84701,48,45,3
84702,48,45,3
84703,15,12,3
84704,54,50,4
84705,8,5,3
84706,54,50,4
84707,54,50,4
84708,10,7,3
84709,163,129,34
84710,163,129,34
84713,1,0,1
84714,1,0,1
84715,4,2,2
84722,4,2,2
84723,9,9,0
84724,58,47,11
84727,58,47,11
84730,36,28,8
84731,36,28,8
84732,12,9,3
84733,36,28,8
84734,90,58,32
84735,90,58,32
84736,90,58,32
84739,90,58,32
84740,85,67,18
84741,6,5,1
84742,6,5,1
84743,90,58,32
84744,90,58,32
84745,5,3,2
84746,5,3,2
84747,21,13,8
84748,21,13,8
84749,33,27,6
84750,33,27,6
84751,30,24,6
84752,30,24,6
84753,30,24,6
84754,30,24,6
84765,10,10,0
84766,10,10,0
84767,16,13,3
84768,14,9,5
84769,14,9,5
84770,14,9,5
84771,1,0,1
84772,16,13,3
84773,8,4,4
84774,28,18,10
84775,27,27,0
84776,11,11,0
84777,11,11,0
84778,9,7,2
84779,9,7,2
84780,3,0,3
84781,3,0,3
84782,9,7,2
84783,8,8,0
84786,8,8,0
84787,24,22,2
84789,7,7,0
84790,2,1,1
84791,2,1,1
84792,4,4,0
84793,27,27,0
84794,17,17,0
84795,17,17,0
84796,35,32,3
84797,35,32,3
84798,35,32,3
84799,6,3,3
84800,6,3,3
84801,29,22,7
84802,29,22,7
84803,16,11,5
84804,16,11,5
84805,29,22,7
84817,7,6,1
84818,6,6,0
84819,6,6,0
84833,6,6,0
84834,6,6,0
84838,65,58,7
84839,8,8,0
84840,8,8,0
84846,46,46,0
84847,10,1,9
84848,163,129,34
84849,163,129,34
84850,34,28,6
84851,37,24,13
84852,37,24,13
84853,37,24,13
84854,29,24,5
84858,57,47,10
84861,1,1,0
84869,214,163,51
84870,214,163,51
84871,214,163,51
84872,53,43,10
84873,59,37,22
84874,52,39,13
84875,214,163,51
84876,214,163,51
84878,37,24,13
84879,37,24,13
84880,37,24,13
84881,37,24,13
84882,16,6,10
84883,16,6,10
84885,16,6,10
84886,16,6,10
84891,7,4,3
84892,7,4,3
84895,7,4,3
84896,7,4,3
84897,2,0,2
84898,1,0,1
84899,5,0,5
84900,9,6,3
84901,9,6,3
84902,44,33,11
84903,22,19,3
84904,8,5,3
84905,22,19,3
84906,10,9,1
84907,10,9,1
84908,12,9,3
84909,12,9,3
84910,7,4,3
84911,7,4,3
84912,12,9,3
84915,14,6,8
84916,22,19,3
84917,11,10,1
84918,11,10,1
84919,7,5,2
84920,61,52,9
84921,18,13,5
84922,101,81,20
84923,101,81,20
84924,27,24,3
84930,27,24,3
84931,15,11,4
84933,19,16,3
84934,14,12,2
84935,20,18,2
84936,20,18,2
85031,1,0,1
85032,1,0,1
85033,1,0,1
85034,1,0,1
85038,40,25,15
85039,40,25,15
85040,23,13,10
85052,40,25,15
85053,40,25,15
85054,40,25,15
85059,17,7,10
85060,40,25,15
85061,40,25,15
85062,12,8,4
85063,12,8,4
85064,11,9,2
85065,22,8,14
85066,40,25,15
85067,5,4,1
85068,5,4,1
85070,21,17,4
85071,9,6,3
85072,5,4,1
85073,5,4,1
85074,5,4,1
85075,5,4,1
85076,5,4,1
85077,5,0,5
85078,137,98,39
85079,59,37,22
85080,10,8,2
85081,73,56,17
85082,9,7,2
85083,9,7,2
85084,73,56,17
85085,18,16,2
85086,18,16,2
85087,18,16,2
85088,53,42,11
85089,54,43,11
85090,137,98,39
85091,137,98,39
85092,96,73,23
85093,12,12,0
85094,137,98,39
85095,73,56,17
85098,73,56,17
85099,22,18,4
85100,22,18,4
85102,96,73,23
85104,1,1,0
85105,47,36,11
85135,137,98,39
85136,12,8,4
85137,12,8,4
85138,12,8,4
85139,96,73,23
85140,96,73,23
85141,96,73,23
85142,96,73,23
85143,214,163,51
85144,214,163,51
85145,30,19,11
85147,41,27,14
85148,31,23,8
85151,6,3,3
85152,6,3,3
85153,6,5,1
85154,5,4,1
85155,5,4,1
85156,6,5,1
85157,10,0,10
85158,5,4,1
85159,5,4,1
85161,6,3,3
85162,6,3,3
85163,29,12,17
85164,4,0,4
85165,1,0,1
85166,3,1,2
85167,2,1,1
85169,17,15,2
85170,17,15,2
85171,14,9,5
85172,21,10,11
85173,21,10,11
85174,21,10,11
85175,14,1,13
85176,21,10,11
85177,21,10,11
85178,14,1,13
85179,14,1,13
85180,14,1,13
85181,14,1,13
85182,14,1,13
85183,14,1,13
85184,14,1,13
85185,14,1,13
85194,63,39,24
85195,63,39,24
85196,20,17,3
85197,20,17,3
85203,3,2,1
85210,60,41,19
85212,63,39,24
85213,11,8,3
85214,11,8,3
85224,6,2,4
85233,6,2,4
85240,9,3,6
85241,6,2,4
85242,6,2,4
85243,7,3,4
85244,6,2,4
85245,6,2,4
85246,1,0,1
85247,1,0,1
85249,4,0,4
85250,32,20,12
85251,32,20,12
85252,32,20,12
85253,32,20,12
85254,32,20,12
85255,32,20,12
85256,32,20,12
85257,32,20,12
85258,23,21,2
85259,95,74,21
85260,95,74,21
85264,45,33,12
85265,45,33,12
85266,1,1,0
85278,60,41,19
85279,60,41,19
85280,60,41,19
85281,60,41,19
85290,30,24,6
85291,30,24,6
85292,30,24,6
85293,7,2,5
85294,7,2,5
85295,7,2,5
85296,7,2,5
85297,30,24,6
85298,30,24,6
85302,122,94,28
85303,122,94,28
85304,88,86,2
85305,9,9,0
85306,18,18,0
85307,9,9,0
85308,18,16,2
85309,19,17,2
85310,19,17,2
85311,20,17,3
85312,20,17,3
85313,4,2,2
85317,31,12,19
85318,31,12,19
85319,16,14,2
85322,16,14,2
85323,16,14,2
85324,16,14,2
85325,16,14,2
85326,16,14,2
85327,16,14,2
85328,16,14,2
85329,16,14,2
85330,16,14,2
85331,16,14,2
85332,30,28,2
85333,30,28,2
85334,15,9,6
85335,19,13,6
85336,21,12,9
85337,21,12,9
85338,21,12,9
85339,21,12,9
85340,35,29,6
85343,21,12,9
85344,21,12,9
85345,35,29,6
85346,30,28,2
85347,30,28,2
85348,35,29,6
85349,35,29,6
85350,35,29,6
85351,35,29,6
85352,35,29,6
85353,16,16,0
85356,19,19,0
85367,32,30,2
85368,88,86,2
85369,88,86,2
85370,88,86,2
85371,88,86,2
85372,53,43,10
85373,53,43,10
85374,53,43,10
85375,53,43,10
85380,7,5,2
85381,10,10,0
85386,2,2,0
85387,2,2,0
85388,4,4,0
85399,2,2,0
85400,2,2,0
85401,2,2,0
85402,2,2,0
85413,160,129,31
85414,39,23,16
85415,39,23,16
85421,29,19,10
85436,10,8,2
85437,10,8,2
85439,10,8,2
85440,10,8,2
85441,3,2,1
85442,3,2,1
85447,150,116,34
85448,150,116,34
85451,14,10,4
85452,14,10,4
85454,48,41,7
85475,52,41,11
85476,8,6,2
85477,70,57,13
85478,70,57,13
85479,70,57,13
85480,47,36,11
85481,160,123,37
85482,160,123,37
85483,1,0,1
85484,160,123,37
85485,137,115,22
85486,36,30,6
85487,36,30,6
85488,36,30,6
85489,11,10,1
85490,160,123,37
85491,24,20,4
85492,24,20,4
85493,11,9,2
85494,137,115,22
85496,6,4,2
85497,6,4,2
85498,8,8,0
85499,7,7,0
85500,7,7,0
85501,7,7,0
85502,8,8,0
85503,9,9,0
85505,9,9,0
85506,19,19,0
85507,19,19,0
85508,19,19,0
85509,41,36,5
85519,6,2,4
85520,6,2,4
85521,33,27,6
85522,137,115,22
85523,137,115,22
85524,137,115,22
85527,164,138,26
85528,164,138,26
85529,164,138,26
85530,164,138,26
85531,135,112,23
85532,217,127,90
85533,182,134,48
85534,173,145,28
85535,84,61,23
85536,84,61,23
85537,15,12,3
85538,46,30,16
85539,46,30,16
85540,84,61,23
85541,45,41,4
85542,45,41,4
85543,45,41,4
85544,45,41,4
85545,217,127,90
85546,25,21,4
85547,25,21,4
85548,173,145,28
85549,84,74,10
85550,84,74,10
85551,127,95,32
85552,127,95,32
85553,15,11,4
85554,25,17,8
85555,25,17,8
85556,25,17,8
85557,25,17,8
85558,15,11,4
85559,11,9,2
85560,14,10,4
85561,14,10,4
85562,127,95,32
85563,208,149,59
85566,208,149,59
85567,56,25,31
85568,56,25,31
85569,56,25,31
85570,56,25,31
85575,22,11,11
85599,26,26,0
85603,9,7,2
85604,9,7,2
85605,9,7,2
85606,8,3,5
85607,8,3,5
85608,9,7,2
85609,9,7,2
85610,75,66,9
85613,7,3,4
85614,7,3,4
85617,14,12,2
85620,3,1,2
85621,1,0,1
85622,4,1,3
85623,3,0,3
85624,3,0,3
85627,2,2,0
85628,2,2,0
85629,2,2,0
85630,2,2,0
85631,2,2,0
85632,2,2,0
85633,2,2,0
85634,2,2,0
85635,2,2,0
85636,6,0,6
85637,6,0,6
85638,8,4,4
85639,8,4,4
85640,9,0,9
85641,9,0,9
85642,9,0,9
85645,6,2,4
85646,9,0,9
85647,6,0,6
85648,6,0,6
85649,6,2,4
85650,6,2,4
85651,6,4,2
85658,2,2,0
85659,2,2,0
85681,10,4,6
85682,12,12,0
85683,3,0,3
85684,3,0,3
85685,3,0,3
85687,12,12,0
85688,10,4,6
85740,1,1,0
85741,1,1,0
85749,15,13,2
85750,32,24,8
85751,13,11,2
85752,13,11,2
85753,6,2,4
85754,6,2,4
85755,14,8,6
85756,14,8,6
85757,14,8,6
85758,6,2,4
85759,6,2,4
85760,14,8,6
85761,19,9,10
85762,19,9,10
85763,24,22,2
85764,10,8,2
85765,32,24,8
85766,21,18,3
85767,21,16,5
85768,21,16,5
85769,21,16,5
85770,21,16,5
85771,22,19,3
85772,22,19,3
85773,22,19,3
85782,30,12,18
85783,30,12,18
85784,25,16,9
85785,4,3,1
85786,7,6,1
85787,4,3,1
85796,30,12,18
85797,25,16,9
85798,7,1,6
85799,20,16,4
85800,4,0,4
85801,25,16,9
85802,25,16,9
85803,25,16,9
85804,25,16,9
85817,1,1,0
85818,1,1,0
85819,2,2,0
85820,3,3,0
85821,17,12,5
85822,18,13,5
85823,20,15,5
85824,14,2,12
85825,14,2,12
85826,14,2,12
85827,10,5,5
85828,14,2,12
85829,14,2,12
85830,10,5,5
85831,10,5,5
85832,10,5,5
85833,10,5,5
85834,10,5,5
85835,10,5,5
85836,10,5,5
85837,10,5,5
85838,14,9,5
85839,14,9,5
85840,17,14,3
85841,17,14,3
85842,17,14,3
85843,9,4,5
85844,9,4,5
85845,17,13,4
85846,17,13,4
85847,17,13,4
85848,8,3,5
85849,8,3,5
85850,17,13,4
85851,17,13,4
85852,14,14,0
85853,14,14,0
85854,17,17,0
85855,5,5,0
85856,5,5,0
85857,5,5,0
85858,5,5,0
85859,6,6,0
85860,14,14,0
85861,17,17,0
85862,2,1,1
85863,15,14,1
85864,4,1,3
85865,17,17,0
85866,17,17,0
85867,17,17,0
85868,6,6,0
85869,13,11,2
85875,2,2,0
85876,2,2,0
85883,2,2,0
85884,2,2,0
85889,1,0,1
85896,16,13,3
85899,3,3,0
85900,3,3,0
85901,3,3,0
85902,10,10,0
85903,16,13,3
85904,10,10,0
85905,5,5,0
85906,5,5,0
85907,5,5,0
85908,15,4,11
85909,1,0,1
85910,1,0,1
85959,10,8,2
85965,17,15,2
85966,20,20,0
85984,20,20,0
85985,4,4,0
85986,4,4,0
85988,14,13,1
86018,14,13,1
86019,6,6,0
86020,6,6,0
86021,24,15,9
86022,24,15,9
86023,8,8,0
86024,8,8,0
86025,27,7,20
86026,27,7,20
86027,20,13,7
86028,29,13,16
86029,29,13,16
86030,29,13,16
86031,21,14,7
86034,27,7,20
86035,24,9,15
86036,24,9,15
86037,24,9,15
86044,24,9,15
86045,27,7,20
86046,27,7,20
86047,24,9,15
86048,20,13,7
86049,11,1,10
86050,2,1,1
86051,7,2,5
86052,7,2,5
86053,7,2,5
86054,7,2,5
86055,7,2,5
86056,24,9,15
86057,24,9,15
86058,24,9,15
86059,24,9,15
86060,2,2,0
86063,6,5,1
86068,10,9,1
86082,5,4,1
86083,5,4,1
86084,4,3,1
86085,7,5,2
86086,2,1,1
86088,7,5,2
86089,4,3,1
86090,1,0,1
86091,2,0,2
86092,2,0,2
86093,15,5,10
86094,15,5,10
86095,19,14,5
86098,16,11,5
86099,16,11,5
86100,16,11,5
86101,16,11,5
86103,19,12,7
86104,19,12,7
86105,3,0,3
86106,3,0,3
86107,19,12,7
86108,28,5,23
86109,28,5,23
86110,28,5,23
86111,24,18,6
86119,28,5,23
86120,28,5,23
86121,24,18,6
86122,7,1,6
86123,2,1,1
86124,20,14,6
86125,24,18,6
86126,24,18,6
86127,24,18,6
86128,24,18,6
86129,15,5,10
86130,15,5,10
86144,21,14,7
86145,25,16,9
86146,25,16,9
86147,25,16,9
86148,22,15,7
86149,22,15,7
86150,3,0,3
86151,3,0,3
86152,22,15,7
86153,2,0,2
86154,30,6,24
86155,30,6,24
86156,30,6,24
86157,33,17,16
86158,9,7,2
86159,7,4,3
86160,7,4,3
86161,7,4,3
86162,7,4,3
86163,9,7,2
86165,7,6,1
86166,30,6,24
86167,30,6,24
86168,33,17,16
86169,10,2,8
86170,2,1,1
86174,22,15,7
86175,21,14,7
86176,33,17,16
86177,33,17,16
86178,33,17,16
86179,33,17,16
86180,5,5,0
86209,5,5,0
86210,5,5,0
86219,9,9,0
86220,18,11,7
86232,28,17,11
86242,5,4,1
86244,5,4,1
86294,20,15,5
86296,8,0,8
86297,8,0,8
86304,3,1,2
86318,10,9,1
86327,22,16,6
86328,22,16,6
86330,9,5,4
86331,9,5,4
86334,9,5,4
86335,9,5,4
86336,6,0,6
86337,9,5,4
86338,9,5,4
86339,6,0,6
86340,6,0,6
86341,6,0,6
86344,13,10,3
86345,2,0,2
86346,2,0,2
86347,13,10,3
86348,2,2,0
86349,7,7,0
86350,7,7,0
86351,7,7,0
86352,13,8,5
86353,13,8,5
86354,7,6,1
86366,7,6,1
86369,3,2,1
86383,6,4,2
86384,5,5,0
86385,5,5,0
86386,20,14,6
86387,30,23,7
86388,30,23,7
86389,30,23,7
86390,30,23,7
86391,26,20,6
86392,7,5,2
86393,145,110,35
86395,145,110,35
86396,70,49,21
86397,10,9,1
86398,12,12,0
86399,12,12,0
86400,12,12,0
86401,12,12,0
86402,11,8,3
86403,145,110,35
86404,52,43,9
86405,5,4,1
86406,5,4,1
86407,20,16,4
86408,20,14,6
86409,10,5,5
86410,70,49,21
86411,70,49,21
86415,70,49,21
86416,70,49,21
86417,70,49,21
86418,70,49,21
86419,70,49,21
86420,70,49,21
86421,61,48,13
86422,61,48,13
86423,61,48,13
86425,61,48,13
86426,61,48,13
86427,95,72,23
86428,229,157,72
86429,93,74,19
86430,93,74,19
86431,53,38,15
86433,53,38,15
86434,214,163,51
86435,137,98,39
86436,137,98,39
86437,137,98,39
86438,4,3,1
86439,137,98,39
86440,137,98,39
86441,77,63,14
86442,77,63,14
86443,24,18,6
86444,24,18,6
86445,77,63,14
86446,16,8,8
86447,5,4,1
86448,10,9,1
86449,5,4,1
86450,77,63,14
86451,11,9,2
86452,11,9,2
86453,13,9,4
86454,13,9,4
86455,7,4,3
86456,7,4,3
86457,13,9,4
86458,13,3,10
86461,13,3,10
86463,77,63,14
86464,52,39,13
86465,137,98,39
86466,210,141,69
86467,210,141,69
86468,210,141,69
86469,210,141,69
86470,210,141,69
86471,210,141,69
86473,173,122,51
86474,173,122,51
86477,19,17,2
86478,25,23,2
86479,19,19,0
86480,4,4,0
86481,19,19,0
86482,3,2,1
86483,2,2,0
86484,2,2,0
86485,16,11,5
86486,16,12,4
86487,28,10,18
86488,28,10,18
86489,1,0,1
86490,30,23,7
86491,30,23,7
86492,30,23,7
86493,30,23,7
86494,30,23,7
86495,30,23,7
86496,30,23,7
86497,30,23,7
86498,18,17,1
86499,3,3,0
86501,24,20,4
86502,67,44,23
86503,67,44,23
86504,28,23,5
86505,29,23,6
86506,29,23,6
86507,29,23,6
86508,29,23,6
86509,25,17,8
86510,25,17,8
86511,3,0,3
86512,67,44,23
86515,22,14,8
86516,48,38,10
86517,8,8,0
86518,8,8,0
86519,8,8,0
86520,8,8,0
86521,8,8,0
86522,8,8,0
86523,8,8,0
86524,9,9,0
86525,9,9,0
86526,67,44,23
86527,67,44,23
86528,12,12,0
86529,12,12,0
86530,6,4,2
86531,6,4,2
86532,48,38,10
86533,28,23,5
86534,5,2,3
86535,4,3,1
86536,1,1,0
86537,7,3,4
86538,48,38,10
86539,144,131,13
86540,144,131,13
86541,97,88,9
86542,97,88,9
86543,97,88,9
86544,97,88,9
86545,144,131,13
86546,144,131,13
86547,22,17,5
86548,202,142,60
86549,29,23,6
86550,12,8,4
86551,29,23,6
86552,29,23,6
86553,7,4,3
86554,7,4,3
86555,18,11,7
86556,18,11,7
86557,7,4,3
86558,7,4,3
86559,18,11,7
86560,84,61,23
86561,84,61,23
86562,84,61,23
86563,3,3,0
86564,20,17,3
86565,10,9,1
86566,17,13,4
86567,28,23,5
86568,28,23,5
86570,137,120,17
86571,35,30,5
86572,15,15,0
86573,12,7,5
86574,12,7,5
86575,35,30,5
86579,24,21,3
86585,137,120,17
86586,39,33,6
86587,39,33,6
86588,2,0,2
86589,2,0,2
86590,2,0,2
86591,27,25,2
86592,27,25,2
86593,27,25,2
86594,27,25,2
86595,27,25,2
86596,27,25,2
86597,27,25,2
86598,13,3,10
86599,27,25,2
86600,27,25,2
86601,27,25,2
86603,86,69,17
86605,17,10,7
86609,7,3,4
86623,33,24,9
86624,3,2,1
86625,35,27,8
86626,35,27,8
86627,86,69,17
86628,86,69,17
86629,71,62,9
86630,6,6,0
86631,6,6,0
86632,86,69,17
86633,71,62,9
86634,71,62,9
86635,71,62,9
86636,71,62,9
86637,13,7,6
86638,28,19,9
86639,4,1,3
86640,4,1,3
86641,28,19,9
86642,28,19,9
86643,2,2,0
86644,3,1,2
86645,3,1,2
86654,1,0,1
86661,148,111,37
86662,148,111,37
86665,19,13,6
86666,21,14,7
86667,21,14,7
86668,21,14,7
86669,17,11,6
86670,30,16,14
86671,30,16,14
86672,31,23,8
86673,30,16,14
86674,31,23,8
86677,16,12,4
86678,31,23,8
86679,31,23,8
86680,8,8,0
86681,8,8,0
86687,48,37,11
86688,63,49,14
86689,63,49,14
86690,42,33,9
86700,148,111,37
86701,106,80,26
86702,106,80,26
86703,106,80,26
86704,106,80,26
86706,6,0,6
86707,6,0,6
86708,12,12,0
86709,12,12,0
86710,12,12,0
86711,12,12,0
86712,15,12,3
86713,5,2,3
86714,27,19,8
86716,63,45,18
86717,63,45,18
86718,27,19,8
86719,27,19,8
86720,63,45,18
86721,63,45,18
86722,9,5,4
86723,6,4,2
86724,6,4,2
86725,7,5,2
86726,3,0,3
86727,2,0,2
86728,2,0,2
86729,3,0,3
86730,15,1,14
86732,15,1,14
86733,7,5,2
86735,13,5,8
86737,85,81,4
86738,85,81,4
86740,17,16,1
86741,17,16,1
86742,17,16,1
86743,2,2,0
86744,17,16,1
86747,13,5,8
86748,13,5,8
86749,13,5,8
86750,13,5,8
86751,11,11,0
86783,11,11,0
86784,10,4,6
86785,10,4,6
86786,10,4,6
86787,10,4,6
86790,9,9,0
86793,39,30,9
86794,116,102,14
86795,116,102,14
86796,105,92,13
86797,116,102,14
86798,16,11,5
86799,105,92,13
86800,105,92,13
86801,105,92,13
86802,105,92,13
86817,12,12,0
86818,12,12,0
86826,12,12,0
86857,67,56,11
86858,67,56,11
86859,1,0,1
86860,1,0,1
86861,4,0,4
86862,57,26,31
86863,6,5,1
86864,1,0,1
86865,7,7,0
86866,7,7,0
86867,2,2,0
86868,2,2,0
86869,1,1,0
86870,1,1,0
86871,8,4,4
86872,8,4,4
86873,2,0,2
86874,2,0,2
86875,24,18,6
86876,24,18,6
86877,24,18,6
86878,24,18,6
86879,24,18,6
86880,24,18,6
86881,5,5,0
86882,5,5,0
86883,5,4,1
86884,5,4,1
86885,66,52,14
86886,24,22,2
86887,36,25,11
86888,36,25,11
86889,9,7,2
86890,9,7,2
86891,1,1,0
86895,12,8,4
86896,12,8,4
86897,3,0,3
86903,13,10,3
86904,12,8,4
86905,12,8,4
86906,12,8,4
86907,12,8,4
86908,13,2,11
86909,13,2,11
86910,12,8,4
86915,13,2,11
86916,12,8,4
86917,4,1,3
86918,2,1,1
86919,14,10,4
86920,4,1,3
86921,12,8,4
86922,11,9,2
86925,11,9,2
86928,18,15,3
86929,24,15,9
86930,5,2,3
86931,18,12,6
86932,18,12,6
86933,4,1,3
86934,4,1,3
86935,18,12,6
86936,27,4,23
86937,19,13,6
86938,27,4,23
86939,19,13,6
86940,19,13,6
86941,19,13,6
86942,19,13,6
86943,19,13,6
86944,19,13,6
86945,19,13,6
86946,19,13,6
86947,19,13,6
86948,202,142,60
86951,63,45,18
86952,63,45,18
86953,63,45,18
86954,63,45,18
86955,20,9,11
86956,20,9,11
86957,20,9,11
86958,20,9,11
86959,20,9,11
86960,20,9,11
86961,9,7,2
86962,20,9,11
86963,20,9,11
86965,202,142,60
86966,9,7,2
86967,9,6,3
86968,9,6,3
86969,9,6,3
86970,53,31,22
86971,1,1,0
86972,11,10,1
86973,5,3,2
86974,5,3,2
86975,8,4,4
86976,8,4,4
86977,8,4,4
86978,8,4,4
86979,9,4,5
86980,9,4,5
86982,9,4,5
86983,9,4,5
86986,67,61,6
86988,57,54,3
86989,57,54,3
86993,39,34,5
86994,39,34,5
86998,38,33,5
86999,38,33,5
87000,12,7,5
87001,18,10,8
87002,3,3,0
87003,5,5,0
87004,38,33,5
87005,38,33,5
87006,4,3,1
87007,3,3,0
87008,3,2,1
87009,18,10,8
87010,58,50,8
87012,58,50,8
87013,5,1,4
87017,139,112,27
87018,139,112,27
87021,7,5,2
87022,1,1,0
87023,4,2,2
87024,4,2,2
87026,4,2,2
87027,4,2,2
87028,9,5,4
87029,9,5,4
87030,14,14,0
87031,14,14,0
87039,19,7,12
87049,97,87,10
87050,97,87,10
87051,97,87,10
87052,97,87,10
87053,97,87,10
87054,97,87,10
87055,4,3,1
87056,97,87,10
87058,3,3,0
87060,1,1,0
87069,1,1,0
87099,18,17,1
87100,18,17,1
87101,18,17,1
87177,15,13,2
87178,15,13,2
87179,15,13,2
87180,15,13,2
87183,6,2,4
87185,6,2,4
87189,11,11,0
87190,11,11,0
87195,4,4,0
87196,4,4,0
87197,25,20,5
87204,5,4,1
87205,149,91,58
87206,149,91,58
87207,203,148,55
87208,39,36,3
87209,9,8,1
87210,54,39,15
87211,54,39,15
87212,54,39,15
87213,54,39,15
87214,54,39,15
87215,24,15,9
87216,24,15,9
87217,1,1,0
87218,5,1,4
87221,24,15,9
87222,24,15,9
87223,1,0,1
87224,7,2,5
87225,5,1,4
87226,54,39,15
87229,41,39,2
87230,27,19,8
87231,1,1,0
87232,1,1,0
87238,79,62,17
87239,34,23,11
87240,25,21,4
87241,31,26,5
87242,31,26,5
87243,22,18,4
87244,22,18,4
87245,57,36,21
87246,57,36,21
87247,57,36,21
87248,39,35,4
87249,57,36,21
87250,1,1,0
87251,4,1,3
87252,28,23,5
87253,4,4,0
87254,4,4,0
87255,28,23,5
87256,28,23,5
87257,5,3,2
87258,39,35,4
87259,39,35,4
87260,39,35,4
87261,39,35,4
87262,39,35,4
87263,39,35,4
87264,5,5,0
87265,5,5,0
87266,5,5,0
87267,5,5,0
87282,203,148,55
87287,203,148,55
87289,203,148,55
87290,30,24,6
87292,203,148,55
87293,78,65,13
87294,39,33,6
87295,61,52,9
87296,61,52,9
87297,61,52,9
87298,39,33,6
87299,72,68,4
87300,8,6,2
87301,43,38,5
87302,43,38,5
87303,203,148,55
87304,30,17,13
87311,78,65,13
87312,14,12,2
87313,14,12,2
87314,4,0,4
87315,4,0,4
87318,14,12,2
87319,14,12,2
87320,7,7,0
87339,5,5,0
87340,93,77,16
87341,59,50,9
87342,17,14,3
87343,14,11,3
87344,14,11,3
87345,15,12,3
87346,22,5,17
87347,22,5,17
87348,9,6,3
87349,22,5,17
87350,19,16,3
87354,9,6,3
87355,9,6,3
87356,9,6,3
87357,9,6,3
87358,9,6,3
87359,9,6,3
87360,9,6,3
87361,12,12,0
87364,48,38,10
87366,58,40,18
87367,58,40,18
87368,54,50,4
87369,58,40,18
87370,58,40,18
87371,54,50,4
87372,30,24,6
87373,19,14,5
87374,19,14,5
87378,19,14,5
87379,19,14,5
87380,54,50,4
87381,54,50,4
87382,54,50,4
87383,14,14,0
87384,74,55,19
87385,74,55,19
87388,74,55,19
87389,36,32,4
87390,3,3,0
87391,7,7,0
87392,74,55,19
87393,36,32,4
87394,23,19,4
87395,36,32,4
87396,36,32,4
87397,36,32,4
87401,18,17,1
87402,2,0,2
87403,3,2,1
87404,3,2,1
87405,29,27,2
87406,3,2,1
87407,4,2,2
87408,2,2,0
87409,3,3,0
87412,24,22,2
87414,14,13,1
87415,14,13,1
87422,12,12,0
87424,12,12,0
87430,3,0,3
87431,1,0,1
87432,2,0,2
87433,22,14,8
87440,22,13,9
87441,22,13,9
87442,22,11,11
87443,39,30,9
87444,39,30,9
87445,78,65,13
87446,78,65,13
87448,78,65,13
87449,78,65,13
87450,78,65,13
87451,78,65,13
87458,1,1,0
87459,1,1,0
87461,1,1,0
87462,1,1,0
87467,49,47,2
87468,3,1,2
87469,49,47,2
87470,7,7,0
87471,7,7,0
87472,4,2,2
87473,4,2,2
87474,66,63,3
87475,1,1,0
87491,5,5,0
87492,5,5,0
87494,10,9,1
87495,10,9,1
87496,2,0,2
87497,2,2,0
87498,97,79,18
87499,97,79,18
87500,106,84,22
87501,106,84,22
87502,23,14,9
87503,29,19,10
87504,29,19,10
87505,29,19,10
87506,23,14,9
87507,60,48,12
87508,22,14,8
87509,106,84,22
87510,48,29,19
87511,48,29,19
87512,21,11,10
87513,21,11,10
87514,4,0,4
87515,4,0,4
87516,21,11,10
87517,21,11,10
87518,2,2,0
87519,2,2,0
87520,4,0,4
87521,4,0,4
87522,4,0,4
87523,4,0,4
87524,4,0,4
87525,4,0,4
87526,16,4,12
87527,5,3,2
87528,5,3,2
87529,5,3,2
87530,16,4,12
87531,4,0,4
87532,4,0,4
87533,7,5,2
87534,7,5,2
87535,7,5,2
87536,6,4,2
87537,18,2,16
87538,18,2,16
87539,6,4,2
87540,4,0,4
87541,48,29,19
87542,48,29,19
87543,48,29,19
87544,48,29,19
87545,48,29,19
87546,48,29,19
87549,31,18,13
87550,31,18,13
87556,106,84,22
87557,86,77,9
87558,27,27,0
87559,127,110,17
87560,5,3,2
87561,5,3,2
87562,5,3,2
87563,5,3,2
87568,11,5,6
87569,11,5,6
87570,3,0,3
87571,3,0,3
87572,5,0,5
87578,52,47,5
87593,7,6,1
87594,10,5,5
87595,4,4,0
87596,15,13,2
87597,15,13,2
87598,15,13,2
87599,15,13,2
87600,32,28,4
87601,34,31,3
87602,34,31,3
87603,34,31,3
87604,34,31,3
87605,32,32,0
87606,52,47,5
87607,52,47,5
87608,62,59,3
87609,7,7,0
87610,9,9,0
87611,9,9,0
87612,9,9,0
87613,7,7,0
87615,7,7,0
87616,7,7,0
87617,52,47,5
87618,62,59,3
87619,21,11,10
87620,3,2,1
87621,23,22,1
87622,32,28,4
87623,14,10,4
87624,62,59,3
87625,62,59,3
87626,62,59,3
87627,62,59,3
87628,62,59,3
87629,62,59,3
87631,62,59,3
87632,62,59,3
87633,127,110,17
87634,127,110,17
87635,127,110,17
87636,127,110,17
87637,127,110,17
87645,5,5,0
87646,5,5,0
87664,10,9,1
87665,10,9,1
87692,2,2,0
87698,4,4,0
87707,2,1,1
87708,2,0,2
87709,2,1,1
87716,8,8,0
87718,32,17,15
87726,42,41,1
87727,42,41,1
87728,10,8,2
87729,10,8,2
87731,2,2,0
87732,42,41,1
87733,42,41,1
87734,10,8,2
87735,10,8,2
87739,2,2,0
87740,56,54,2
87742,92,76,16
87743,92,76,16
87773,9,9,0
87809,14,8,6
87810,14,8,6
87811,4,0,4
87812,4,0,4
87813,4,0,4
87814,4,0,4
87815,14,8,6
87816,14,8,6
87819,10,4,6
87820,23,8,15
87821,23,8,15
87832,144,116,28
87841,73,66,7
87842,41,38,3
87843,41,38,3
87852,52,42,10
87853,52,42,10
87854,15,5,10
87855,15,5,10
87856,52,42,10
87857,52,42,10
87859,37,32,5
87872,73,66,7
87873,73,66,7
87874,73,66,7
87875,107,90,17
87876,13,13,0
87877,14,14,0
87878,14,14,0
87879,14,14,0
87880,13,13,0
87881,8,8,0
87882,12,12,0
87883,12,12,0
87884,73,66,7
87885,107,90,17
87886,8,8,0
87887,8,8,0
87888,23,12,11
87903,15,15,0
87904,5,5,0
87905,1,1,0
87911,36,34,2
87914,21,14,7
87915,21,14,7
87917,5,5,0
87918,15,5,10
87919,107,90,17
87920,107,90,17
87921,107,90,17
87922,107,90,17
87923,107,90,17
87924,107,90,17
87925,107,90,17
87926,107,90,17
87927,106,84,22
87928,25,15,10
87929,51,46,5
87930,51,46,5
87931,51,46,5
87932,51,46,5
87933,32,30,2
87934,24,12,12
87935,5,4,1
87936,5,4,1
87937,153,130,23
87938,153,130,23
87939,153,130,23
87940,84,74,10
87941,45,39,6
87942,58,58,0
87943,58,58,0
87944,60,59,1
87945,32,32,0
87946,10,9,1
87947,10,9,1
87948,25,21,4
87949,43,28,15
87950,5,4,1
87953,5,4,1
87954,47,39,8
87955,47,39,8
87956,47,39,8
87957,47,39,8
87958,6,6,0
87962,36,27,9
87963,36,27,9
87964,24,4,20
87965,24,4,20
87966,2,1,1
87967,2,1,1
87968,2,1,1
87969,2,1,1
87974,36,27,9
87975,36,27,9
87976,36,27,9
87977,36,27,9
87978,34,15,19
87979,13,11,2
87980,16,14,2
87981,16,14,2
87982,16,14,2
87983,16,14,2
87984,13,11,2
87985,34,15,19
87986,12,10,2
87987,3,1,2
87988,17,14,3
87989,17,14,3
87990,36,27,9
87991,36,27,9
87993,19,14,5
87994,19,14,5
87995,19,14,5
87996,17,10,7
87997,17,10,7
87998,5,2,3
87999,5,2,3
88000,17,10,7
88001,24,4,20
88002,24,4,20
88003,24,4,20
88005,21,11,10
88006,2,1,1
88007,9,6,3
88008,16,10,6
88009,16,10,6
88010,16,10,6
88011,36,27,9
88014,36,27,9
88015,153,130,23
88016,3,3,0
88017,3,3,0
88018,2,2,0
88019,2,2,0
88026,2,2,0
88027,2,2,0
88029,3,3,0
88030,3,3,0
88031,3,3,0
88033,3,3,0
88034,3,3,0
88037,20,14,6
88038,84,74,10
88039,84,74,10
88040,84,74,10
88041,84,74,10
88042,84,74,10
88043,84,74,10
88044,84,74,10
88045,84,74,10
88046,8,7,1
88047,8,7,1
88055,26,24,2
88058,2,2,0
88059,2,2,0
88060,2,2,0
88061,2,2,0
88068,31,29,2
88069,3,0,3
88070,3,0,3
88071,33,32,1
88072,33,32,1
88073,33,32,1
88074,32,30,2
88075,34,32,2
88076,7,5,2
88077,1,0,1
88078,6,5,1
88079,8,0,8
88080,7,6,1
88081,7,6,1
88082,7,6,1
88083,7,6,1
88084,34,32,2
88085,37,36,1
88086,37,36,1
88087,37,36,1
88088,37,36,1
88089,2,1,1
88090,29,27,2
88091,3,0,3
88092,37,36,1
88093,37,36,1
88094,37,36,1
88095,37,36,1
88096,37,36,1
88097,37,36,1
88098,37,36,1
88099,37,36,1
88100,37,36,1
88101,37,36,1
88102,37,36,1
88103,37,36,1
88104,1,1,0
88105,1,1,0
88106,186,150,36
88107,186,150,36
88110,8,1,7
88111,8,1,7
88112,3,0,3
88113,3,0,3
88114,4,0,4
88133,30,25,5
88143,6,6,0
88154,2,2,0
88155,2,2,0
88156,2,2,0
88157,2,2,0
88160,186,150,36
88161,186,150,36
88162,186,150,36
88164,74,57,17
88165,186,150,36
88166,186,150,36
88167,54,38,16
88168,13,8,5
88169,21,13,8
88170,21,13,8
88171,13,8,5
88172,20,10,10
88173,12,7,5
88174,54,38,16
88175,16,13,3
88176,16,13,3
88177,3,2,1
88178,3,2,1
88179,18,13,5
88180,19,9,10
88181,19,9,10
88182,3,1,2
88183,15,13,2
88188,7,5,2
88189,54,38,16
88190,54,38,16
88193,2,2,0
88194,54,38,16
88195,8,6,2
88196,8,6,2
88197,31,18,13
88198,31,18,13
88199,31,18,13
88200,31,18,13
88201,3,1,2
88202,3,1,2
88203,4,0,4
88204,4,0,4
88205,3,1,2
88206,3,1,2
88207,31,18,13
88208,31,18,13
88209,31,18,13
88211,31,18,13
88212,31,18,13
88216,21,9,12
88217,31,18,13
88218,31,18,13
88219,31,18,13
88228,1,0,1
88273,35,24,11
88274,35,24,11
88275,1,1,0
88278,1,1,0
88280,186,150,36
88281,186,150,36
88292,74,57,17
88293,74,57,17
88294,74,57,17
88299,17,16,1
88300,17,16,1
88302,17,10,7
88303,17,10,7
88306,6,2,4
88312,6,2,4
88313,1,0,1
88314,1,0,1
88315,14,10,4
88316,2,0,2
88317,12,6,6
88318,12,6,6
88319,12,6,6
88320,12,6,6
88321,47,43,4
88322,47,43,4
88323,149,91,58
88324,149,91,58
88331,28,16,12
88334,28,16,12
88399,149,91,58
88400,149,91,58
88406,149,91,58
88407,149,91,58
88501,3,3,0
88502,3,3,0
88503,3,3,0
88504,3,3,0
88522,3,3,0
88523,3,3,0
88524,7,7,0
88525,7,7,0
88528,35,26,9
88529,35,26,9
88530,19,8,11
88571,23,6,17
88577,23,6,17
88595,3,1,2
88604,149,91,58
88605,149,91,58
88610,1,1,0
88623,17,14,3
88624,17,14,3
88625,48,35,13
88626,48,35,13
88627,48,35,13
88628,48,35,13
88629,234,131,103
88630,234,131,103
88633,46,28,18
88634,37,24,13
88635,1,1,0
88677,7,3,4
88686,30,6,24
88687,26,23,3
88688,26,22,4
88689,26,22,4
88690,26,22,4
88691,26,22,4
88693,5,2,3
88694,5,2,3
88695,29,22,7
88696,29,22,7
88697,5,2,3
88698,5,2,3
88699,29,22,7
88700,30,6,24
88701,26,23,3
88702,17,13,4
88711,30,6,24
88712,17,13,4
88713,26,23,3
88714,14,0,14
88715,7,3,4
88716,17,13,4
88717,17,13,4
88718,17,13,4
88719,17,13,4
88720,17,13,4
88721,17,13,4
88722,17,13,4
88723,17,13,4
88724,17,13,4
88725,17,13,4
88726,17,13,4
88727,17,13,4
88728,15,8,7
88729,16,9,7
88730,16,9,7
88731,15,9,6
88732,11,3,8
88733,11,3,8
88734,11,3,8
88736,11,3,8
88737,24,18,6
88738,11,3,8
88739,11,3,8
88740,24,18,6
88742,1,0,1
88743,5,3,2
88744,24,18,6
88745,2,2,0
88746,2,2,0
88759,9,3,6
88760,9,3,6
88761,2,0,2
88762,2,0,2
88775,4,1,3
88776,4,1,3
88975,8,8,0
88976,8,8,0
88977,8,8,0
88978,9,9,0
88979,10,9,1
88980,2,1,1
88981,2,1,1
88983,10,9,1
88985,6,6,0
88986,6,6,0
88987,6,6,0
88988,6,6,0
89003,4,1,3
89004,4,1,3
89005,7,4,3
89006,19,11,8
89007,5,2,3
89008,19,11,8
89009,6,5,1
89010,7,6,1
89016,11,4,7
89017,3,2,1
89018,3,2,1
89019,3,2,1
89020,3,2,1
89021,19,13,6
89022,2,1,1
89023,2,1,1
89024,6,3,3
89025,19,11,8
89026,26,16,10
89027,1,1,0
89028,1,1,0
89030,1,0,1
89032,31,25,6
89033,13,8,5
89034,13,8,5
89035,13,8,5
89036,13,8,5
89039,9,2,7
89040,9,2,7
89041,17,4,13
89042,9,7,2
89043,10,8,2
89044,10,8,2
89045,10,8,2
89046,10,8,2
89047,9,7,2
89048,17,4,13
89049,13,9,4
89050,2,1,1
89051,10,8,2
89052,10,8,2
89053,9,2,7
89054,12,9,3
89055,12,9,3
89056,12,9,3
89057,5,2,3
89058,11,5,6
89059,11,5,6
89060,4,1,3
89061,4,1,3
89062,11,5,6
89063,15,3,12
89064,15,3,12
89065,15,3,12
89066,12,8,4
89067,3,2,1
89068,2,1,1
89069,13,9,4
89070,9,2,7
89073,3,3,0
89074,14,13,1
89077,9,5,4
89080,9,3,6
89081,9,3,6
89100,12,9,3
89117,4,3,1
89118,6,2,4
89119,8,8,0
89120,8,8,0
89122,8,8,0
89124,5,5,0
89125,12,7,5
89126,14,8,6
89127,14,8,6
89128,1,1,0
89131,16,5,11
89132,16,5,11
89134,16,5,11
89135,22,13,9
89137,16,5,11
89138,22,13,9
89144,22,13,9
89145,22,13,9
89146,24,21,3
89147,23,19,4
89148,23,19,4
89149,23,19,4
89150,23,19,4
89151,25,18,7
89152,25,18,7
89153,25,18,7
89154,6,1,5
89155,6,1,5
89156,6,1,5
89157,6,1,5
89158,25,18,7
89159,25,18,7
89160,24,21,3
89163,26,3,23
89164,26,3,23
89165,17,13,4
89176,26,3,23
89177,17,13,4
89178,11,1,10
89179,2,1,1
89180,26,22,4
89181,24,21,3
89182,8,4,4
89183,17,13,4
89184,17,13,4
89185,17,13,4
89186,17,13,4
89187,17,13,4
89188,17,13,4
89189,17,13,4
89190,17,13,4
89191,1,1,0
89192,1,1,0
89193,7,6,1
89194,33,15,18
89195,8,1,7
89196,8,1,7
89197,2,2,0
89198,2,2,0
89199,27,19,8
89200,27,19,8
89201,27,19,8
89202,8,6,2
89203,25,17,8
89204,25,17,8
89205,25,17,8
89206,25,17,8
89207,25,17,8
89208,25,17,8
89210,5,3,2
89211,1,0,1
89217,9,5,4
89218,9,5,4
89251,3,3,0
89252,3,3,0
89253,3,3,0
89254,3,3,0
89261,10,0,10
89272,10,0,10
89275,54,35,19
89278,54,35,19
89279,16,12,4
89280,16,12,4
89281,1,0,1
89283,1,0,1
89284,8,4,4
89289,8,5,3
89290,8,5,3
89291,4,1,3
89292,4,1,3
89293,8,5,3
89294,7,6,1
89299,2,1,1
89300,2,1,1
89308,3,2,1
89309,3,2,1
89311,31,17,14
89313,1,0,1
89314,1,0,1
89315,38,27,11
89318,38,27,11
89319,18,9,9
89320,24,21,3
89321,24,21,3
89322,31,17,14
89330,3,0,3
89340,29,15,14
89341,172,139,33
89342,22,9,13
89343,22,9,13
89344,14,9,5
89345,19,7,12
89346,19,7,12
89347,19,7,12
89348,14,9,5
89350,19,7,12
89351,19,7,12
89352,2,0,2
89353,2,0,2
89354,14,9,5
89355,1,1,0
89356,14,9,5
89357,40,31,9
89359,24,19,5
89360,23,17,6
89361,23,17,6
89362,23,17,6
89363,24,17,7
89364,24,17,7
89365,3,0,3
89366,3,0,3
89367,24,17,7
89368,24,4,20
89369,24,4,20
89370,24,4,20
89371,13,8,5
89378,24,4,20
89379,24,4,20
89380,1,1,0
89381,1,1,0
89382,13,8,5
89389,26,21,5
89390,5,2,3
89391,13,8,5
89392,13,8,5
89393,13,8,5
89394,13,8,5
89395,13,8,5
89396,13,8,5
89397,13,8,5
89398,13,8,5
89399,13,8,5
89400,13,8,5
89401,37,29,8
89402,4,2,2
89403,4,2,2
89405,37,29,8
89406,14,7,7
89407,14,7,7
89408,19,11,8
89409,19,11,8
89410,19,11,8
89418,11,11,0
89419,11,11,0
89420,11,11,0
89421,11,11,0
89422,11,11,0
89423,4,0,4
89424,3,0,3
89425,3,0,3
89426,3,0,3
89427,3,0,3
89429,3,0,3
89430,3,0,3
89431,3,0,3
89432,3,0,3
89433,4,0,4
89434,12,11,1
89435,12,11,1
89436,12,11,1
89437,1,0,1
89439,1,0,1
89440,15,13,2
89441,12,11,1
89442,2,0,2
89443,2,0,2
89444,18,16,2
89446,5,4,1
89447,39,17,22
89448,39,17,22
89449,39,17,22
89450,6,1,5
89451,6,1,5
89452,19,8,11
89453,19,8,11
89454,19,8,11
89455,1,1,0
89456,10,3,7
89457,19,8,11
89458,19,8,11
89459,20,6,14
89460,20,6,14
89461,20,6,14
89462,20,6,14
89463,20,6,14
89464,35,18,17
89465,4,2,2
89466,5,3,2
89467,13,0,13
89468,9,7,2
89469,7,5,2
89470,7,5,2
89471,7,5,2
89472,7,5,2
89473,9,7,2
89474,13,0,13
89475,12,9,3
89476,2,0,2
89477,10,8,2
89478,10,8,2
89479,15,10,5
89480,15,10,5
89481,23,14,9
89482,15,10,5
89512,1,0,1
89513,1,0,1
89515,3,3,0
89516,3,3,0
89517,18,12,6
89518,24,16,8
89519,24,16,8
89520,12,7,5
89521,12,7,5
89522,234,131,103
89523,234,131,103
89524,90,44,46
89525,156,94,62
89526,171,82,89
89527,171,82,89
89528,171,82,89
89529,171,82,89
89530,21,8,13
89531,24,13,11
89532,44,22,22
89533,44,22,22
89534,45,26,19
89535,11,7,4
89536,3,1,2
89537,3,1,2
89538,3,1,2
89539,70,46,24
89540,9,5,4
89541,11,6,5
89542,128,99,29
89543,128,99,29
89544,128,99,29
89545,128,99,29
89546,50,35,15
89547,50,35,15
89548,50,35,15
89549,50,35,15
89550,128,99,29
89551,128,99,29
89552,128,99,29
89553,171,82,89
89554,13,13,0
89559,13,13,0
89569,2,2,0
89571,2,2,0
89572,8,7,1
89573,8,7,1
89574,9,7,2
89579,1,1,0
89580,1,1,0
89585,15,10,5
89586,15,10,5
89587,171,82,89
89588,78,41,37
89589,78,41,37
89590,47,33,14
89593,55,34,21
89603,5,0,5
89604,7,3,4
89605,7,3,4
89606,2,2,0
89609,7,3,4
89610,1,0,1
89611,1,0,1
89631,122,84,38
89641,6,0,6
89642,11,0,11
89643,11,0,11
89649,22,13,9
89650,22,13,9
89651,26,15,11
89652,14,0,14
89653,14,0,14
89654,16,12,4
89655,15,11,4
89656,15,11,4
89657,14,0,14
89658,8,4,4
89659,14,0,14
89660,1,0,1
89662,1,0,1
89663,18,12,6
89664,8,4,4
89665,8,4,4
89666,8,4,4
89667,8,4,4
89668,8,4,4
89669,8,4,4
89670,8,4,4
89671,8,4,4
89672,29,13,16
89673,29,13,16
89674,21,13,8
89675,21,13,8
89676,30,7,23
89677,30,7,23
89678,5,0,5
89679,5,0,5
89680,26,15,11
89681,30,7,23
89682,30,7,23
89683,3,0,3
89684,3,0,3
89685,26,18,8
89686,26,15,11
89687,26,15,11
89688,26,15,11
89689,26,15,11
89690,26,15,11
89691,26,15,11
89692,26,15,11
89693,26,15,11
89697,80,48,32
89698,80,48,32
89699,14,5,9
89700,14,5,9
89701,14,5,9
89702,12,6,6
89703,27,6,21
89704,27,6,21
89705,12,6,6
89706,4,1,3
89707,14,2,12
89708,20,6,14
89709,6,2,4
89710,2,0,2
89711,63,31,32
89712,63,31,32
89713,63,31,32
89714,18,2,16
89715,18,2,16
89716,11,5,6
89717,11,5,6
89718,63,31,32
89745,5,0,5
89746,1,0,1
89747,63,31,32
89748,223,142,81
89749,223,142,81
89750,34,11,23
89756,27,12,15
89757,57,36,21
89758,57,36,21
89759,5,4,1
89760,5,4,1
89765,8,2,6
89766,8,2,6
89773,58,18,40
89774,51,11,40
89775,58,18,40
89776,19,9,10
89777,8,2,6
89778,8,2,6
89779,19,9,10
89780,5,0,5
89783,5,0,5
89794,18,16,2
89795,21,18,3
89796,21,18,3
89797,18,14,4
89798,18,14,4
89799,3,0,3
89800,3,0,3
89801,18,14,4
89806,18,1,17
89807,18,1,17
89808,18,16,2
89810,1,0,1
89811,1,0,1
89812,20,16,4
89813,18,16,2
89814,2,0,2
89815,18,16,2
89816,18,16,2
89817,18,16,2
89818,18,16,2
89819,18,16,2
89820,18,16,2
89821,18,16,2
89822,18,16,2
89823,51,11,40
89824,51,11,40
89825,51,11,40
89826,51,11,40
89827,51,11,40
89829,22,14,8
89830,22,14,8
89831,11,6,5
89832,11,6,5
89833,8,6,2
89834,13,4,9
89835,13,4,9
89836,8,6,2
89837,8,6,2
89838,11,9,2
89839,11,9,2
89840,11,9,2
89841,11,9,2
89850,223,142,81
89851,223,142,81
89852,13,5,8
89859,3,1,2
89860,33,22,11
89861,33,22,11
89870,1,0,1
89871,1,0,1
89876,19,11,8
89877,19,11,8
89878,19,11,8
89883,3,0,3
89888,3,0,3
89889,9,4,5
89890,9,4,5
89891,66,37,29
89892,2,2,0
89893,2,2,0
89897,8,7,1
89912,4,4,0
89913,5,2,3
89914,7,2,5
89915,11,8,3
89916,11,5,6
89917,11,5,6
89918,11,5,6
89919,11,5,6
89920,9,7,2
89921,24,6,18
89922,5,1,4
89923,5,1,4
89924,13,6,7
89925,24,6,18
89936,6,2,4
89937,13,6,7
89947,4,4,0
89957,4,4,0
89959,30,24,6
89962,33,25,8
89963,33,25,8
89964,33,25,8
89965,33,25,8
89966,28,23,5
89967,28,23,5
89968,28,23,5
89969,6,2,4
89970,28,23,5
89971,35,5,30
89972,35,5,30
89973,44,29,15
89974,11,9,2
89975,13,9,4
89976,13,9,4
89977,13,9,4
89978,13,9,4
89979,9,8,1
89980,4,1,3
89981,11,8,3
89982,11,8,3
89983,35,5,30
89984,44,29,15
89985,2,0,2
89990,28,23,5
89991,30,24,6
89992,6,1,5
89993,44,29,15
89994,44,29,15
89995,44,29,15
89996,44,29,15
89997,44,29,15
89998,44,29,15
89999,44,29,15
90000,44,29,15
90001,44,29,15
90002,44,29,15
90003,12,12,0
90004,11,11,0
90005,11,11,0
90006,14,10,4
90007,14,10,4
90008,4,0,4
90009,4,0,4
90010,14,10,4
90011,11,5,6
90012,11,5,6
90013,28,17,11
90018,1,1,0
90019,3,3,0
90020,3,3,0
90021,2,2,0
90022,28,17,11
90023,28,17,11
90024,28,17,11
90025,28,17,11
90026,28,17,11
90027,28,17,11
90028,21,18,3
90029,19,16,3
90030,27,3,24
90031,27,3,24
90032,20,10,10
90033,20,10,10
90034,20,10,10
90035,20,10,10
90036,20,10,10
90037,20,10,10
90038,20,10,10
90039,20,10,10
90040,20,10,10
90041,20,10,10
90042,20,10,10
90043,20,10,10
90044,20,10,10
90045,20,10,10
90048,16,13,3
90049,16,12,4
90050,16,12,4
90051,16,12,4
90052,16,12,4
90054,17,14,3
90057,26,3,23
90058,26,3,23
90059,16,12,4
90060,4,4,0
90061,26,3,23
90065,5,1,4
90066,1,0,1
90067,1,0,1
90068,1,0,1
90069,2,1,1
90070,7,5,2
90083,2,2,0
90086,4,3,1
90087,1,1,0
90088,1,1,0
90089,1,1,0
90090,1,1,0
90091,1,1,0
90094,17,13,4
90095,16,13,3
90096,8,4,4
90097,16,12,4
90098,4,2,2
90099,4,2,2
90100,6,0,6
90101,4,2,2
90102,4,2,2
90103,6,0,6
90104,6,0,6
90107,44,30,14
90108,44,30,14
90109,18,18,0
90110,18,18,0
90113,24,19,5
90114,24,19,5
90115,24,19,5
90116,21,21,0
90117,21,21,0
90118,18,18,0
90133,12,11,1
90142,4,1,3
90143,4,1,3
90144,12,11,1
90145,13,1,12
90146,2,1,1
90147,22,21,1
90148,18,18,0
90149,5,2,3
90150,12,11,1
90151,12,11,1
90152,12,11,1
90153,12,11,1
90154,12,11,1
90155,12,11,1
90156,12,11,1
90157,12,11,1
90158,12,11,1
90159,12,11,1
90160,136,57,79
90161,136,57,79
90162,136,57,79
90163,8,0,8
90164,8,0,8
90165,31,16,15
90166,31,16,15
90167,3,0,3
90168,3,0,3
90169,4,0,4
90170,5,3,2
90171,5,3,2
90172,39,11,28
90173,39,11,28
90174,39,11,28
90175,2,0,2
90176,39,11,28
90178,3,2,1
90179,1,0,1
90182,33,16,17
90183,33,16,17
90186,25,10,15
90187,25,10,15
90188,9,6,3
90189,9,6,3
90190,2,2,0
90191,2,2,0
90192,25,10,15
90193,33,16,17
90197,25,10,15
90198,25,10,15
90199,25,10,15
90200,25,10,15
90201,25,10,15
90202,25,10,15
90203,25,10,15
90204,25,10,15
90205,78,55,23
90206,15,7,8
90207,15,7,8
90208,78,55,23
90209,78,55,23
90210,2,2,0
90211,2,2,0
90212,6,4,2
90213,6,4,2
90214,6,4,2
90215,6,4,2
90221,66,53,13
90222,24,14,10
90223,24,14,10
90262,136,57,79
90274,12,5,7
90291,2,2,0
90292,2,2,0
90299,2,2,0
90312,7,1,6
90313,7,1,6
90314,4,0,4
90316,4,0,4
90321,136,57,79
90322,21,10,11
90323,20,8,12
90324,20,8,12
90325,21,10,11
90328,18,9,9
90398,37,14,23
90399,11,7,4
90402,37,14,23
90406,9,7,2
90407,9,7,2
90408,25,15,10
90418,25,15,10
90420,14,6,8
90421,25,17,8
90422,6,0,6
90423,17,14,3
90424,17,14,3
90425,17,14,3
90426,17,14,3
90427,2,0,2
90428,2,0,2
90429,2,0,2
90430,2,0,2
90431,2,0,2
90432,2,0,2
90437,19,17,2
90441,18,16,2
90442,18,16,2
90443,24,0,24
90444,24,0,24
90445,10,8,2
90449,1,1,0
90450,1,1,0
90451,1,1,0
90453,10,8,2
90454,14,6,8
90455,7,3,4
90456,10,8,2
90457,10,8,2
90458,10,8,2
90459,10,8,2
90460,10,8,2
90461,10,8,2
90462,10,8,2
90463,10,8,2
90469,6,4,2
90492,1,1,0
90493,25,14,11
90494,25,14,11
90495,66,52,14
90497,4,4,0
90506,41,17,24
90507,6,3,3
90508,6,3,3
90509,41,17,24
90510,20,14,6
90511,28,15,13
90512,28,15,13
90513,18,14,4
90514,51,14,37
90526,51,14,37
90527,33,6,27
90528,3,2,1
90529,5,2,3
90530,3,2,1
90531,33,6,27
90539,3,1,2
90540,3,1,2
90541,20,14,6
90542,7,0,7
90543,33,6,27
90544,33,6,27
90545,33,6,27
90546,33,6,27
90547,33,6,27
90548,33,6,27
90549,33,6,27
90550,33,6,27
90552,13,6,7
90553,13,6,7
90567,8,6,2
90568,2,0,2
90569,2,0,2
90571,13,11,2
90572,1,0,1
90575,1,0,1
90577,1,1,0
90578,27,16,11
90579,27,16,11
90580,136,57,79
90582,136,57,79
90585,10,8,2
90615,15,7,8
90616,15,7,8
90620,2,2,0
90622,3,1,2
90624,104,70,34
90626,86,55,31
90627,50,37,13
90628,64,45,19
90629,64,45,19
90630,64,45,19
90631,64,45,19
90632,41,31,10
90633,3,2,1
90634,3,2,1
90635,13,10,3
90636,13,7,6
90637,13,7,6
90638,13,7,6
90639,13,7,6
90640,12,8,4
90641,12,8,4
90642,3,0,3
90643,12,8,4
90649,16,0,16
90650,16,0,16
90651,14,8,6
90652,14,8,6
90656,10,0,10
90657,14,8,6
90658,104,42,62
90659,104,42,62
90660,7,3,4
90661,7,3,4
90662,104,42,62
90663,95,49,46
90664,16,12,4
90665,23,13,10
90666,13,10,3
90667,23,13,10
90668,23,13,10
90669,23,13,10
90670,23,13,10
90671,16,12,4
90672,13,10,3
90673,5,2,3
90674,6,2,4
90675,16,11,5
90676,16,11,5
90677,104,42,62
90678,104,42,62
90679,95,49,46
90680,22,6,16
90681,22,6,16
90682,22,6,16
90683,12,9,3
90688,35,27,8
90689,2,0,2
90690,2,0,2
90691,4,2,2
90692,4,2,2
90693,5,4,1
90694,5,4,1
90695,5,0,5
90696,5,0,5
90697,26,16,10
90699,13,10,3
90701,10,7,3
90702,10,7,3
90703,55,26,29
90704,27,11,16
90731,4,0,4
90732,50,37,13
90733,31,21,10
90734,95,49,46
90735,95,49,46
90736,95,49,46
90737,95,49,46
90738,95,49,46
90739,95,49,46
90740,95,49,46
90741,95,49,46
90742,17,11,6
90743,17,11,6
90745,11,0,11
90746,11,0,11
90747,11,7,4
90748,11,7,4
90756,1,1,0
90757,1,1,0
90758,2,2,0
90759,2,2,0
90760,2,2,0
90761,1,1,0
90762,243,139,104
90763,243,139,104
90764,171,82,89
90765,70,46,24
90766,70,46,24
90767,166,120,46
90771,30,23,7
90772,38,30,8
90773,108,74,34
90774,108,74,34
90775,14,11,3
90776,22,15,7
90777,21,21,0
90778,21,21,0
90779,21,21,0
90780,21,21,0
90781,90,71,19
90782,90,71,19
90783,90,71,19
90784,90,71,19
90785,90,71,19
90786,90,71,19
90787,90,71,19
90788,90,71,19
90789,2,2,0
90799,2,2,0
90800,2,2,0
90801,2,2,0
90813,2,2,0
90814,2,2,0
90824,2,2,0
90836,76,33,43
90837,24,18,6
90838,24,18,6
90839,37,33,4
90840,37,33,4
90842,53,22,31
90845,243,139,104
90846,143,120,23
90847,6,6,0
90848,37,30,7
90851,70,20,50
90852,70,20,50
90855,9,4,5
90859,1,1,0
90860,1,1,0
90863,10,6,4
90864,10,6,4
90865,10,6,4
90866,8,1,7
90867,1,0,1
90868,10,6,4
90870,2,1,1
90871,2,1,1
90872,9,1,8
90877,10,6,4
90878,6,6,0
90879,12,10,2
90880,12,10,2
90881,14,12,2
90882,26,13,13
90883,26,13,13
90884,14,11,3
90885,12,10,2
90886,12,10,2
90887,14,11,3
90888,14,11,3
90889,14,11,3
90890,14,11,3
90892,27,11,16
90893,27,11,16
90894,27,11,16
90895,5,2,3
90896,5,2,3
90897,5,2,3
90898,8,5,3
90901,8,5,3
90902,6,4,2
90903,14,9,5
90906,14,9,5
90907,16,11,5
90908,16,11,5
90909,9,2,7
90910,9,2,7
90911,17,10,7
90914,2,0,2
90916,2,0,2
90917,2,0,2
90918,2,0,2
90919,2,0,2
90920,2,0,2
90921,2,0,2
90922,2,0,2
90923,17,10,7
90926,14,3,11
90927,14,3,11
90928,15,8,7
90929,15,8,7
90930,3,0,3
90931,3,0,3
90932,15,8,7
90933,14,3,11
90934,17,12,5
90936,14,3,11
90937,14,3,11
90938,1,0,1
90940,1,0,1
90941,16,9,7
90942,17,12,5
90944,17,12,5
90945,17,12,5
90946,17,12,5
90947,17,12,5
90948,43,24,19
90949,5,0,5
90950,5,0,5
90954,27,19,8
90955,52,30,22
90956,52,30,22
90957,52,30,22
90958,52,30,22
90982,23,16,7
90983,52,30,22
90984,52,30,22
90986,23,16,7
90987,23,16,7
90988,23,16,7
90989,23,16,7
90990,23,16,7
90991,23,16,7
90992,23,16,7
90993,23,16,7
90996,40,12,28
90997,40,12,28
90998,14,0,14
90999,14,0,14
91000,1,0,1
91001,14,0,14
91002,14,0,14
91003,40,12,28
91004,40,12,28
91009,14,5,9
91010,14,5,9
91011,14,11,3
91012,10,7,3
91013,14,5,9
91014,10,7,3
91015,10,7,3
91016,10,7,3
91017,10,7,3
91018,10,7,3
91019,10,7,3
91020,10,7,3
91021,36,20,16
91022,36,20,16
91023,36,20,16
91024,21,15,6
91025,21,15,6
91026,21,15,6
91027,21,15,6
91028,45,15,30
91033,45,15,30
91034,29,23,6
91035,45,15,30
91036,4,2,2
91037,4,2,2
91040,29,23,6
91041,11,3,8
91042,11,3,8
91043,11,3,8
91044,11,3,8
91045,20,4,16
91046,8,7,1
91047,21,5,16
91048,12,7,5
91049,15,5,10
91050,15,5,10
91051,15,5,10
91052,15,5,10
91053,12,7,5
91054,21,5,16
91055,18,12,6
91056,6,1,5
91057,4,1,3
91058,14,8,6
91059,14,8,6
91060,30,14,16
91061,7,4,3
91062,30,14,16
91063,1,0,1
91064,1,0,1
91065,1,0,1
91066,1,0,1
91071,21,16,5
91072,29,23,6
91073,29,23,6
91074,29,23,6
91075,29,23,6
91076,7,4,3
91077,30,14,16
91081,143,120,23
91083,143,120,23
91084,143,120,23
91085,143,120,23
91087,65,53,12
91088,50,46,4
91089,143,120,23
91090,143,120,23
91091,42,28,14
91092,42,28,14
91093,2,2,0
91094,18,15,3
91095,18,15,3
91096,18,15,3
91097,18,15,3
91098,3,2,1
91109,36,32,4
91114,26,10,16
91115,26,10,16
91126,5,5,0
91128,5,4,1
91129,5,4,1
91130,4,0,4
91131,5,4,1
91132,5,4,1
91133,12,9,3
91135,11,7,4
91140,4,4,0
91143,12,9,3
91144,12,9,3
91146,9,1,8
91147,9,1,8
91148,6,3,3
91149,9,1,8
91150,6,3,3
91151,6,3,3
91152,6,3,3
91168,30,19,11
91169,30,19,11
91170,31,29,2
91171,31,29,2
91172,171,82,89
91173,104,54,50
91174,28,17,11
91175,4,2,2
91176,1,0,1
91177,243,139,104
91178,243,139,104
91179,158,125,33
91180,3,3,0
91181,206,132,74
91182,206,132,74
91183,18,12,6
91184,18,12,6
91185,38,27,11
91188,32,29,3
91189,32,29,3
91191,20,20,0
91207,10,0,10
91209,1,0,1
91210,1,0,1
91212,1,0,1
91213,1,0,1
91223,128,99,29
91224,18,12,6
91226,128,99,29
91227,7,5,2
91230,38,19,19
91231,5,4,1
91232,5,4,1
91233,7,5,2
91234,7,5,2
91236,30,15,15
91237,30,15,15
91238,5,4,1
91239,5,4,1
91240,10,9,1
91241,6,0,6
91242,4,3,1
91245,4,3,1
91247,4,3,1
91250,78,72,6
91251,3,1,2
91253,3,1,2
91254,34,32,2
91256,5,5,0
91257,5,5,0
91258,87,75,12
91259,87,75,12
91260,34,32,2
91261,34,32,2
91262,34,32,2
91264,34,32,2
91265,34,32,2
91266,3,2,1
91267,3,2,1
91268,5,0,5
91273,3,2,1
91274,3,2,1
91281,3,2,1
91282,98,75,23
91283,49,46,3
91284,49,46,3
91285,32,28,4
91286,4,2,2
91287,30,28,2
91288,30,28,2
91289,92,86,6
91290,98,75,23
91292,6,6,0
91293,82,73,9
91294,82,73,9
91295,17,14,3
91296,7,7,0
91297,4,4,0
91301,7,7,0
91302,7,7,0
91303,3,3,0
91304,92,86,6
91305,92,86,6
91306,92,86,6
91307,232,144,88
91308,232,144,88
91309,18,11,7
91310,18,11,7
91311,232,144,88
91312,75,55,20
91313,115,74,41
91314,115,74,41
91315,115,74,41
91316,115,74,41
91317,75,55,20
91318,119,71,48
91319,82,53,29
91320,49,42,7
91321,18,11,7
91322,67,46,21
91323,67,46,21
91324,232,144,88
91325,232,144,88
91326,21,17,4
91327,21,17,4
91328,3,0,3
91329,11,6,5
91331,11,6,5
91332,11,6,5
91334,21,17,4
91335,10,8,2
91336,10,8,2
91337,2,0,2
91338,2,0,2
91339,127,97,30
91340,127,97,30
91341,159,127,32
91342,159,127,32
91343,127,97,30
91344,1,1,0
91345,14,13,1
91346,14,13,1
91347,14,13,1
91348,14,13,1
91349,1,1,0
91350,1,1,0
91351,1,1,0
91352,1,1,0
91353,1,1,0
91354,1,1,0
91355,1,1,0
91356,1,1,0
91357,28,21,7
91358,66,63,3
91359,44,31,13
91360,44,31,13
91361,54,47,7
91362,13,13,0
91363,13,13,0
91364,30,25,5
91365,159,127,32
91366,159,127,32
91367,159,127,32
91368,159,127,32
91369,159,127,32
91373,168,137,31
91374,168,137,31
91375,220,138,82
91376,220,138,82
91377,220,138,82
91378,220,138,82
91379,220,138,82
91380,220,138,82
91381,19,6,13
91382,82,53,29
91383,220,138,82
91384,220,138,82
91385,232,144,88
91386,2,2,0
91388,2,2,0
91389,77,61,16
91390,77,61,16
91391,49,36,13
91392,161,121,40
91393,7,6,1
91394,7,6,1
91395,232,144,88
91402,177,126,51
91415,14,6,8
91416,14,6,8
91417,4,4,0
91418,4,4,0
91419,122,88,34
91420,89,62,27
91421,10,3,7
91422,10,3,7
91424,12,2,10
91425,3,3,0
91426,3,3,0
91427,12,2,10
91428,12,2,10
91429,89,62,27
91432,2,2,0
91433,2,2,0
91434,2,0,2
91435,2,0,2
91438,177,126,51
91444,6,3,3
91445,177,126,51
91453,122,88,34
91456,122,88,34
91457,26,16,10
91458,26,16,10
91459,62,33,29
91460,62,33,29
91461,1,1,0
91462,1,1,0
91470,88,68,20
91477,10,6,4
91479,9,8,1
91482,40,32,8
91483,20,15,5
91488,88,68,20
91489,62,33,29
91490,10,5,5
91491,62,33,29
91493,28,16,12
91494,9,7,2
91496,16,12,4
91497,51,33,18
91498,9,7,2
91499,31,17,14
91500,2,2,0
91501,8,6,2
91502,51,33,18
91503,5,2,3
91504,5,2,3
91505,12,1,11
91506,12,1,11
91512,2,2,0
91513,2,2,0
91514,31,17,14
91515,31,17,14
91516,31,17,14
91517,31,17,14
91518,31,17,14
91519,31,17,14
91520,5,0,5
91521,5,0,5
91522,1,1,0
91523,82,68,14
91524,82,68,14
91527,19,12,7
91528,3,0,3
91529,3,0,3
91530,19,10,9
91531,19,10,9
91532,19,10,9
91533,16,10,6
91536,47,26,21
91537,47,26,21
91538,47,26,21
91539,23,17,6
91540,1,1,0
91541,2,2,0
91542,47,26,21
91543,3,1,2
91544,3,1,2
91545,23,17,6
91564,14,10,4
91565,8,5,3
91566,23,17,6
91567,23,17,6
91568,23,17,6
91569,177,126,51
91572,74,53,21
91573,3,1,2
91574,14,8,6
91575,5,2,3
91576,14,8,6
91578,5,2,3
91586,74,53,21
91589,226,154,72
91590,8,3,5
91604,20,20,0
91605,20,20,0
91607,3,1,2
91608,3,1,2
91615,3,3,0
91616,3,3,0
91617,167,126,41
91618,167,126,41
91620,70,53,17
91622,10,7,3
91623,18,8,10
91624,18,8,10
91625,14,3,11
91626,18,8,10
91627,14,3,11
91628,14,3,11
91629,14,3,11
91630,14,3,11
91631,14,3,11
91632,14,3,11
91633,7,7,0
91634,7,7,0
91635,18,16,2
91636,18,16,2
91637,70,62,8
91648,24,18,6
91649,24,18,6
91650,24,18,6
91651,24,18,6
91652,7,3,4
91663,3,0,3
91664,3,0,3
91665,2,0,2
91670,47,40,7
91672,47,40,7
91673,54,50,4
91674,10,7,3
91675,10,7,3
91679,129,93,36
91680,9,4,5
91681,142,130,12
91686,18,2,16
91688,39,18,21
91690,39,18,21
91693,21,14,7
91694,19,12,7
91695,19,12,7
91696,19,12,7
91697,19,13,6
91698,19,13,6
91699,4,3,1
91700,18,2,16
91701,18,2,16
91702,18,2,16
91703,13,7,6
91710,18,2,16
91711,18,2,16
91712,13,7,6
91713,20,14,6
91714,4,1,3
91715,13,7,6
91716,13,7,6
91717,13,7,6
91718,13,7,6
91719,13,7,6
91720,13,7,6
91721,89,79,10
91722,11,11,0
91723,11,11,0
91724,20,17,3
91725,20,17,3
91726,70,53,17
91727,70,62,8
91728,70,62,8
91729,129,93,36
91730,59,49,10
91732,59,49,10
91733,142,130,12
91734,129,93,36
91735,7,5,2
91736,142,130,12
91737,142,130,12
91738,59,49,10
91751,59,49,10
91752,1,1,0
91753,4,4,0
91754,4,4,0
91755,167,126,41
91756,61,52,9
91757,9,5,4
91758,73,64,9
91759,65,55,10
91760,61,52,9
91761,108,67,41
91762,108,67,41
91763,6,6,0
91764,6,6,0
91765,108,67,41
91766,116,104,12
91767,30,30,0
91768,108,67,41
91769,116,104,12
91770,34,20,14
91771,19,18,1
91773,53,46,7
91774,53,46,7
91775,53,46,7
91776,53,46,7
91777,23,15,8
91778,116,104,12
91779,116,104,12
91780,116,104,12
91781,116,104,12
91788,109,81,28
91789,7,7,0
91790,10,10,0
91791,10,10,0
91792,7,5,2
91793,7,5,2
91794,3,0,3
91795,3,0,3
91796,7,5,2
91797,16,16,0
91798,5,5,0
91799,16,16,0
91800,109,81,28
91801,22,15,7
91802,22,15,7
91807,19,13,6
91808,19,13,6
91809,19,13,6
91810,8,4,4
91815,4,2,2
91816,2,1,1
91817,2,1,1
91830,60,54,6
91835,142,130,12
91836,142,130,12
91837,142,130,12
91838,142,130,12
91839,142,130,12
91840,142,130,12
91844,142,130,12
91845,142,130,12
91847,4,0,4
91848,167,126,41
91849,129,93,36
91850,167,126,41
91851,42,31,11
91853,8,4,4
91854,5,2,3
91855,5,2,3
91860,42,31,11
91861,19,19,0
91862,46,42,4
91865,16,12,4
91866,7,3,4
91867,7,3,4
91868,16,12,4
91869,131,106,25
91870,6,0,6
91871,6,0,6
91883,131,106,25
91884,6,5,1
91885,71,60,11
91892,47,42,5
91893,32,18,14
91896,32,18,14
91902,13,7,6
91903,13,7,6
91906,4,2,2
91920,4,2,2
91933,47,42,5
91935,3,3,0
91936,3,3,0
91937,3,3,0
91938,3,3,0
91941,12,11,1
91942,12,11,1
91943,7,7,0
91944,14,14,0
91945,14,14,0
91946,19,19,0
91948,19,19,0
91949,3,1,2
91950,19,19,0
91951,14,9,5
91952,12,7,5
91953,12,7,5
91954,7,2,5
91955,12,7,5
91956,7,2,5
91957,7,2,5
91958,14,9,5
91960,47,42,5
91962,47,42,5
91963,157,143,14
91964,7,5,2
91967,76,60,16
91969,4,1,3
91970,6,3,3
91971,6,3,3
91972,76,60,16
91974,30,21,9
91975,29,17,12
91976,224,148,76
91977,224,148,76
91979,34,28,6
91987,114,77,37
91988,114,77,37
92029,15,10,5
92030,17,11,6
92031,17,11,6
92032,17,11,6
92033,18,13,5
92034,30,15,15
92035,30,15,15
92036,30,15,15
92037,19,14,5
92039,30,15,15
92040,30,15,15
92041,3,3,0
92044,19,13,6
92048,19,10,9
92049,2,2,0
92050,19,14,5
92059,5,2,3
92060,19,14,5
92061,19,14,5
92062,9,5,4
92067,28,19,9
92068,28,19,9
92078,160,99,61
92079,160,99,61
92080,160,99,61
92081,160,99,61
92082,23,11,12
92083,23,11,12
92084,23,11,12
92085,23,13,10
92086,46,20,26
92087,46,20,26
92088,26,18,8
92089,5,2,3
92090,8,3,5
92091,20,11,9
92092,160,99,61
92093,160,99,61
92156,1,1,0
92157,1,1,0
92163,1,1,0
92164,1,1,0
92171,105,74,31
92174,4,4,0
92175,4,4,0
92176,23,12,11
92177,14,10,4
92179,20,9,11
92180,20,9,11
92181,9,5,4
92182,20,9,11
92183,20,9,11
92184,1,1,0
92185,9,5,4
92195,9,5,4
92196,9,5,4
92197,9,5,4
92209,114,77,37
92236,4,3,1
92237,4,3,1
92238,160,99,61
92239,9,6,3
92240,9,4,5
92241,9,4,5
92242,9,4,5
92243,9,4,5
92244,9,6,3
92245,13,2,11
92246,9,7,2
92247,10,7,3
92249,89,59,30
92250,12,6,6
92251,97,69,28
92252,2,2,0
92253,2,2,0
92254,2,2,0
92256,17,7,10
92257,17,7,10
92305,89,59,30
92307,49,34,15
92310,17,16,1
92311,17,16,1
92312,11,11,0
92314,12,11,1
92315,12,11,1
92316,12,11,1
92317,12,12,0
92320,8,7,1
92332,8,7,1
92333,7,1,6
92334,2,1,1
92335,13,12,1
92336,11,11,0
92337,3,0,3
92338,8,7,1
92339,8,7,1
92340,8,7,1
92341,8,7,1
92342,17,16,1
92343,17,16,1
92344,224,148,76
92349,1,1,0
92353,10,10,0
92354,10,10,0
92358,18,7,11
92359,18,7,11
92360,18,7,11
92361,18,7,11
92362,18,7,11
92364,18,7,11
92365,18,7,11
92366,18,7,11
92367,18,7,11
92368,8,5,3
92369,8,5,3
92371,224,148,76
92372,105,74,31
92373,105,74,31
92374,8,3,5
92375,3,3,0
92376,3,3,0
92377,3,3,0
92378,6,2,4
92379,40,18,22
92380,40,18,22
92381,40,18,22
92382,40,18,22
92383,6,6,0
92384,6,6,0
92385,105,74,31
92386,105,74,31
92387,7,7,0
92388,7,7,0
92389,19,7,12
92390,19,7,12
92391,209,161,48
92392,25,17,8
92393,25,17,8
92394,23,11,12
92395,23,11,12
92396,23,11,12
92397,23,13,10
92398,46,20,26
92399,46,20,26
92400,17,6,11
92401,46,20,26
92402,7,5,2
92403,7,5,2
92405,2,2,0
92406,2,2,0
92407,17,10,7
92408,17,10,7
92409,8,3,5
92410,17,6,11
92412,15,11,4
92413,209,161,48
92414,16,9,7
92415,37,18,19
92418,37,18,19
92419,37,18,19
92420,37,18,19
92421,10,1,9
92422,10,1,9
92423,10,1,9
92425,10,1,9
92426,10,1,9
92427,10,1,9
92428,37,18,19
92429,37,18,19
92430,37,18,19
92431,2,2,0
92432,36,31,5
92433,2,0,2
92434,10,10,0
92448,10,10,0
92457,171,128,43
92458,27,21,6
92459,27,21,6
92460,8,0,8
92461,44,36,8
92462,44,36,8
92463,44,36,8
92464,34,28,6
92465,27,21,6
92466,171,128,43
92467,171,128,43
92468,106,80,26
92469,24,16,8
92470,24,16,8
92471,24,16,8
92472,4,3,1
92473,171,128,43
92474,4,3,1
92475,4,3,1
92476,3,3,0
92477,106,80,26
92478,3,3,0
92479,3,3,0
92484,3,3,0
92485,3,3,0
92486,30,26,4
92487,171,128,43
92497,2,0,2
92498,7,6,1
92499,106,80,26
92503,7,3,4
92504,7,0,7
92505,7,0,7
92506,5,1,4
92508,7,0,7
92509,7,0,7
92510,5,1,4
92511,5,1,4
92512,34,23,11
92519,40,31,9
92520,54,40,14
92521,54,40,14
92522,54,40,14
92523,54,40,14
92524,41,28,13
92525,41,28,13
92526,41,28,13
92527,14,6,8
92528,14,6,8
92529,14,6,8
92530,41,28,13
92531,40,31,9
92532,8,3,5
92533,8,3,5
92534,98,55,43
92535,5,1,4
92536,1,0,1
92537,1,0,1
92538,1,0,1
92539,1,0,1
92540,10,3,7
92541,5,3,2
92544,6,0,6
92545,6,0,6
92546,6,4,2
92547,5,3,2
92548,5,1,4
92549,1,0,1
92550,1,1,0
92551,98,55,43
92552,48,33,15
92553,48,33,15
92554,48,33,15
92555,8,8,0
92556,8,6,2
92557,8,6,2
92558,8,6,2
92559,8,6,2
92560,8,8,0
92561,10,9,1
92562,9,9,0
92563,2,1,1
92564,3,1,2
92565,12,10,2
92566,12,10,2
92567,48,33,15
92568,98,55,43
92569,8,3,5
92570,8,3,5
92571,1,1,0
92572,48,33,15
92573,23,2,21
92574,4,2,2
92575,2,0,2
92576,2,0,2
92577,34,30,4
92580,7,5,2
92582,7,5,2
92583,7,5,2
92584,7,5,2
92585,5,2,3
92586,40,31,9
92587,10,6,4
92588,48,33,15
92589,48,33,15
92590,48,33,15
92591,48,33,15
92592,48,33,15
92593,48,33,15
92594,48,33,15
92595,48,33,15
92596,83,65,18
92603,31,25,6
92607,2,2,0
92608,2,2,0
92609,3,3,0
92610,5,2,3
92611,5,2,3
92612,4,4,0
92613,5,2,3
92614,3,0,3
92616,3,0,3
92619,24,13,11
92620,8,4,4
92621,8,4,4
92622,24,13,11
92623,6,4,2
92624,6,4,2
92633,6,3,3
92634,6,3,3
92635,3,3,0
92636,2,1,1
92639,13,12,1
92651,6,3,3
92652,6,3,3
92653,46,30,16
92654,89,59,30
92655,89,59,30
92656,89,59,30
92657,55,31,24
92658,46,30,16
92659,2,0,2
92662,46,30,16
92663,4,3,1
92664,4,3,1
92665,4,3,1
92666,55,31,24
92667,55,31,24
92668,55,31,24
92669,55,31,24
92670,55,31,24
92671,55,31,24
92672,55,31,24
92673,224,148,76
92674,79,63,16
92676,13,11,2
92677,9,7,2
92678,50,32,18
92679,50,32,18
92680,5,3,2
92682,2,2,0
92683,79,63,16
92684,5,3,2
92685,5,3,2
92686,5,3,2
92690,224,148,76
92691,224,148,76
92692,7,7,0
92693,7,7,0
92694,9,9,0
92695,15,12,3
92696,2,2,0
92697,2,2,0
92698,2,2,0
92699,2,2,0
92700,2,2,0
92701,2,2,0
92702,2,2,0
92703,2,2,0
92704,34,28,6
92705,34,28,6
92706,34,28,6
92707,4,4,0
92708,4,4,0
92709,224,148,76
92710,224,148,76
92712,25,2,23
92713,25,2,23
92714,24,18,6
92716,22,16,6
92717,22,16,6
92718,22,16,6
92719,22,16,6
92720,23,18,5
92721,23,18,5
92722,25,2,23
92723,25,19,6
92724,17,11,6
92736,25,2,23
92737,25,2,23
92738,1,1,0
92739,1,1,0
92740,1,0,1
92741,25,19,6
92742,17,11,6
92743,2,0,2
92744,24,18,6
92745,11,1,10
92746,2,1,1
92747,6,2,4
92748,17,11,6
92749,17,11,6
92750,17,11,6
92751,17,11,6
92752,17,11,6
92753,17,11,6
92754,17,11,6
92755,17,11,6
92756,56,42,14
92757,56,42,14
92758,56,42,14
92759,10,5,5
92760,47,32,15
92761,47,32,15
92762,47,32,15
92763,18,5,13
92764,18,5,13
92765,47,32,15
92766,47,32,15
92767,114,68,46
92768,1,0,1
92770,1,0,1
92772,114,68,46
92773,20,10,10
92774,20,10,10
92775,114,68,46
92776,89,63,26
92777,114,68,46
92778,114,68,46
92779,20,7,13
92783,44,19,25
92784,44,19,25
92785,44,19,25
92786,14,11,3
92787,14,11,3
92788,14,11,3
92790,2,1,1
92847,44,19,25
92848,44,19,25
92849,5,3,2
92850,5,3,2
92851,5,3,2
92852,5,3,2
92854,5,3,2
92855,5,3,2
92856,5,3,2
92857,5,3,2
92858,44,19,25
92859,44,19,25
92860,11,7,4
92861,5,3,2
92862,40,15,25
92863,12,9,3
92864,12,5,7
92865,12,5,7
92866,12,5,7
92867,12,5,7
92868,12,9,3
92869,40,15,25
92870,11,8,3
92871,3,1,2
92872,5,3,2
92873,11,7,4
92874,11,7,4
92875,44,19,25
92876,44,19,25
92877,44,19,25
92878,3,1,2
92879,3,1,2
92883,3,1,2
92884,3,1,2
92885,25,9,16
92886,25,9,16
92887,44,19,25
92888,2,2,0
92889,2,2,0
92891,1,1,0
92892,1,1,0
92893,4,0,4
92894,40,32,8
92895,4,0,4
92896,5,1,4
92897,33,24,9
92898,6,2,4
92903,4,0,4
92904,4,0,4
92905,5,1,4
92906,4,0,4
92909,224,148,76
92914,44,19,25
92915,18,5,13
92916,44,19,25
92917,74,54,20
92918,74,54,20
92919,19,9,10
92920,19,9,10
92921,19,9,10
92922,74,54,20
92923,17,10,7
92924,74,54,20
92925,2,2,0
92959,3,0,3
92960,3,0,3
92961,5,2,3
92962,10,3,7
92963,5,2,3
92964,10,3,7
92965,29,24,5
92966,5,2,3
92967,10,3,7
92968,3,3,0
92969,209,161,48
92970,209,161,48
92971,209,161,48
92972,209,161,48
92973,209,161,48
92974,209,161,48
92976,14,2,12
92977,14,2,12
92978,209,161,48
92979,209,161,48
92981,74,54,20
92982,206,132,74
92983,206,132,74
92985,14,12,2
92993,17,3,14
92996,27,27,0
92999,27,27,0
93000,59,49,10
93001,59,49,10
93002,2,0,2
93003,73,60,13
93004,7,6,1
93006,7,6,1
93007,16,13,3
93008,16,13,3
93009,25,18,7
93010,2,0,2
93011,2,0,2
93012,2,0,2
93013,2,0,2
93014,25,18,7
93020,112,98,14
93021,112,98,14
93022,112,98,14
93023,112,98,14
93024,71,56,15
93025,71,56,15
93026,71,56,15
93027,28,15,13
93028,28,15,13
93029,28,15,13
93030,28,15,13
93031,71,56,15
93032,71,56,15
93033,73,60,13
93035,2,2,0
93036,180,128,52
93037,180,128,52
93051,5,2,3
93053,1,0,1
93054,20,12,8
93055,17,13,4
93056,2,1,1
93057,3,0,3
93060,1,0,1
93062,3,1,2
93063,180,128,52
93067,196,173,23
93068,196,173,23
93069,27,25,2
93070,48,42,6
93071,48,42,6
93072,48,42,6
93073,48,42,6
93074,27,25,2
93075,10,9,1
93076,10,9,1
93077,4,0,4
93078,4,0,4
93079,19,17,2
93080,5,4,1
93081,6,4,2
93082,26,23,3
93083,26,23,3
93084,3,0,3
93085,180,128,52
93086,180,128,52
93087,24,20,4
93088,24,20,4
93089,18,14,4
93090,196,173,23
93091,8,6,2
93092,8,6,2
93093,68,39,29
93094,20,19,1
93095,20,19,1
93097,20,19,1
93098,20,19,1
93099,10,9,1
93100,8,8,0
93101,24,20,4
93136,24,20,4
93137,24,20,4
93138,14,13,1
93139,14,13,1
93141,3,0,3
93142,14,13,1
93145,6,5,1
93146,6,5,1
93147,70,53,17
93148,11,8,3
93149,73,60,13
93150,16,12,4
93151,27,21,6
93152,196,173,23
93153,196,173,23
93154,196,173,23
93155,196,173,23
93156,196,173,23
93157,196,173,23
93158,196,173,23
93159,196,173,23
93161,196,173,23
93162,196,173,23
93163,196,173,23
93164,85,65,20
93167,4,3,1
93168,4,3,1
93169,4,3,1
93171,7,5,2
93178,7,5,2
93179,6,4,2
93180,5,3,2
93181,5,3,2
93182,12,7,5
93183,6,4,2
93184,12,7,5
93186,6,4,2
93187,7,6,1
93188,4,2,2
93189,7,6,1
93190,9,6,3
93197,2,2,0
93198,5,2,3
93199,2,1,1
93200,2,1,1
93203,7,3,4
93204,7,3,4
93205,192,132,60
93206,192,132,60
93207,20,11,9
93208,5,3,2
93210,1,1,0
93212,1,1,0
93217,1,1,0
93218,4,1,3
93219,8,6,2
93220,8,6,2
93221,3,1,2
93222,1,0,1
93223,70,54,16
93224,70,54,16
93225,8,5,3
93226,8,5,3
93227,70,54,16
93228,1,1,0
93229,16,3,13
93230,13,10,3
93231,12,7,5
93232,12,7,5
93233,12,7,5
93234,12,9,3
93235,16,3,13
93237,12,9,3
93238,10,7,3
93242,16,3,13
93243,10,7,3
93244,12,9,3
93245,4,1,3
93246,10,7,3
93247,40,31,9
93248,40,31,9
93250,40,31,9
93252,2,2,0
93253,2,2,0
93255,2,2,0
93256,2,2,0
93258,18,9,9
93259,80,57,23
93260,31,17,14
93261,31,17,14
93262,31,17,14
93263,31,17,14
93264,80,57,23
93265,9,2,7
93266,9,2,7
93267,9,2,7
93268,9,2,7
93269,9,2,7
93271,27,20,7
93277,8,3,5
93287,4,1,3
93294,12,9,3
93304,14,7,7
93305,14,7,7
93306,24,6,18
93307,24,6,18
93308,16,8,8
93309,18,6,12
93310,18,6,12
93311,18,6,12
93312,16,8,8
93313,26,2,24
93314,26,2,24
93315,26,2,24
93316,26,2,24
93317,18,6,12
93324,26,2,24
93325,26,2,24
93326,26,2,24
93327,18,6,12
93328,1,0,1
93329,16,8,8
93330,24,6,18
93331,24,6,18
93332,4,0,4
93333,18,6,12
93334,69,58,11
93335,18,12,6
93336,1,0,1
93337,23,16,7
93338,23,16,7
93339,23,16,7
93340,17,12,5
93341,39,20,19
93342,39,20,19
93343,39,20,19
93344,38,27,11
93347,39,20,19
93348,39,20,19
93349,4,1,3
93350,4,1,3
93355,38,27,11
93356,9,3,6
93357,2,1,1
93360,19,13,6
93361,69,58,11
93362,38,27,11
93363,38,27,11
93364,38,27,11
93365,38,27,11
93366,6,2,4
93367,6,2,4
93368,6,3,3
93369,6,3,3
93370,9,8,1
93372,6,5,1
93374,18,12,6
93375,3,1,2
93376,3,3,0
93377,22,10,12
93396,22,10,12
93397,22,10,12
93413,16,9,7
93422,2,2,0
93424,2,2,0
93430,16,9,7
93435,16,11,5
93436,14,9,5
93437,14,9,5
93438,14,9,5
93439,16,11,5
93440,13,0,13
93441,13,0,13
93442,13,0,13
93443,11,6,5
93448,13,0,13
93449,13,0,13
93452,11,6,5
93453,11,6,5
93454,17,11,6
93455,11,6,5
93456,11,6,5
93457,11,6,5
93458,192,132,60
93461,1,1,0
93462,192,132,60
93463,58,49,9
93464,58,49,9
93465,216,176,40
93466,11,6,5
93467,11,6,5
93468,18,17,1
93469,18,17,1
93470,27,20,7
93471,27,20,7
93473,27,14,13
93476,50,40,10
93477,59,46,13
93478,59,46,13
93479,51,46,5
93480,67,27,40
93481,67,27,40
93482,5,2,3
93483,5,2,3
93484,67,27,40
93485,75,66,9
93486,67,27,40
93487,67,27,40
93488,75,66,9
93489,75,66,9
93490,75,66,9
93491,75,66,9
93492,75,66,9
93493,75,66,9
93494,75,66,9
93495,75,66,9
93496,75,66,9
93497,75,66,9
93498,75,66,9
93499,75,66,9
93507,70,30,40
93509,121,73,48
93510,70,30,40
93513,121,73,48
93527,20,20,0
93528,67,60,7
93529,11,6,5
93530,13,7,6
93531,13,7,6
93532,11,6,5
93533,13,3,10
93534,13,3,10
93535,13,3,10
93536,10,5,5
93539,13,3,10
93540,13,3,10
93541,11,6,5
93542,10,5,5
93543,99,75,24
93544,5,5,0
93545,5,5,0
93546,94,88,6
93547,1,1,0
93548,1,1,0
93549,14,14,0
93550,14,14,0
93551,94,88,6
93552,5,5,0
93555,5,5,0
93558,9,3,6
93559,9,7,2
93560,8,6,2
93561,8,6,2
93562,10,1,9
93564,10,1,9
93565,5,3,2
93568,5,3,2
93569,5,3,2
93570,5,3,2
93571,5,3,2
93572,33,32,1
93573,33,32,1
93574,94,88,6
93575,94,88,6
93576,94,88,6
93577,94,88,6
93578,94,88,6
93579,94,88,6
93580,94,88,6
93581,94,88,6
93583,7,5,2
93584,27,21,6
93587,29,23,6
93588,29,23,6
93589,29,23,6
93590,29,23,6
93591,21,11,10
93592,21,11,10
93593,5,2,3
93594,5,2,3
93595,21,11,10
93596,8,6,2
93598,84,70,14
93599,84,70,14
93600,5,0,5
93601,5,0,5
93602,34,16,18
93603,105,93,12
93604,10,10,0
93605,13,13,0
93606,13,13,0
93607,13,13,0
93608,13,13,0
93609,10,10,0
93610,9,8,1
93611,1,0,1
93612,9,9,0
93613,9,9,0
93614,34,16,18
93615,34,16,18
93616,15,15,0
93617,15,15,0
93618,15,15,0
93619,15,15,0
93620,105,93,12
93621,48,38,10
93622,2,1,1
93623,29,21,8
93624,53,29,24
93632,6,2,4
93633,6,2,4
93639,6,2,4
93640,6,2,4
93641,18,13,5
93642,3,1,2
93643,27,21,6
93644,14,7,7
93645,105,93,12
93646,105,93,12
93647,105,93,12
93648,105,93,12
93649,105,93,12
93650,105,93,12
93651,105,93,12
93652,105,93,12
93653,232,144,88
93654,57,25,32
93655,12,6,6
93656,20,17,3
93657,20,17,3
93658,9,9,0
93659,9,9,0
93660,9,9,0
93661,20,17,3
93662,20,17,3
93663,149,138,11
93664,2,1,1
93666,168,126,42
93669,21,20,1
93670,21,20,1
93671,8,7,1
93672,1,0,1
93673,7,7,0
93674,6,6,0
93675,3,3,0
93676,3,3,0
93677,3,3,0
93678,3,3,0
93681,21,20,1
93682,168,126,42
93685,99,88,11
93690,2,2,0
93691,8,4,4
93703,6,6,0
93704,29,23,6
93705,51,42,9
93706,51,42,9
93707,51,42,9
93708,51,42,9
93709,51,42,9
93710,49,39,10
93711,106,77,29
93712,106,77,29
93716,106,77,29
93717,106,77,29
93718,68,68,0
93719,15,15,0
93720,15,15,0
93721,106,77,29
93722,106,77,29
93723,45,36,9
93724,45,36,9
93725,45,36,9
93726,37,29,8
93727,27,18,9
93728,27,18,9
93731,37,29,8
93732,68,68,0
93733,68,68,0
93734,68,68,0
93735,68,68,0
93736,68,68,0
93737,68,68,0
93738,68,68,0
93739,68,68,0
93740,27,18,9
93741,31,20,11
93742,50,40,10
93743,50,40,10
93744,50,40,10
93745,32,24,8
93746,18,14,4
93747,8,6,2
93749,8,6,2
93750,18,14,4
93751,16,12,4
93752,20,15,5
93753,20,15,5
93754,20,15,5
93755,16,12,4
93756,25,18,7
93757,146,108,38
93758,146,108,38
93759,146,108,38
93760,98,89,9
93761,9,9,0
93762,18,18,0
93763,3,3,0
93764,146,108,38
93765,146,108,38
93766,11,9,2
93767,61,50,11
93768,5,2,3
93769,29,20,9
93770,168,137,31
93771,168,137,31
93772,168,137,31
93773,85,57,28
93774,85,57,28
93775,85,57,28
93776,85,57,28
93777,29,20,9
93778,29,20,9
93779,168,137,31
93780,168,137,31
93781,19,13,6
93782,19,13,6
93793,10,8,2
93794,10,8,2
93795,31,20,11
93796,9,3,6
93797,98,89,9
93798,98,89,9
93799,61,50,11
93800,98,89,9
93801,30,19,11
93802,3,2,1
93803,3,2,1
93804,5,2,3
93805,5,2,3
93806,36,24,12
93807,36,24,12
93808,29,18,11
93809,41,29,12
93810,7,5,2
93811,7,5,2
93813,150,121,29
93816,150,121,29
93820,5,5,0
93821,5,5,0
93822,5,5,0
93823,4,3,1
93828,3,0,3
93829,7,5,2
93830,4,3,1
93831,4,3,1
93838,2,2,0
93839,15,13,2
93840,2,1,1
93841,2,1,1
93842,13,13,0
93843,13,13,0
93844,13,13,0
93845,13,13,0
93846,12,12,0
93847,12,12,0
93848,12,12,0
93849,15,15,0
93852,12,12,0
93853,12,12,0
93858,15,15,0
93859,10,10,0
93873,10,10,0
93874,10,10,0
93875,15,15,0
93876,15,15,0
93877,15,15,0
93880,8,4,4
93881,8,4,4
93882,1,0,1
93883,1,0,1
93884,5,1,4
93885,5,2,3
93886,5,4,1
93887,5,4,1
93891,41,29,12
93892,41,29,12
93893,41,29,12
93894,41,29,12
93895,41,29,12
93896,41,29,12
93897,41,29,12
93898,41,29,12
93903,14,12,2
93904,4,2,2
93905,4,2,2
93906,14,12,2
93907,29,19,10
93908,38,33,5
93909,41,33,8
93910,41,33,8
93911,41,33,8
93912,41,33,8
93913,34,29,5
93914,34,29,5
93915,34,29,5
93916,12,4,8
93917,34,29,5
93918,34,29,5
93919,72,33,39
93920,4,2,2
93921,72,33,39
93922,65,54,11
93923,11,11,0
93924,15,14,1
93925,15,14,1
93926,15,14,1
93927,15,14,1
93928,11,11,0
93929,10,9,1
93930,2,1,1
93931,12,12,0
93932,12,12,0
93933,72,33,39
93934,65,54,11
93935,13,3,10
93936,7,6,1
93937,34,30,4
93938,3,1,2
93939,38,33,5
93940,11,5,6
93941,65,54,11
93942,65,54,11
93943,65,54,11
93944,65,54,11
93945,65,54,11
93946,65,54,11
93947,65,54,11
93948,65,54,11
93949,167,126,41
93950,3,3,0
93951,3,3,0
93952,64,56,8
93953,64,56,8
93956,64,56,8
93957,54,49,5
93958,54,49,5
93959,54,49,5
93960,54,49,5
93961,17,9,8
93962,17,9,8
93963,54,49,5
93964,54,49,5
93965,10,6,4
93966,2,0,2
93967,10,6,4
93968,75,39,36
93971,75,39,36
93976,23,21,2
93977,78,74,4
93978,6,5,1
93979,6,5,1
93980,4,3,1
93981,10,5,5
93982,12,9,3
93983,54,50,4
93985,39,35,4
93986,7,4,3
93987,7,4,3
93988,7,4,3
93989,7,1,6
93990,7,1,6
93991,8,3,5
93992,7,1,6
93993,22,17,5
93994,39,30,9
93995,39,30,9
93996,39,30,9
93997,22,17,5
93998,68,49,19
93999,30,27,3
94000,19,15,4
94001,19,15,4
94002,167,126,41
94003,75,65,10
94004,75,65,10
94005,75,65,10
94006,75,65,10
94007,75,65,10
94008,75,65,10
94009,75,65,10
94010,75,65,10
94011,75,65,10
94012,3,2,1
94013,5,0,5
94014,13,0,13
94015,13,0,13
94016,2,1,1
94017,2,1,1
94018,75,65,10
94019,75,65,10
94020,75,65,10
94021,6,4,2
94022,146,108,38
94023,146,108,38
94024,36,28,8
94025,29,20,9
94026,29,20,9
94027,50,44,6
94028,50,44,6
94029,98,89,9
94030,17,16,1
94031,61,52,9
94032,8,4,4
94033,73,64,9
94034,73,64,9
94035,73,64,9
94036,73,64,9
94037,65,55,10
94038,65,55,10
94039,13,9,4
94040,13,9,4
94041,65,55,10
94042,108,67,41
94045,108,67,41
94046,116,104,12
94047,22,22,0
94048,30,30,0
94049,30,30,0
94050,30,30,0
94051,30,30,0
94052,22,22,0
94053,16,15,1
94054,6,5,1
94055,6,4,2
94056,23,22,1
94057,23,22,1
94058,108,67,41
94059,19,19,0
94060,19,19,0
94061,11,11,0
94062,11,11,0
94063,116,104,12
94064,34,20,14
94065,9,9,0
94066,9,9,0
94067,19,18,1
94080,19,18,1
94081,19,18,1
94082,9,9,0
94084,59,48,11
94085,2,2,0
94086,2,2,0
94087,11,7,4
94088,61,52,9
94089,23,15,8
94090,116,104,12
94091,116,104,12
94092,116,104,12
94093,116,104,12
94094,116,104,12
94095,116,104,12
94108,109,81,28
94112,109,81,28
94115,7,7,0
94117,28,22,6
94118,28,22,6
94119,28,22,6
94120,16,11,5
94121,16,11,5
94122,28,22,6
94124,1,1,0
94125,1,1,0
94126,90,78,12
94128,11,8,3
94134,99,46,53
94135,99,46,53
94139,7,7,0
94140,99,46,53
94154,77,66,11
94155,7,6,1
94156,12,10,2
94157,12,10,2
94158,7,6,1
94159,7,7,0
94160,7,7,0
94161,6,6,0
94162,6,6,0
94163,11,6,5
94164,11,6,5
94165,11,6,5
94166,7,6,1
94167,7,6,1
94168,10,7,3
94169,4,2,2
94170,3,1,2
94172,8,6,2
94173,6,3,3
94174,11,2,9
94175,11,2,9
94176,7,4,3
94177,77,66,11
94178,24,17,7
94179,35,22,13
94180,35,22,13
94181,35,22,13
94182,73,39,34
94183,73,39,34
94184,73,39,34
94185,41,32,9
94186,4,3,1
94187,4,3,1
94190,4,3,1
94191,4,3,1
94192,73,39,34
94193,10,7,3
94194,9,7,2
94198,1,0,1
94199,1,0,1
94202,13,10,3
94203,41,32,9
94204,41,32,9
94205,41,32,9
94206,41,32,9
94207,41,32,9
94208,41,32,9
94209,8,6,2
94213,6,6,0
94218,6,6,0
94223,13,10,3
94224,13,10,3
94225,15,10,5
94226,15,10,5
94227,3,0,3
94228,3,0,3
94229,15,10,5
94230,15,2,13
94231,15,2,13
94232,10,7,3
94234,15,2,13
94237,10,7,3
94238,10,7,3
94239,10,7,3
94240,10,7,3
94241,10,7,3
94242,15,11,4
94243,77,66,11
94244,77,66,11
94245,77,66,11
94246,77,66,11
94247,77,66,11
94248,77,66,11
94249,77,66,11
94250,220,138,82
94251,42,31,11
94252,42,31,11
94253,42,31,11
94254,31,26,5
94255,31,26,5
94256,31,26,5
94257,7,2,5
94258,7,2,5
94259,31,26,5
94260,31,26,5
94261,73,37,36
94262,73,37,36
94263,73,37,36
94264,61,53,8
94265,9,6,3
94266,6,4,2
94267,10,6,4
94268,43,36,7
94269,7,4,3
94270,43,36,7
94272,38,28,10
94273,11,10,1
94274,13,8,5
94275,13,8,5
94276,13,8,5
94277,13,8,5
94278,11,10,1
94279,41,23,18
94280,11,10,1
94281,11,10,1
94282,16,12,4
94285,15,11,4
94286,13,11,2
94287,13,11,2
94288,220,138,82
94289,37,24,13
94290,37,24,13
94291,37,24,13
94292,37,24,13
94293,37,24,13
94294,37,24,13
94295,37,24,13
94297,8,2,6
94298,17,4,13
94299,17,4,13
94300,4,1,3
94302,4,1,3
94303,37,24,13
94304,37,24,13
94305,5,2,3
94306,43,36,7
94382,26,20,6
94383,38,28,10
94384,38,28,10
94385,40,33,7
94386,70,37,33
94387,70,37,33
94388,70,37,33
94389,53,40,13
94390,6,6,0
94391,70,37,33
94393,2,0,2
94394,2,0,2
94395,2,0,2
94396,25,21,4
94397,25,21,4
94402,11,6,5
94403,53,40,13
94404,53,40,13
94405,53,40,13
94406,53,40,13
94407,53,40,13
94408,53,40,13
94409,53,40,13
94410,53,40,13
94411,72,50,22
94414,10,4,6
94415,9,5,4
94416,9,5,4
94417,8,0,8
94418,8,0,8
94419,10,2,8
94420,10,2,8
94421,10,2,8
94422,5,0,5
94423,10,2,8
94424,10,2,8
94425,8,0,8
94426,8,0,8
94427,5,0,5
94428,5,0,5
94429,5,0,5
94431,72,50,22
94432,72,50,22
94433,32,22,10
94434,32,22,10
94435,11,4,7
94436,11,4,7
94437,11,4,7
94438,11,8,3
94439,16,7,9
94440,16,7,9
94441,16,7,9
94442,13,8,5
94443,3,2,1
94444,4,3,1
94445,12,6,6
94446,8,7,1
94447,9,5,4
94448,9,5,4
94449,9,5,4
94450,9,5,4
94451,8,7,1
94452,20,8,12
94453,11,9,2
94455,2,0,2
94456,11,8,3
94457,11,8,3
94458,9,4,5
94459,15,8,7
94460,15,8,7
94461,15,8,7
94462,8,3,5
94463,8,3,5
94464,9,4,5
94472,15,8,7
94473,8,6,2
94474,8,6,2
94477,10,6,4
94478,10,6,4
94479,11,9,2
94481,11,9,2
94485,15,8,7
94489,13,13,0
94490,13,13,0
94499,7,5,2
94505,7,5,2
94506,7,5,2
94507,4,1,3
94508,4,1,3
94541,2,2,0
94549,49,42,7
94550,19,15,4
94551,67,46,21
94552,67,46,21
94555,6,2,4
94556,6,2,4
94557,2,2,0
94558,2,2,0
94562,119,71,48
94563,119,71,48
94564,220,138,82
94565,52,44,8
94566,52,44,8
94567,9,7,2
94568,9,7,2
94569,9,7,2
94570,9,7,2
94571,52,44,8
94572,52,44,8
94573,99,46,53
94574,99,46,53
94590,55,49,6
94596,1,0,1
94621,53,48,5
94642,4,4,0
94643,4,4,0
94644,4,4,0
94652,4,4,0
94653,4,4,0
94665,53,48,5
94753,68,52,16
94754,68,52,16
94796,8,4,4
94797,8,4,4
94798,2,0,2
94799,2,0,2
94801,2,0,2
94802,2,0,2
94820,52,38,14
94821,6,4,2
94822,67,54,13
94823,67,54,13
94824,67,54,13
94825,52,44,8
94826,52,44,8
94827,9,2,7
94828,9,2,7
94829,52,44,8
94830,6,0,6
94831,6,0,6
94832,5,0,5
94833,5,0,5
94834,47,37,10
94835,48,34,14
94836,48,34,14
94837,48,34,14
94838,48,34,14
94839,48,34,14
94840,48,34,14
94841,17,6,11
94842,48,34,14
94843,48,34,14
94844,48,34,14
94845,52,38,14
94846,48,34,14
94847,17,16,1
94848,1,0,1
94849,12,12,0
94850,12,12,0
94851,12,12,0
94852,12,12,0
94854,17,15,2
94855,17,15,2
94856,3,0,3
94857,3,0,3
94860,17,15,2
94861,29,29,0
94864,4,4,0
94865,29,29,0
94866,3,1,2
94867,7,7,0
94868,12,11,1
94869,12,11,1
94870,1,1,0
94871,18,18,0
94872,14,10,4
94873,161,121,40
94879,19,12,7
94880,28,17,11
94881,28,17,11
94882,28,17,11
94883,24,16,8
94884,68,45,23
94885,68,45,23
94886,68,45,23
94887,68,45,23
94888,56,45,11
94889,68,45,23
94890,68,45,23
94892,56,45,11
94909,56,45,11
94910,12,12,0
94911,1,1,0
94912,33,25,8
94913,33,25,8
94914,33,25,8
94915,33,25,8
94916,33,25,8
94917,33,25,8
94918,232,144,88
94920,2,2,0
94922,2,2,0
94923,15,11,4
94924,15,11,4
94925,15,11,4
94941,5,0,5
94942,5,0,5
94949,5,0,5
94950,5,0,5
94955,15,11,4
94956,15,11,4
94967,18,18,0
94968,18,18,0
94969,2,1,1
94970,232,144,88
94974,110,89,21
94975,110,89,21
94977,1,1,0
94978,110,89,21
94979,41,33,8
94980,41,33,8
94981,41,33,8
94982,41,33,8
94983,17,12,5
94984,1,0,1
94985,1,0,1
94986,15,11,4
94987,15,11,4
94988,15,12,3
94989,18,1,17
94990,18,1,17
94993,18,1,17
94994,7,4,3
94999,4,4,0
95002,2,0,2
95003,7,4,3
95004,7,4,3
95005,7,4,3
95006,7,4,3
95007,7,4,3
95008,7,4,3
95009,7,4,3
95010,7,4,3
95011,51,44,7
95012,12,2,10
95014,12,2,10
95015,8,1,7
95016,8,1,7
95017,88,75,13
95018,110,89,21
95020,16,14,2
95021,110,89,21
95025,82,71,11
95026,33,31,2
95027,7,1,6
95028,2,2,0
95045,5,3,2
95046,5,3,2
95047,54,47,7
95057,5,2,3
95058,11,6,5
95059,11,6,5
95060,31,21,10
95063,5,3,2
95067,2,2,0
95071,2,2,0
95072,168,141,27
95073,168,141,27
95082,14,12,2
95100,89,79,10
95101,89,79,10
95102,15,6,9
95104,214,158,56
95127,62,49,13
95135,62,49,13
95162,19,4,15
95163,19,4,15
95165,3,1,2
95171,8,5,3
95172,8,5,3
95173,4,2,2
95174,4,2,2
95176,2,1,1
95178,54,43,11
95179,54,43,11
95180,17,15,2
95181,17,15,2
95182,20,16,4
95187,20,16,4
95188,1,1,0
95194,75,69,6
95195,75,69,6
95215,116,101,15
95216,1,1,0
95217,30,24,6
95281,32,25,7
95283,32,25,7
95287,30,24,6
95298,29,16,13
95299,29,16,13
95302,35,25,10
95303,29,16,13
95304,29,16,13
95306,10,6,4
95307,10,6,4
95308,10,6,4
95309,35,25,10
95310,35,25,10
95311,35,25,10
95320,1,0,1
95335,10,5,5
95336,17,7,10
95342,1,1,0
95364,2,1,1
95371,13,9,4
95372,3,2,1
95373,2,1,1
95391,256,162,94
95392,13,3,10
95393,13,8,5
95394,14,9,5
95395,14,9,5
95396,16,7,9
95397,16,7,9
95398,5,2,3
95399,5,2,3
95400,16,7,9
95401,13,3,10
95402,3,0,3
95403,3,0,3
95404,13,3,10
95405,12,7,5
95406,13,3,10
95407,12,7,5
95408,13,3,10
95409,11,7,4
95410,10,6,4
95411,10,6,4
95412,10,6,4
95413,13,8,5
95414,13,8,5
95415,4,2,2
95416,4,2,2
95417,4,0,4
95418,7,2,5
95419,16,6,10
95422,16,6,10
95423,18,8,10
95426,2,2,0
95428,5,2,3
95429,53,41,12
95435,4,0,4
95436,4,0,4
95439,4,0,4
95452,12,8,4
95453,22,17,5
95454,22,17,5
95455,16,11,5
95456,16,11,5
95457,5,3,2
95458,13,2,11
95459,13,2,11
95462,13,2,11
95463,23,19,4
95465,13,2,11
95466,4,4,0
95467,7,1,6
95468,16,6,10
95469,1,1,0
95472,125,78,47
95473,10,7,3
95474,58,45,13
95477,1,0,1
95478,1,0,1
95479,23,18,5
95480,6,3,3
95481,6,3,3
95482,23,18,5
95483,23,18,5
95486,5,2,3
95488,7,7,0
95489,7,7,0
95492,38,38,0
95493,38,38,0
95494,6,6,0
95495,20,18,2
95499,49,41,8
95500,11,11,0
95501,11,11,0
95502,11,11,0
95503,10,10,0
95504,9,9,0
95505,9,9,0
95506,18,17,1
95508,9,9,0
95511,18,17,1
95512,3,0,3
95513,7,7,0
95514,18,17,1
95515,13,13,0
95516,18,18,0
95517,18,18,0
95518,11,11,0
95519,22,22,0
95520,22,22,0
95521,15,15,0
95523,15,15,0
95524,15,15,0
95525,15,15,0
95526,15,15,0
95527,15,15,0
95528,15,15,0
95529,49,41,8
95530,10,10,0
95531,18,18,0
95532,18,18,0
95533,4,1,3
95534,23,21,2
95535,23,21,2
95538,23,21,2
95539,32,31,1
95540,7,7,0
95541,5,2,3
95542,49,41,8
95543,32,31,1
95544,32,31,1
95545,7,0,7
95546,5,4,1
95547,125,78,47
95548,10,7,3
95549,1,0,1
95552,12,7,5
95557,36,17,19
95559,256,162,94
95560,256,162,94
95562,15,11,4
95563,93,60,33
95564,1,1,0
95573,4,4,0
95574,93,60,33
95579,51,30,21
95584,51,30,21
95586,51,30,21
95587,2,1,1
95588,3,3,0
95589,5,1,4
95592,1,0,1
95593,5,2,3
95594,6,5,1
95596,256,162,94
95597,11,10,1
95598,43,28,15
95599,16,8,8
95601,16,8,8
95602,10,8,2
95603,17,8,9
95604,9,7,2
95606,17,8,9
95607,9,7,2
95608,9,7,2
95609,9,7,2
95610,9,7,2
95613,43,28,15
95614,43,28,15
95615,82,67,15
95616,48,46,2
95617,30,29,1
95618,48,46,2
95619,21,13,8
95620,17,9,8
95621,48,46,2
95622,1,1,0
95623,61,46,15
95624,61,46,15
95625,36,31,5
95626,36,31,5
95627,61,46,15
95628,21,16,5
95630,7,6,1
95631,7,6,1
95632,3,0,3
95633,7,6,1
95634,1,1,0
95635,1,1,0
95636,5,5,0
95637,5,5,0
95638,14,12,2
95639,2,0,2
95640,2,0,2
95641,14,12,2
95642,21,16,5
95643,21,16,5
95644,65,60,5
95645,11,11,0
95646,15,15,0
95647,15,15,0
95648,15,15,0
95649,11,11,0
95650,6,6,0
95651,61,46,15
95652,61,46,15
95653,65,60,5
95654,2,2,0
95655,2,2,0
95656,6,4,2
95659,6,4,2
95660,77,67,10
95661,77,74,3
95662,77,67,10
95664,13,13,0
95665,31,29,2
95666,31,29,2
95669,65,60,5
95670,45,32,13
95671,1,0,1
95672,74,56,18
95673,74,56,18
95674,54,39,15
95678,138,102,36
95679,138,102,36
95680,138,102,36
95681,138,102,36
95684,138,102,36
95685,101,80,21
95686,138,102,36
95687,138,102,36
95688,18,16,2
95689,18,16,2
95690,18,16,2
95691,32,21,11
95692,29,15,14
95693,29,15,14
95695,40,28,12
95696,11,8,3
95697,11,8,3
95698,52,40,12
95699,52,40,12
95700,52,40,12
95701,42,30,12
95702,19,16,3
95703,19,16,3
95704,9,5,4
95705,9,5,4
95706,19,16,3
95707,19,16,3
95708,79,59,20
95709,79,59,20
95710,94,68,26
95711,12,12,0
95712,21,21,0
95713,6,6,0
95714,6,6,0
95715,79,59,20
95716,22,17,5
95717,22,17,5
95718,21,18,3
95719,94,68,26
95720,94,68,26
95721,48,36,12
95722,25,15,10
95723,94,68,26
95724,94,68,26
95725,94,68,26
95726,94,68,26
95727,13,13,0
95728,42,32,10
95729,1,1,0
95730,1,1,0
95731,14,12,2
95732,14,12,2
95733,15,13,2
95734,14,14,0
95735,14,12,2
95738,14,12,2
95739,14,12,2
95740,14,12,2
95741,14,12,2
95742,14,12,2
95743,42,32,10
95744,2,1,1
95745,2,1,1
95747,55,42,13
95748,15,14,1
95749,5,4,1
95750,20,19,1
95751,20,19,1
95752,20,19,1
95753,16,16,0
95754,21,17,4
95755,21,17,4
95756,21,17,4
95757,21,17,4
95758,24,23,1
95764,21,17,4
95765,21,17,4
95766,21,17,4
95767,24,23,1
95768,7,0,7
95769,7,0,7
95770,13,13,0
95771,4,1,3
95772,24,23,1
95773,24,23,1
95774,24,23,1
95775,24,23,1
95776,26,18,8
95780,13,13,0
95781,101,80,21
95782,101,80,21
95783,101,80,21
95784,101,80,21
95785,101,80,21
95786,101,80,21
95791,27,21,6
95792,12,10,2
95793,14,12,2
95794,13,11,2
95795,18,5,13
95796,18,5,13
95797,10,8,2
95798,27,21,6
95799,10,8,2
95800,10,8,2
95801,10,8,2
95802,10,8,2
95803,10,8,2
95804,10,8,2
95805,10,8,2
95806,10,8,2
95807,2,0,2
95808,2,0,2
95809,10,8,2
95810,12,12,0
95811,12,12,0
95814,168,137,31
95815,19,9,10
95816,12,12,0
95817,1,1,0
95818,41,30,11
95823,4,2,2
95824,8,4,4
95825,3,1,2
95826,8,4,4
95828,3,1,2
95829,24,21,3
95832,24,21,3
95833,10,8,2
95834,10,8,2
95835,88,52,36
95836,88,52,36
95840,12,1,11
95843,36,31,5
95844,36,31,5
95845,3,3,0
95846,3,3,0
95847,88,52,36
95848,81,74,7
95849,81,74,7
95850,12,12,0
95851,23,23,0
95852,12,12,0
95853,7,7,0
95854,12,12,0
95855,88,52,36
95856,88,52,36
95857,12,8,4
95858,12,8,4
95859,14,14,0
95860,81,74,7
95861,5,5,0
95862,26,13,13
95863,16,11,5
95864,22,14,8
95865,81,74,7
95866,81,74,7
95867,81,74,7
95868,81,74,7
95869,81,74,7
95870,81,74,7
95871,81,74,7
95872,81,74,7
95873,95,74,21
95874,95,74,21
95875,41,37,4
95876,106,94,12
95877,95,74,21
95883,4,4,0
95884,4,4,0
95886,4,4,0
95887,4,4,0
95888,18,8,10
95889,41,37,4
95890,41,37,4
95891,168,137,31
95892,34,26,8
95893,34,26,8
95894,22,12,10
95895,1,0,1
95896,1,0,1
95897,33,22,11
95898,85,57,28
95899,85,57,28
95900,67,50,17
95901,85,57,28
95902,67,50,17
95903,67,50,17
95904,67,50,17
95905,47,40,7
95906,8,7,1
95907,53,45,8
95908,53,45,8
95909,53,45,8
95910,53,45,8
95911,44,39,5
95912,6,5,1
95913,34,26,8
95914,34,26,8
95915,34,26,8
95916,1,0,1
95918,4,3,1
95919,5,5,0
95922,106,94,12
95926,8,8,0
95927,8,8,0
95928,8,8,0
95929,9,9,0
95930,12,7,5
95931,12,7,5
95932,12,7,5
95933,15,6,9
95934,12,7,5
95935,12,7,5
95936,1,1,0
95937,15,6,9
95938,10,5,5
95939,15,6,9
95940,15,6,9
95941,22,17,5
95942,48,33,15
95943,13,2,11
95944,13,2,11
95945,11,3,8
95947,13,2,11
95948,11,3,8
95949,11,3,8
95950,8,7,1
95951,2,1,1
95957,48,33,15
95958,8,4,4
95959,8,4,4
95960,9,5,4
95961,27,16,11
95962,27,16,11
95965,40,35,5
95966,40,35,5
95967,49,43,6
95968,49,43,6
95969,49,43,6
95970,38,34,4
95971,4,2,2
95972,98,73,25
95973,98,73,25
95976,35,29,6
95977,35,29,6
95984,96,91,5
95985,10,9,1
95986,1,0,1
95987,1,1,0
95988,98,73,25
95989,98,73,25
95990,9,6,3
95991,9,6,3
95992,19,19,0
95993,16,16,0
95994,16,16,0
95995,38,28,10
95997,26,14,12
95998,38,28,10
96000,35,29,6
96001,35,29,6
96002,96,91,5
96003,96,91,5
96004,96,91,5
96005,96,91,5
96006,58,45,13
96007,12,10,2
96008,12,10,2
96009,62,52,10
96010,62,52,10
96011,62,52,10
96012,62,52,10
96013,45,36,9
96014,45,36,9
96015,45,36,9
96016,12,7,5
96017,12,7,5
96018,45,36,9
96019,45,36,9
96020,125,78,47
96021,125,78,47
96024,2,1,1
96025,2,1,1
96026,7,3,4
96027,6,1,5
96028,6,1,5
96029,4,0,4
96030,5,1,4
96033,6,1,5
96034,6,1,5
96036,5,1,4
96037,5,1,4
96038,125,78,47
96039,73,63,10
96040,15,15,0
96041,20,20,0
96042,20,20,0
96043,20,20,0
96044,20,20,0
96045,15,15,0
96046,22,22,0
96047,10,10,0
96048,10,10,0
96049,125,78,47
96050,125,78,47
96051,62,52,10
96052,2,2,0
96053,13,13,0
96054,13,13,0
96055,10,9,1
96056,9,9,0
96057,62,52,10
96058,25,19,6
96059,25,19,6
96060,10,9,1
96061,10,9,1
96062,10,9,1
96063,10,9,1
96064,10,9,1
96065,20,18,2
96066,20,18,2
96067,20,18,2
96068,20,18,2
96069,18,17,1
96070,18,17,1
96071,18,17,1
96072,18,17,1
96073,43,30,13
96074,73,63,10
96075,24,7,17
96076,24,7,17
96077,7,3,4
96078,51,42,9
96079,5,4,1
96080,4,0,4
96081,5,4,1
96082,5,4,1
96083,5,4,1
96084,34,28,6
96085,73,63,10
96086,73,63,10
96087,73,63,10
96088,73,63,10
96089,73,63,10
96090,73,63,10
96091,73,63,10
96092,73,63,10
96093,11,11,0
96094,11,11,0
96100,13,6,7
96101,13,6,7
96102,11,3,8
96103,11,3,8
96104,11,3,8
96105,11,3,8
96106,9,2,7
96109,11,3,8
96110,11,3,8
96111,11,3,8
96112,9,2,7
96113,9,2,7
96114,9,2,7
96115,9,2,7
96116,145,125,20
96117,145,125,20
96118,145,125,20
96121,1,1,0
96122,1,1,0
96125,11,11,0
96135,256,162,94
96136,256,162,94
96137,256,162,94
96139,32,28,4
96140,36,30,6
96141,36,30,6
96142,36,30,6
96148,1,1,0
96149,1,1,0
96151,52,44,8
96152,87,70,17
96153,87,70,17
96154,87,70,17
96156,61,49,12
96157,52,44,8
96158,150,108,42
96159,150,108,42
96166,150,108,42
96167,182,144,38
96168,21,19,2
96169,31,29,2
96170,31,29,2
96171,31,29,2
96172,31,29,2
96173,21,19,2
96174,150,108,42
96175,150,108,42
96176,20,12,8
96177,22,19,3
96178,22,19,3
96179,18,17,1
96180,18,17,1
96181,18,17,1
96182,18,17,1
96183,30,21,9
96184,182,144,38
96185,6,5,1
96186,50,42,8
96189,30,22,8
96190,52,44,8
96191,26,21,5
96192,182,144,38
96193,182,144,38
96194,31,15,16
96195,4,3,1
96196,4,3,1
96197,4,3,1
96200,7,6,1
96201,26,18,8
96202,26,18,8
96203,24,18,6
96204,8,7,1
96205,8,7,1
96206,57,37,20
96207,57,37,20
96208,57,37,20
96209,38,29,9
96210,6,4,2
96211,7,3,4
96212,57,37,20
96213,57,37,20
96214,7,5,2
96215,7,5,2
96216,38,29,9
96223,1,1,0
96225,1,1,0
96228,25,15,10
96229,10,10,0
96230,2,1,1
96234,2,1,1
96235,2,1,1
96236,2,1,1
96237,2,1,1
96238,2,1,1
96239,2,1,1
96240,2,1,1
96241,25,15,10
96242,18,12,6
96243,38,29,9
96244,38,29,9
96245,38,29,9
96246,38,29,9
96247,101,88,13
96251,32,31,1
96252,5,5,0
96253,4,4,0
96254,4,4,0
96255,1,0,1
96258,32,31,1
96261,19,17,2
96262,4,2,2
96269,22,21,1
96271,22,21,1
96272,21,19,2
96276,19,12,7
96277,19,12,7
96278,34,31,3
96279,6,6,0
96280,22,14,8
96281,34,31,3
96285,38,33,5
96288,38,33,5
96297,57,44,13
96298,70,56,14
96299,10,7,3
96300,10,7,3
96303,18,17,1
96304,12,12,0
96305,16,15,1
96306,16,15,1
96307,16,15,1
96308,11,9,2
96309,11,9,2
96310,3,0,3
96311,3,0,3
96312,11,9,2
96313,12,12,0
96315,12,12,0
96316,20,18,2
96317,12,12,0
96318,20,18,2
96319,18,17,1
96320,5,2,3
96321,20,18,2
96325,1,0,1
96327,1,0,1
96331,22,20,2
96332,22,20,2
96333,13,13,0
96334,13,13,0
96335,13,13,0
96336,13,13,0
96337,13,13,0
96338,38,26,12
96339,5,1,4
96340,7,2,5
96341,2,0,2
96342,7,2,5
96351,11,11,0
96352,11,11,0
96353,10,10,0
96354,9,9,0
96362,1,1,0
96363,1,1,0
96364,9,9,0
96365,9,9,0
96366,9,9,0
96367,9,9,0
96368,9,9,0
96369,4,4,0
96375,11,10,1
96376,11,10,1
96377,3,0,3
96378,21,15,6
96379,19,15,4
96380,5,1,4
96381,46,32,14
96382,12,12,0
96409,12,11,1
96410,12,11,1
96417,12,11,1
96418,12,11,1
96419,46,32,14
96420,46,32,14
96421,20,16,4
96422,7,3,4
96423,7,3,4
96424,9,6,3
96425,7,5,2
96426,8,0,8
96427,4,1,3
96428,8,0,8
96429,5,0,5
96430,9,6,3
96431,4,1,3
96432,4,1,3
96433,4,1,3
96434,4,1,3
96435,86,47,39
96436,86,47,39
96439,11,8,3
96440,11,8,3
96441,86,47,39
96445,19,9,10
96446,101,68,33
96447,16,13,3
96448,22,14,8
96449,22,14,8
96450,22,14,8
96451,22,14,8
96452,16,13,3
96453,10,8,2
96454,16,13,3
96455,16,13,3
96456,86,47,39
96457,86,47,39
96458,58,37,21
96459,58,37,21
96460,13,6,7
96461,13,6,7
96462,10,8,2
96463,10,8,2
96464,3,2,1
96465,3,2,1
96466,101,68,33
96471,18,7,11
96472,18,7,11
96473,18,7,11
96474,8,4,4
96476,19,9,10
96477,101,68,33
96478,101,68,33
96479,101,68,33
96480,101,68,33
96481,101,68,33
96482,101,68,33
96483,101,68,33
96484,101,68,33
96485,1,1,0
96486,1,1,0
96499,39,29,10
96500,39,29,10
96503,4,4,0
96504,3,3,0
96505,3,3,0
96506,2,0,2
96507,8,8,0
96508,2,0,2
96510,8,8,0
96511,35,16,19
96512,15,10,5
96514,21,15,6
96515,21,15,6
96516,21,15,6
96517,21,15,6
96518,21,16,5
96519,21,16,5
96520,35,16,19
96521,35,16,19
96522,3,1,2
96523,5,5,0
96524,5,5,0
96525,5,5,0
96526,5,5,0
96527,6,6,0
96528,9,5,4
96529,9,5,4
96530,35,16,19
96531,3,1,2
96532,3,1,2
96533,21,15,6
96534,4,3,1
96535,4,2,2
96538,19,13,6
96541,35,16,19
96542,9,5,4
96543,3,1,2
96544,3,1,2
96545,119,63,56
96546,119,63,56
96547,30,22,8
96548,30,22,8
96549,30,22,8
96550,24,17,7
96551,24,17,7
96552,9,5,4
96553,9,5,4
96554,9,5,4
96555,24,17,7
96556,24,17,7
96557,42,16,26
96558,42,16,26
96559,42,16,26
96560,21,15,6
96561,21,15,6
96562,21,16,5
96563,3,0,3
96564,18,11,7
96565,18,11,7
96566,21,16,5
96567,18,11,7
96568,64,45,19
96569,1,1,0
96571,10,7,3
96572,8,4,4
96573,8,4,4
96574,8,4,4
96575,8,4,4
96576,10,7,3
96577,10,1,9
96578,8,7,1
96581,8,7,1
96582,51,31,20
96583,51,31,20
96584,51,31,20
96585,51,31,20
96586,64,45,19
96587,64,45,19
96588,64,45,19
96589,33,14,19
96590,33,14,19
96591,33,14,19
96592,33,14,19
96598,64,45,19
96599,15,12,3
96600,32,27,5
96601,32,27,5
96602,32,27,5
96603,32,27,5
96604,15,12,3
96605,86,53,33
96606,24,19,5
96607,6,3,3
96608,21,16,5
96609,119,63,56
96610,21,18,3
96611,21,18,3
96612,21,18,3
96614,10,5,5
96615,1,1,0
96616,1,1,0
96617,20,11,9
96618,20,11,9
96619,20,11,9
96620,17,12,5
96621,15,9,6
96622,15,9,6
96623,15,9,6
96624,15,9,6
96625,17,12,5
96626,22,4,18
96627,22,4,18
96628,22,4,18
96629,16,10,6
96638,22,4,18
96639,22,4,18
96640,16,10,6
96641,6,3,3
96642,15,10,5
96643,15,10,5
96644,15,10,5
96645,2,1,1
96646,18,12,6
96647,20,11,9
96648,20,11,9
96649,4,0,4
96650,16,10,6
96651,45,23,22
96652,45,23,22
96653,45,23,22
96654,17,13,4
96655,4,3,1
96656,4,2,2
96659,18,14,4
96660,100,70,30
96661,100,70,30
96663,24,15,9
96664,38,25,13
96665,38,25,13
96666,38,25,13
96667,21,12,9
96668,21,12,9
96669,5,2,3
96670,5,2,3
96671,21,12,9
96672,24,15,9
96673,26,15,11
96674,34,18,16
96675,34,18,16
96676,34,18,16
96677,39,24,15
96678,39,24,15
96679,39,24,15
96680,34,18,16
96681,34,18,16
96683,1,0,1
96684,1,0,1
96686,39,24,15
96687,5,1,4
96688,5,1,4
96689,48,29,19
96690,48,29,19
96691,48,29,19
96692,8,4,4
96693,4,4,0
96694,48,29,19
96695,58,38,20
96696,7,7,0
96697,11,11,0
96698,1,0,1
96699,6,5,1
96700,48,29,19
96701,48,29,19
96702,48,29,19
96703,8,8,0
96704,8,8,0
96705,58,38,20
96706,12,7,5
96727,4,4,0
96730,25,18,7
96731,30,24,6
96732,30,24,6
96733,30,24,6
96734,24,19,5
96735,48,26,22
96736,48,26,22
96737,48,26,22
96738,45,36,9
96739,8,8,0
96740,12,12,0
96741,12,12,0
96742,12,12,0
96743,8,8,0
96744,48,26,22
96745,48,26,22
96746,45,36,9
96747,13,3,10
96748,5,4,1
96749,27,19,8
96750,7,4,3
96751,45,36,9
96752,45,36,9
96753,45,36,9
96754,45,36,9
96755,45,36,9
96756,45,36,9
96757,45,36,9
96758,45,36,9
96759,100,70,30
96760,100,70,30
96761,100,70,30
96762,28,21,7
96763,1,0,1
96764,32,21,11
96765,32,21,11
96766,27,19,8
96767,27,19,8
96768,9,3,6
96769,9,3,6
96770,32,21,11
96771,32,21,11
96772,28,22,6
96775,60,23,37
96776,60,23,37
96777,60,23,37
96778,44,27,17
96779,8,8,0
96780,8,8,0
96781,8,8,0
96782,8,8,0
96783,8,8,0
96784,7,7,0
96785,6,6,0
96786,6,6,0
96787,60,23,37
96788,60,23,37
96789,7,5,2
96790,7,5,2
96791,44,27,17
96792,13,2,11
96793,13,2,11
96795,6,3,3
96797,29,20,9
96798,29,20,9
96799,29,20,9
96800,100,70,30
96804,9,3,6
96805,44,27,17
96806,44,27,17
96807,44,27,17
96808,44,27,17
96809,44,27,17
96810,44,27,17
96811,44,27,17
96812,44,27,17
96813,10,7,3
96814,10,7,3
96815,58,38,20
96821,35,23,12
96822,7,3,4
96823,7,3,4
96824,42,29,13
96825,42,29,13
96826,42,29,13
96827,42,29,13
96828,28,23,5
96829,82,43,39
96830,82,43,39
96832,82,43,39
96833,51,37,14
96834,9,9,0
96835,15,14,1
96836,15,14,1
96837,15,14,1
96838,9,9,0
96839,82,43,39
96840,82,43,39
96842,12,7,5
96843,12,7,5
96844,8,8,0
96845,51,37,14
96846,13,9,4
96847,51,37,14
96848,51,37,14
96849,51,37,14
96850,51,37,14
96851,51,37,14
96852,51,37,14
96853,51,37,14
96854,51,37,14
96855,2,0,2
96858,6,6,0
96859,33,20,13
96860,10,6,4
96866,7,0,7
96875,8,2,6
96876,10,6,4
96877,10,6,4
96878,10,6,4
96879,7,1,6
96880,10,6,4
96881,10,6,4
96883,7,1,6
96885,6,6,0
96886,2,2,0
96895,2,2,0
96896,107,63,44
96897,107,63,44
96901,2,2,0
96902,2,2,0
96903,58,35,23
96904,58,35,23
96907,14,7,7
96909,14,7,7
96914,3,3,0
96917,58,35,23
96918,58,35,23
96921,18,2,16
96922,18,2,16
96923,8,0,8
96924,8,0,8
96925,8,0,8
96926,8,0,8
96927,8,0,8
96928,3,1,2
96929,3,1,2
96939,107,63,44
96940,107,63,44
96942,7,0,7
96944,65,45,20
96945,65,45,20
96950,119,63,56
96958,13,9,4
96959,6,5,1
96960,2,1,1
96961,38,27,11
96962,58,37,21
96963,58,37,21
96964,58,37,21
96965,58,37,21
96966,44,30,14
96967,38,30,8
96968,38,27,11
96969,119,63,56
96970,38,25,13
96972,64,45,19
96973,64,45,19
96974,64,45,19
96975,64,45,19
96976,2,1,1
96977,2,1,1
96978,2,1,1
96981,10,4,6
96982,51,31,20
96983,1,1,0
96984,51,31,20
96985,64,45,19
96986,64,45,19
96987,2,2,0
96988,119,63,56
96989,30,8,22
96990,18,13,5
96991,15,14,1
96992,15,14,1
96993,15,14,1
96994,15,14,1
96995,2,1,1
96996,5,4,1
96997,9,7,2
96998,9,7,2
96999,3,0,3
97000,3,0,3
97001,9,7,2
97002,7,5,2
97003,7,5,2
97004,3,0,3
97005,7,5,2
97006,30,8,22
97009,30,8,22
97010,15,15,0
97020,30,8,22
97021,3,3,0
97022,3,3,0
97023,3,3,0
97024,3,3,0
97025,2,0,2
97026,2,0,2
97027,2,0,2
97028,2,0,2
97029,12,7,5
97030,17,7,10
97031,7,2,5
97032,2,1,1
97067,18,11,7
97069,30,8,22
97070,18,12,6
97072,17,7,10
97073,17,7,10
97074,17,7,10
97075,17,7,10
97078,75,65,10
97079,4,4,0
97080,4,4,0
97082,4,4,0
97083,4,4,0
97084,8,5,3
97085,8,5,3
97086,7,5,2
97087,4,0,4
97088,4,0,4
97094,2,1,1
97095,7,1,6
97100,116,61,55
97101,28,24,4
97103,3,0,3
97104,3,0,3
97105,31,27,4
97106,31,27,4
97107,31,27,4
97108,31,27,4
97109,24,21,3
97110,24,21,3
97111,24,21,3
97112,7,2,5
97113,7,2,5
97114,24,21,3
97115,24,21,3
97116,116,61,55
97117,116,61,55
97118,116,61,55
97119,37,30,7
97120,21,14,7
97121,35,26,9
97122,35,26,9
97123,35,26,9
97124,21,14,7
97125,35,34,1
97126,18,13,5
97127,116,61,55
97128,116,61,55
97129,10,8,2
97130,1,0,1
97131,37,30,7
97132,33,14,19
97133,33,14,19
97136,25,24,1
97137,25,24,1
97138,50,29,21
97139,116,61,55
97140,29,23,6
97141,48,30,18
97142,48,30,18
97143,48,30,18
97144,48,30,18
97145,38,29,9
97146,71,23,48
97147,4,4,0
97148,4,4,0
97149,71,23,48
97150,58,32,26
97151,4,4,0
97152,12,6,6
97153,5,4,1
97154,5,4,1
97155,13,7,6
97156,58,32,26
97157,58,32,26
97158,58,32,26
97159,58,32,26
97160,58,32,26
97161,58,32,26
97162,58,32,26
97163,58,32,26
97164,58,32,26
97165,58,32,26
97166,4,4,0
97167,4,4,0
97168,16,9,7
97169,12,7,5
97170,37,30,7
97171,37,30,7
97172,37,30,7
97173,37,30,7
97174,37,30,7
97175,37,30,7
97176,36,32,4
97177,23,5,18
97178,2,2,0
97179,23,5,18
97180,79,57,22
97183,21,16,5
97184,21,16,5
97185,21,16,5
97186,24,5,19
97187,24,5,19
97188,24,5,19
97189,18,11,7
97192,24,5,19
97193,24,5,19
97194,18,11,7
97195,12,1,11
97196,12,1,11
97198,79,57,22
97200,18,11,7
97201,18,11,7
97202,18,11,7
97203,18,11,7
97204,18,11,7
97205,18,11,7
97206,18,11,7
97207,18,11,7
97208,18,11,7
97209,39,12,27
97210,39,12,27
97211,26,20,6
97212,31,22,9
97213,31,22,9
97214,31,22,9
97215,31,22,9
97216,26,19,7
97217,26,19,7
97218,3,0,3
97219,3,0,3
97220,26,19,7
97221,1,1,0
97222,39,12,27
97225,24,18,6
97226,24,18,6
97227,24,18,6
97228,44,33,11
97229,10,9,1
97230,11,9,2
97231,11,9,2
97232,11,9,2
97233,11,9,2
97234,10,9,1
97235,9,8,1
97236,1,0,1
97237,11,7,4
97238,11,7,4
97239,39,12,27
97240,1,1,0
97241,1,1,0
97244,44,33,11
97245,4,1,3
97246,26,20,6
97247,15,6,9
97248,6,2,4
97249,8,3,5
97250,44,33,11
97251,44,33,11
97252,44,33,11
97253,44,33,11
97254,44,33,11
97255,44,33,11
97256,83,66,17
97257,83,66,17
97258,15,14,1
97259,15,14,1
97260,15,14,1
97261,15,14,1
97262,15,7,8
97263,15,14,1
97267,11,9,2
97268,14,8,6
97269,14,8,6
97270,11,9,2
97271,11,9,2
97272,2,0,2
97273,27,5,22
97274,27,5,22
97275,27,5,22
97276,27,5,22
97277,27,5,22
97278,90,55,35
97279,28,13,15
97280,22,11,11
97281,28,13,15
97282,90,55,35
97283,16,0,16
97284,16,0,16
97285,13,13,0
97287,29,17,12
97288,4,3,1
97289,4,3,1
97290,21,16,5
97291,21,16,5
97292,21,16,5
97293,4,3,1
97294,4,3,1
97296,35,9,26
97297,35,9,26
97298,20,15,5
97299,20,15,5
97300,35,9,26
97301,37,24,13
97302,35,9,26
97303,35,9,26
97304,21,16,5
97306,21,16,5
97307,3,2,1
97308,3,2,1
97309,22,15,7
97310,37,24,13
97311,10,3,7
97312,10,3,7
97317,37,24,13
97318,37,24,13
97319,37,24,13
97320,37,24,13
97321,37,24,13
97322,2,2,0
97326,32,17,15
97334,90,55,35
97335,90,55,35
97336,90,55,35
97337,30,15,15
97344,30,15,15
97345,90,55,35
97346,5,4,1
97351,5,5,0
97355,5,4,1
97356,4,4,0
97357,4,4,0
97358,2,1,1
97359,2,1,1
97360,5,3,2
97366,3,2,1
97367,14,10,4
97368,16,11,5
97369,14,10,4
97370,30,9,21
97371,30,9,21
97372,30,9,21
97373,12,4,8
97374,30,9,21
97375,1,0,1
97376,1,0,1
97377,17,11,6
97380,12,4,8
97381,12,4,8
97382,12,4,8
97383,12,4,8
97384,12,4,8
97385,12,4,8
97386,12,4,8
97387,31,25,6
97388,3,0,3
97389,3,0,3
97407,1,1,0
97408,1,1,0
97413,1,1,0
97414,1,1,0
97425,90,55,35
97426,14,7,7
97445,14,7,7
97447,9,7,2
97448,9,7,2
97449,8,8,0
97450,15,12,3
97451,15,12,3
97452,8,3,5
97453,8,3,5
97454,15,12,3
97455,64,47,17
97456,64,47,17
97458,102,89,13
97459,64,47,17
97460,64,47,17
97463,6,4,2
97465,6,4,2
97467,2,2,0
97468,2,2,0
97469,2,2,0
97470,2,2,0
97471,3,0,3
97472,19,19,0
97473,19,19,0
97476,102,89,13
97477,102,89,13
97478,102,89,13
97479,102,89,13
97480,102,89,13
97481,102,89,13
97482,102,89,13
97483,102,89,13
97491,4,4,0
97492,41,41,0
97493,41,41,0
97494,12,11,1
97495,1,1,0
97500,112,78,34
97502,27,19,8
97503,27,19,8
97504,24,16,8
97505,24,16,8
97506,7,4,3
97507,7,4,3
97508,24,16,8
97529,41,18,23
97530,41,18,23
97531,43,34,9
97533,41,18,23
97534,27,19,8
97535,27,19,8
97536,26,21,5
97537,43,34,9
97538,43,34,9
97539,43,18,25
97541,30,21,9
97542,30,21,9
97543,30,21,9
97544,25,17,8
97545,25,17,8
97546,43,18,25
97547,45,36,9
97548,23,16,7
97549,43,18,25
97550,19,11,8
97551,19,11,8
97552,19,11,8
97553,19,11,8
97554,45,36,9
97555,45,36,9
97556,8,4,4
97557,7,4,3
97558,56,34,22
97559,56,34,22
97561,56,34,22
97562,56,34,22
97563,56,34,22
97566,30,21,9
97567,2,1,1
97568,2,1,1
97569,27,18,9
97570,27,18,9
97571,27,18,9
97572,27,18,9
97573,28,23,5
97574,49,9,40
97575,49,9,40
97576,26,21,5
97578,49,9,40
97579,3,3,0
97580,34,14,20
97589,3,3,0
97590,49,9,40
97591,49,9,40
97592,3,3,0
97593,3,3,0
97594,3,3,0
97595,3,3,0
97599,34,14,20
97600,16,0,16
97601,9,8,1
97602,9,8,1
97603,9,0,9
97604,1,0,1
97605,1,0,1
97606,11,8,3
97610,5,3,2
97611,5,3,2
97612,5,3,2
97613,5,3,2
97614,5,3,2
97615,5,3,2
97616,28,23,5
97617,56,34,22
97619,25,18,7
97620,25,18,7
97621,25,18,7
97622,15,9,6
97623,15,9,6
97624,25,18,7
97625,3,2,1
97626,12,8,4
97627,34,14,20
97628,34,14,20
97629,34,14,20
97630,34,14,20
97631,34,14,20
97632,34,14,20
97633,34,14,20
97634,34,14,20
97635,10,5,5
97644,10,5,5
97645,69,44,25
97647,13,7,6
97648,6,4,2
97649,6,4,2
97650,6,4,2
97651,6,4,2
97652,11,0,11
97653,8,6,2
97654,11,0,11
97656,8,6,2
97657,13,7,6
97658,58,34,24
97659,69,44,25
97660,7,1,6
97661,7,1,6
97662,10,8,2
97663,6,4,2
97664,8,6,2
97665,58,34,24
97666,58,34,24
97667,112,78,34
97670,10,8,2
97671,10,8,2
97672,31,22,9
97673,31,22,9
97677,42,21,21
97678,42,21,21
97679,42,21,21
97680,47,26,21
97681,42,21,21
97682,4,2,2
97683,4,2,2
97684,17,11,6
97685,24,19,5
97699,24,19,5
97700,24,19,5
97702,47,26,21
97703,47,26,21
97704,47,26,21
97705,47,26,21
97716,23,16,7
97717,1,0,1
97718,1,0,1
97719,20,15,5
97720,20,15,5
97721,20,1,19
97722,20,1,19
97723,20,1,19
97724,15,7,8
97725,20,1,19
97726,20,1,19
97727,15,7,8
97732,20,15,5
97733,20,15,5
97734,22,15,7
97737,22,15,7
97738,15,7,8
97739,15,7,8
97740,15,7,8
97741,15,7,8
97742,15,7,8
97743,15,7,8
97744,15,7,8
97745,15,7,8
97746,112,78,34
97747,12,11,1
97748,12,11,1
97749,8,3,5
97750,8,3,5
97751,8,3,5
97752,8,3,5
97753,24,20,4
97754,24,20,4
97755,24,20,4
97756,8,3,5
97757,8,3,5
97758,8,3,5
97759,8,3,5
97760,8,3,5
97761,30,26,4
97762,10,7,3
97763,10,7,3
97764,30,26,4
97782,30,26,4
97783,2,2,0
97784,4,1,3
97785,88,88,0
97787,54,30,24
97788,54,30,24
97789,54,30,24
97790,40,9,31
97791,40,9,31
97795,28,9,19
97796,40,9,31
97799,11,2,9
97800,11,2,9
97801,11,2,9
97802,11,2,9
97808,28,9,19
97809,28,9,19
97810,28,9,19
97811,28,9,19
97812,28,9,19
97813,28,9,19
97814,28,9,19
97815,28,9,19
97816,54,30,24
97817,54,30,24
97818,54,30,24
97819,54,30,24
97820,3,2,1
97821,4,2,2
97826,4,2,2
97827,31,18,13
97828,4,1,3
97829,54,30,24
97830,54,30,24
97831,54,30,24
97832,3,3,0
97835,26,18,8
97836,26,18,8
97837,26,18,8
97838,26,21,5
97839,40,9,31
97840,2,1,1
97841,2,1,1
97844,17,13,4
97845,17,13,4
97854,17,13,4
97855,17,13,4
97856,4,2,2
97857,54,30,24
97871,4,0,4
97873,6,1,5
97874,6,1,5
97877,6,1,5
97878,6,1,5
97886,14,8,6
97887,14,8,6
97888,2,0,2
97889,5,4,1
97894,2,2,0
97895,8,8,0
97896,6,6,0
97897,6,6,0
97899,6,6,0
97900,27,17,10
97901,27,17,10
97902,9,5,4
97904,27,17,10
97909,8,5,3
97912,9,5,4
97913,9,5,4
97914,9,5,4
97915,9,5,4
97916,45,36,9
97917,3,3,0
97920,6,2,4
97921,6,2,4
97922,4,2,2
97923,4,2,2
97924,4,2,2
97925,4,2,2
97926,2,2,0
97927,45,36,9
97935,54,30,24
97992,20,8,12
97993,20,8,12
97997,4,4,0
97998,4,4,0
98037,15,8,7
98038,15,8,7
98039,3,0,3
98040,15,8,7
98042,3,0,3
98043,3,0,3
98044,3,0,3
98045,3,0,3
98046,3,0,3
98047,59,46,13
98048,13,10,3
98049,13,10,3
98050,60,56,4
98051,60,56,4
98052,40,29,11
98053,40,29,11
98054,2,2,0
98055,2,2,0
98056,2,2,0
98057,2,2,0
98058,2,2,0
98059,2,2,0
98060,30,26,4
98061,6,6,0
98062,60,56,4
98063,60,56,4
98064,24,14,10
98065,24,14,10
98066,33,14,19
98067,33,14,19
98068,75,66,9
98069,75,66,9
98070,75,66,9
98071,75,66,9
98072,75,66,9
98073,75,66,9
98075,3,3,0
98076,30,24,6
98077,30,24,6
98078,30,24,6
98079,30,24,6
98080,26,21,5
98081,46,26,20
98082,46,26,20
98083,46,26,20
98084,41,32,9
98085,3,3,0
98086,1,1,0
98087,1,1,0
98088,46,26,20
98089,46,26,20
98090,10,6,4
98091,2,2,0
98092,8,7,1
98094,8,7,1
98095,22,15,7
98096,41,32,9
98098,15,8,7
98099,15,8,7
98100,15,8,7
98101,15,8,7
98102,7,4,3
98103,7,7,0
98104,7,7,0
98106,27,21,6
98107,8,8,0
98108,7,7,0
98109,7,7,0
98110,9,9,0
98111,2,2,0
98112,2,2,0
98113,7,6,1
98114,7,2,5
98115,7,6,1
98116,7,6,1
98117,7,6,1
98118,7,6,1
98119,27,21,6
98120,27,21,6
98121,41,32,9
98122,41,32,9
98123,41,32,9
98128,41,32,9
98129,41,32,9
98136,15,14,1
98137,76,57,19
98138,76,57,19
98139,21,18,3
98140,21,18,3
98141,21,18,3
98142,89,83,6
98143,76,57,19
98144,15,15,0
98147,10,10,0
98148,10,10,0
98149,6,4,2
98154,6,4,2
98178,89,83,6
98179,89,83,6
98180,89,83,6
98181,89,83,6
98182,159,130,29
98183,30,24,6
98184,30,24,6
98185,29,26,3
98186,47,33,14
98187,47,33,14
98188,47,33,14
98189,11,10,1
98190,6,6,0
98191,6,6,0
98192,6,6,0
98193,6,6,0
98194,71,60,11
98195,5,4,1
98198,12,11,1
98199,19,16,3
98200,19,16,3
98201,19,16,3
98202,12,11,1
98203,25,15,10
98204,8,7,1
98205,159,130,29
98206,38,35,3
98207,38,35,3
98208,38,35,3
98220,17,11,6
98221,17,11,6
98222,43,39,4
98223,43,39,4
98224,4,4,0
98225,4,4,0
98226,8,8,0
98227,52,39,13
98228,159,130,29
98233,8,7,1
98234,8,7,1
98235,76,59,17
98236,76,59,17
98237,78,74,4
98238,76,59,17
98239,33,30,3
98240,33,30,3
98241,4,3,1
98242,4,3,1
98254,2,0,2
98257,2,2,0
98258,22,19,3
98259,22,19,3
98260,26,23,3
98261,1,1,0
98262,1,1,0
98263,26,23,3
98264,159,130,29
98266,78,74,4
98267,78,74,4
98268,7,7,0
98269,51,46,5
98270,31,27,4
98271,107,89,18
98272,59,56,3
98273,59,56,3
98276,3,3,0
98277,59,56,3
98279,59,56,3
98280,8,8,0
98283,3,3,0
98284,3,3,0
98285,3,3,0
98310,39,35,4
98311,93,87,6
98312,4,4,0
98313,127,102,25
98315,2,0,2
98316,2,0,2
98318,5,3,2
98319,5,3,2
98320,26,15,11
98321,25,23,2
98322,1,1,0
98323,1,1,0
98324,26,15,11
98325,5,5,0
98326,5,5,0
98327,4,4,0
98328,4,4,0
98331,2,2,0
98334,127,102,25
98335,127,102,25
98336,127,102,25
98337,7,6,1
98338,7,6,1
98339,6,2,4
98340,4,4,0
98341,4,4,0
98350,4,4,0
98351,4,4,0
98356,23,14,9
98358,127,102,25
98360,42,24,18
98362,5,2,3
98363,5,2,3
98364,13,10,3
98365,11,10,1
98366,52,31,21
98367,52,31,21
98368,6,4,2
98369,6,4,2
98370,52,31,21
98371,52,31,21
98372,12,8,4
98373,10,3,7
98374,44,30,14
98375,44,30,14
98376,44,30,14
98377,12,5,7
98378,44,30,14
98379,44,30,14
98380,8,6,2
98385,76,34,42
98386,76,34,42
98448,4,4,0
98454,76,34,42
98455,22,11,11
98456,13,11,2
98457,15,10,5
98458,23,9,14
98459,23,9,14
98460,23,9,14
98461,23,9,14
98462,15,10,5
98463,12,9,3
98464,13,11,2
98465,3,0,3
98466,13,9,4
98467,13,9,4
98468,76,34,42
98469,76,34,42
98471,3,3,0
98472,3,3,0
98473,3,3,0
98474,3,3,0
98479,69,31,38
98481,21,9,12
98482,21,9,12
98483,21,9,12
98484,5,4,1
98485,5,4,1
98486,6,6,0
98487,11,6,5
98488,4,2,2
98489,3,3,0
98490,3,3,0
98491,7,4,3
98492,7,4,3
98494,34,28,6
98495,35,27,8
98496,8,8,0
98505,34,28,6
98506,10,4,6
98507,9,0,9
98508,9,0,9
98512,9,0,9
98513,9,0,9
98520,127,102,25
98521,7,5,2
98522,7,5,2
98529,3,3,0
98530,3,3,0
98531,35,30,5
98532,7,5,2
98533,42,24,18
98534,22,11,11
98535,69,31,38
98536,69,31,38
98537,69,31,38
98538,69,31,38
98539,69,31,38
98540,69,31,38
98541,69,31,38
98542,69,31,38
98543,69,31,38
98544,41,26,15
98547,56,34,22
98548,56,34,22
98549,56,34,22
98550,56,34,22
98551,48,32,16
98552,41,26,15
98553,70,30,40
98554,70,30,40
98557,70,30,40
98558,121,73,48
98559,16,11,5
98560,29,15,14
98561,29,15,14
98562,29,15,14
98563,29,15,14
98564,16,11,5
98565,14,9,5
98566,3,1,2
98567,7,2,5
98568,17,10,7
98569,17,10,7
98570,70,30,40
98571,70,30,40
98572,10,10,0
98573,10,10,0
98574,10,10,0
98575,10,10,0
98576,4,4,0
98577,4,4,0
98578,121,73,48
98579,29,13,16
98580,8,5,3
98611,37,26,11
98625,6,2,4
98626,6,2,4
98628,6,2,4
98629,6,2,4
98630,2,0,2
98631,2,0,2
98632,2,0,2
98669,41,17,24
98670,4,4,0
98676,4,4,0
98695,31,22,9
98696,3,1,2
98697,32,24,8
98698,32,24,8
98699,32,24,8
98700,32,24,8
98701,6,5,1
98702,6,5,1
98703,6,5,1
98704,32,26,6
98705,33,24,9
98707,2,0,2
98711,41,17,24
98712,41,17,24
98714,41,17,24
98715,37,26,11
98716,37,26,11
98717,37,26,11
98718,6,6,0
98719,8,8,0
98720,8,8,0
98721,6,6,0
98722,6,6,0
98723,9,4,5
98724,9,4,5
98725,41,17,24
98726,41,17,24
98728,37,26,11
98731,10,9,1
98732,10,9,1
98733,4,4,0
98734,4,4,0
98735,4,4,0
98736,4,4,0
98737,15,3,12
98738,15,3,12
98739,15,3,12
98740,15,3,12
98741,2,2,0
98753,2,2,0
98754,5,2,3
98764,10,7,3
98765,10,7,3
98766,10,7,3
98767,14,9,5
98768,14,9,5
98769,3,0,3
98770,3,0,3
98771,14,9,5
98772,11,8,3
98774,11,8,3
98775,19,9,10
98776,19,9,10
98777,11,8,3
98779,19,9,10
98780,11,8,3
98781,2,0,2
98782,11,7,4
98783,11,7,4
98784,37,26,11
98785,37,26,11
98786,37,26,11
98787,37,26,11
98788,37,26,11
98789,37,26,11
98799,37,26,11
98800,37,26,11
98801,5,1,4
98802,41,26,15
98803,22,15,7
98804,121,73,48
98805,121,73,48
98806,121,73,48
98807,121,73,48
98808,121,73,48
98809,121,73,48
98811,121,73,48
98812,121,73,48
98813,168,126,42
98821,10,10,0
98822,10,10,0
98823,19,12,7
98824,5,3,2
98825,5,3,2
98826,5,3,2
98827,5,3,2
98828,19,12,7
98831,20,20,0
98832,8,4,4
98833,8,4,4
98834,17,12,5
98835,17,12,5
98836,17,12,5
98837,11,7,4
98839,17,12,5
98840,11,7,4
98842,11,7,4
98843,115,94,21
98844,28,26,2
98845,28,26,2
98846,12,12,0
98847,12,12,0
98850,8,6,2
98851,8,6,2
98852,5,3,2
98866,50,25,25
98867,5,4,1
98868,5,4,1
98869,2,2,0
98870,2,2,0
98871,115,94,21
98872,4,4,0
98873,4,4,0
98874,23,19,4
98875,23,19,4
98877,23,17,6
98878,6,4,2
98879,12,11,1
98880,12,11,1
98881,23,17,6
98882,23,22,1
98883,23,22,1
98884,2,2,0
98885,2,2,0
98886,4,1,3
98889,28,26,2
98891,168,126,42
98894,158,136,22
98895,158,136,22
98896,181,146,35
98897,7,5,2
98898,112,78,34
98901,100,68,32
98902,100,68,32
98903,5,3,2
98904,100,68,32
98905,72,59,13
98906,72,59,13
98907,18,10,8
98908,18,10,8
98911,31,23,8
98912,2,1,1
98913,38,29,9
98914,38,29,9
98915,17,13,4
98916,25,9,16
98917,25,9,16
98918,25,9,16
98919,12,7,5
98920,25,9,16
98921,2,0,2
98922,2,1,1
98923,2,1,1
98924,2,1,1
98925,20,13,7
98926,3,3,0
98927,3,3,0
98929,3,2,1
98936,12,7,5
98937,12,7,5
98938,12,7,5
98939,12,7,5
98940,12,7,5
98941,12,7,5
98942,12,7,5
98943,12,7,5
98944,52,37,15
98945,52,37,15
98946,19,13,6
98947,36,29,7
98948,36,29,7
98949,23,12,11
98950,23,12,11
98951,4,2,2
98952,4,2,2
98953,52,37,15
98954,2,0,2
98955,2,0,2
98956,52,37,15
98957,41,35,6
98958,8,8,0
98959,8,8,0
98960,52,37,15
98963,4,3,1
98964,27,20,7
98965,5,3,2
98966,41,35,6
98969,52,37,15
98970,181,146,35
98971,9,2,7
98972,86,70,16
98975,86,70,16
98976,7,3,4
98977,7,3,4
98978,7,3,4
98979,14,6,8
98980,14,6,8
98981,11,7,4
98982,11,7,4
98983,34,32,2
98984,99,87,12
98993,28,14,14
98994,12,4,8
98995,12,4,8
98996,28,14,14
98997,5,3,2
98998,5,3,2
98999,2,0,2
99000,2,0,2
99001,2,0,2
99002,2,0,2
99003,107,89,18
99004,107,89,18
99005,67,54,13
99006,67,54,13
99007,17,14,3
99008,17,14,3
99009,5,1,4
99010,5,1,4
99011,57,45,12
99012,57,45,12
99015,39,32,7
99016,39,32,7
99019,19,15,4
99020,19,15,4
99021,181,146,35
99022,7,7,0
99023,7,7,0
99030,68,54,14
99031,12,11,1
99032,5,5,0
99033,21,20,1
99035,3,3,0
99036,3,3,0
99037,5,5,0
99040,5,5,0
99041,21,20,1
99043,65,64,1
99044,65,64,1
99045,142,111,31
99046,142,111,31
99047,17,13,4
99048,1,1,0
99049,1,1,0
99050,5,5,0
99051,5,5,0
99052,17,13,4
99055,17,13,4
99056,6,2,4
99057,13,11,2
99058,12,9,3
99059,12,9,3
99060,12,9,3
99061,13,11,2
99062,13,0,13
99063,13,0,13
99064,8,6,2
99071,1,1,0
99072,8,6,2
99073,13,11,2
99074,4,1,3
99075,8,6,2
99076,8,6,2
99077,8,6,2
99078,8,6,2
99079,4,2,2
99080,4,3,1
99081,4,3,1
99082,5,0,5
99083,1,0,1
99085,5,3,2
99086,7,4,3
99087,4,3,1
99088,25,7,18
99089,4,2,2
99090,4,2,2
99091,2,2,0
99092,2,2,0
99100,6,5,1
99101,6,5,1
99104,8,2,6
99105,8,2,6
99106,8,2,6
99107,8,2,6
99108,12,3,9
99109,12,3,9
99110,12,3,9
99111,12,3,9
99112,6,6,0
99113,6,6,0
99114,6,6,0
99115,55,46,9
99116,89,79,10
99117,89,79,10
99118,89,79,10
99119,89,79,10
99120,55,46,9
99121,107,93,14
99122,66,49,17
99123,66,49,17
99124,66,49,17
99125,66,49,17
99126,66,49,17
99127,66,49,17
99128,66,49,17
99129,27,23,4
99130,15,13,2
99131,38,19,19
99132,15,11,4
99133,27,21,6
99134,27,21,6
99135,15,11,4
99136,38,19,19
99137,17,13,4
99138,3,2,1
99139,16,12,4
99140,16,12,4
99141,66,49,17
99142,66,49,17
99143,66,49,17
99144,14,12,2
99145,14,12,2
99146,14,12,2
99147,16,9,7
99148,16,9,7
99149,5,2,3
99150,5,2,3
99151,16,9,7
99152,31,10,21
99154,31,10,21
99156,12,10,2
99158,15,13,2
99159,66,49,17
99162,49,44,5
99163,49,44,5
99202,14,14,0
99205,6,5,1
99206,6,5,1
99207,6,5,1
99208,17,2,15
99209,6,5,1
99210,8,7,1
99211,8,7,1
99212,8,7,1
99213,6,5,1
99214,6,5,1
99215,6,5,1
99216,6,5,1
99217,6,5,1
99218,7,7,0
99219,7,7,0
99220,4,4,0
99224,5,5,0
99230,47,38,9
99231,47,38,9
99232,72,59,13
99233,72,59,13
99234,72,59,13
99235,72,59,13
99236,56,45,11
99237,47,38,9
99238,100,68,32
99239,100,68,32
99244,100,68,32
99245,86,75,11
99246,16,16,0
99247,22,22,0
99248,22,22,0
99249,22,22,0
99250,22,22,0
99251,16,16,0
99252,12,11,1
99253,4,3,1
99254,5,3,2
99255,17,16,1
99256,17,16,1
99257,100,68,32
99258,100,68,32
99259,18,10,8
99260,18,10,8
99261,14,14,0
99262,14,14,0
99263,86,75,11
99264,33,19,14
99265,33,19,14
99266,12,11,1
99267,12,11,1
99268,42,34,8
99269,9,9,0
99271,42,34,8
99272,18,17,1
99273,7,7,0
99275,7,7,0
99276,4,1,3
99277,4,1,3
99281,6,6,0
99282,53,44,9
99283,6,2,4
99284,47,38,9
99285,21,13,8
99286,86,75,11
99287,86,75,11
99288,86,75,11
99289,86,75,11
99290,86,75,11
99291,86,75,11
99292,86,75,11
99293,86,75,11
99294,86,75,11
99295,86,75,11
99297,12,11,1
99298,6,6,0
99299,6,1,5
99301,29,21,8
99304,29,21,8
99305,31,27,4
99306,31,27,4
99307,31,27,4
99308,16,15,1
99309,52,41,11
99310,9,6,3
99311,5,4,1
99312,3,2,1
99313,3,2,1
99314,3,2,1
99315,15,13,2
99316,181,146,35
99318,13,8,5
99319,13,8,5
99320,18,9,9
99321,18,9,9
99337,43,18,25
99338,43,18,25
99339,43,18,25
99340,29,22,7
99341,45,36,9
99343,1,1,0
99344,1,1,0
99351,57,35,22
99352,57,35,22
99354,17,7,10
99355,17,7,10
99362,5,3,2
99426,13,7,6
99427,13,7,6
99428,13,7,6
99429,11,6,5
99430,11,6,5
99431,3,0,3
99432,3,0,3
99433,11,6,5
99434,80,58,22
99435,14,7,7
99436,17,5,12
99437,17,5,12
99438,17,5,12
99439,17,5,12
99440,14,7,7
99441,13,0,13
99442,12,8,4
99443,3,1,2
99444,2,1,1
99445,14,7,7
99446,14,7,7
99447,80,58,22
99451,21,16,5
99452,13,5,8
99453,4,1,3
99454,81,50,31
99455,81,50,31
99456,81,50,31
99457,16,12,4
99468,3,3,0
99469,2,1,1
99490,19,15,4
99492,26,20,6
99493,6,4,2
99494,42,25,17
99495,42,25,17
99496,42,25,17
99497,42,25,17
99498,31,21,10
99499,31,21,10
99500,6,1,5
99501,6,1,5
99502,31,21,10
99503,71,36,35
99504,71,36,35
99513,4,1,3
99514,4,1,3
99515,29,22,7
99516,27,10,17
99517,29,22,7
99518,17,16,1
99519,17,16,1
99520,17,16,1
99521,16,15,1
99522,31,9,22
99523,26,25,1
99524,9,6,3
99525,9,6,3
99526,9,6,3
99527,9,6,3
99528,9,6,3
99530,1,0,1
99531,1,0,1
99532,2,1,1
99533,11,1,10
99534,1,0,1
99535,9,6,3
99536,9,6,3
99537,9,6,3
99538,17,15,2
99539,12,1,11
99540,9,6,3
99541,56,34,22
99542,12,10,2
99543,12,11,1
99544,12,11,1
99545,12,11,1
99546,8,8,0
99547,71,36,35
99548,71,36,35
99549,11,11,0
99550,43,36,7
99551,8,6,2
99552,8,6,2
99553,8,6,2
99554,7,4,3
99556,7,4,3
99557,7,4,3
99560,24,16,8
99561,5,3,2
99562,5,1,4
99563,3,1,2
99564,5,1,4
99575,3,1,2
99576,3,1,2
99577,26,20,6
99578,10,4,6
99579,56,34,22
99580,56,34,22
99581,56,34,22
99582,56,34,22
99583,56,34,22
99584,56,34,22
99585,56,34,22
99586,56,34,22
99587,56,34,22
99588,56,34,22
99594,36,12,24
99595,2,0,2
99596,36,12,24
99608,6,0,6
99609,9,6,3
99610,9,6,3
99611,45,36,9
99612,45,36,9
99613,35,32,3
99614,51,45,6
99615,51,45,6
99616,51,45,6
99617,51,45,6
99618,40,39,1
99619,40,39,1
99620,40,39,1
99624,5,3,2
99625,128,56,72
99627,128,56,72
99628,93,84,9
99629,26,19,7
99630,36,24,12
99631,36,24,12
99632,36,24,12
99633,36,24,12
99634,26,19,7
99635,46,42,4
99636,24,17,7
99637,24,17,7
99638,128,56,72
99639,16,12,4
99640,16,12,4
99641,16,12,4
99642,16,12,4
99643,4,0,4
99644,4,0,4
99645,93,84,9
99646,37,32,5
99647,36,23,13
99648,12,7,5
99649,12,7,5
99650,12,7,5
99651,12,7,5
99652,55,38,17
99653,4,2,2
99654,4,2,2
99655,32,21,11
99656,36,23,13
99657,4,2,2
99658,4,2,2
99660,2,2,0
99661,69,32,37
99662,69,32,37
99663,69,32,37
99665,1,0,1
99666,69,32,37
99667,98,55,43
99668,7,5,2
99670,69,32,37
99671,69,32,37
99675,21,17,4
99676,21,17,4
99677,5,0,5
99678,5,0,5
99690,23,15,8
99697,98,55,43
99698,98,55,43
99699,98,55,43
99700,98,55,43
99701,98,55,43
99702,98,55,43
99703,98,55,43
99704,81,60,21
99705,19,10,9
99709,19,10,9
99712,2,1,1
99713,2,1,1
99735,8,8,0
99736,37,32,5
99737,37,32,5
99738,37,32,5
99743,53,24,29
99744,128,56,72
99745,128,56,72
99746,38,28,10
99747,53,44,9
99748,53,44,9
99749,53,41,12
99750,75,40,35
99751,75,40,35
99752,75,40,35
99753,75,40,35
99754,75,40,35
99755,95,83,12
99756,75,40,35
99757,75,40,35
99758,75,40,35
99759,75,40,35
99760,10,10,0
99761,10,10,0
99762,95,83,12
99765,30,14,16
99766,30,14,16
99767,39,30,9
99776,39,30,9
99777,39,30,9
99779,61,43,18
99780,61,43,18
99781,9,5,4
99782,1,1,0
99784,95,83,12
99785,95,83,12
99786,95,83,12
99787,95,83,12
99788,95,83,12
99789,128,56,72
99790,34,29,5
99791,45,36,9
99792,45,36,9
99793,45,36,9
99794,45,36,9
99795,32,28,4
99796,4,2,2
99808,5,2,3
99809,5,2,3
99810,62,30,32
99811,62,30,32
99812,63,54,9
99813,8,8,0
99814,11,10,1
99815,11,10,1
99816,11,10,1
99817,11,10,1
99818,8,8,0
99819,1,1,0
99820,62,30,32
99821,63,54,9
99822,21,3,18
99843,8,3,5
99844,34,30,4
99845,34,29,5
99846,20,10,10
99847,63,54,9
99848,63,54,9
99849,63,54,9
99850,63,54,9
99851,63,54,9
99852,63,54,9
99853,63,54,9
99855,63,54,9
99856,63,54,9
99857,63,54,9
99858,128,56,72
99860,3,1,2
99861,35,32,3
99862,19,14,5
99863,19,14,5
99864,19,14,5
99865,93,84,9
99866,93,84,9
99867,93,84,9
99868,93,84,9
99869,70,48,22
99877,4,2,2
99878,2,0,2
99879,2,0,2
99880,4,2,2
99881,3,1,2
99883,13,11,2
99884,13,11,2
99885,4,4,0
99896,31,22,9
99913,3,3,0
99914,3,3,0
99916,3,3,0
99917,3,3,0
99920,36,25,11
99921,36,25,11
99923,36,25,11
99924,36,25,11
99973,31,22,9
100016,6,2,4
100017,6,2,4
100018,20,16,4
100137,10,10,0
100138,16,9,7
100139,16,8,8
100140,16,8,8
100141,16,9,7
100149,12,2,10
100150,12,2,10
100151,12,2,10
100152,12,2,10
100153,11,4,7
100155,12,2,10
100156,12,2,10
100157,12,2,10
100158,11,4,7
100159,2,0,2
100160,11,4,7
100161,11,4,7
100162,11,4,7
100163,11,4,7
100164,9,6,3
100165,8,5,3
100166,8,5,3
100167,9,6,3
100168,13,6,7
100169,13,6,7
100170,13,6,7
100171,10,10,0
100175,5,3,2
100176,2,1,1
100187,2,1,1
100188,2,1,1
100189,12,6,6
100192,10,6,4
100193,10,6,4
100194,16,3,13
100195,17,12,5
100196,1,0,1
100197,18,13,5
100198,18,13,5
100199,16,12,4
100200,16,3,13
100201,16,3,13
100202,13,9,4
100203,3,3,0
100205,16,3,13
100206,4,2,2
100207,13,9,4
100208,13,9,4
100209,13,9,4
100210,13,9,4
100211,13,9,4
100212,13,9,4
100213,18,11,7
100214,16,12,4
100218,15,11,4
100219,15,11,4
100220,15,11,4
100221,15,11,4
100222,15,12,3
100223,15,12,3
100224,21,6,15
100225,21,6,15
100226,21,17,4
100239,21,6,15
100240,2,2,0
100241,2,2,0
100243,21,17,4
100244,5,1,4
100245,2,1,1
100246,16,12,4
100247,18,11,7
100248,2,0,2
100249,16,12,4
100250,7,3,4
100251,21,17,4
100252,21,17,4
100253,10,8,2
100254,10,8,2
100255,10,8,2
100256,5,0,5
100257,5,0,5
100260,10,8,2
100261,10,8,2
100263,10,10,0
100264,18,16,2
100265,2,1,1
100266,2,1,1
100269,8,8,0
100270,8,8,0
100271,11,11,0
100272,13,13,0
100273,13,13,0
100274,11,11,0
100276,20,20,0
100278,20,20,0
100279,1,1,0
100280,11,11,0
100281,20,20,0
100282,20,20,0
100283,20,20,0
100284,20,20,0
100371,37,26,11
100372,37,26,11
100382,14,11,3
100394,14,11,3
100395,7,5,2
100396,7,5,2
100401,7,5,2
100409,9,9,0
100410,9,9,0
100432,9,7,2
100465,9,7,2
100505,11,9,2
100506,11,9,2
100507,36,25,11
100508,36,25,11
100509,11,4,7
100510,11,4,7
100511,11,4,7
100512,9,6,3
100513,21,10,11
100514,21,10,11
100515,21,10,11
100516,3,2,1
100517,3,2,1
100518,3,2,1
100519,3,2,1
100523,10,6,4
100524,1,0,1
100525,10,6,4
100526,6,5,1
100527,7,3,4
100528,7,3,4
100529,7,3,4
100530,7,3,4
100531,6,5,1
100532,21,6,15
100534,8,6,2
100535,18,18,0
100536,12,7,5
100537,24,16,8
100538,24,16,8
100539,24,16,8
100542,7,2,5
100543,7,2,5
100544,7,2,5
100545,7,2,5
100546,7,2,5
100547,7,2,5
100548,24,16,8
100549,29,27,2
100552,29,27,2
100553,4,4,0
100554,4,4,0
100565,65,46,19
100566,17,11,6
100568,17,11,6
100569,1,0,1
100570,7,6,1
100572,4,2,2
100573,65,46,19
100574,11,11,0
100575,11,11,0
100576,11,11,0
100577,11,11,0
100578,11,11,0
100579,11,11,0
100589,11,11,0
100590,11,11,0
100591,11,11,0
100592,15,9,6
100593,15,9,6
100603,15,9,6
100606,12,7,5
100607,24,16,8
100609,2,2,0
100610,27,19,8
100614,27,19,8
100615,22,0,22
100616,22,0,22
100617,13,9,4
100628,22,0,22
100629,13,9,4
100632,11,1,10
100633,3,2,1
100634,4,0,4
100635,13,9,4
100636,13,9,4
100637,13,9,4
100638,13,9,4
100639,13,9,4
100640,13,9,4
100641,13,9,4
100642,13,9,4
100643,19,16,3
100645,19,15,4
100646,19,15,4
100647,19,15,4
100648,19,15,4
100649,21,18,3
100650,19,16,3
100651,22,18,4
100652,19,16,3
100671,13,2,11
100672,11,9,2
100673,12,9,3
100674,12,9,3
100675,12,10,2
100676,13,2,11
100677,7,5,2
100681,7,5,2
100682,11,9,2
100683,2,0,2
100684,7,5,2
100685,7,5,2
100686,7,5,2
100687,7,5,2
100688,9,9,0
100691,9,9,0
100695,14,14,0
100696,14,14,0
100698,1,1,0
100699,1,1,0
100734,12,8,4
100735,20,16,4
100736,18,14,4
100737,18,14,4
100738,18,14,4
100739,18,14,4
100740,20,17,3
100741,19,0,19
100742,19,0,19
100743,23,19,4
100755,19,0,19
100756,23,19,4
100757,11,1,10
100758,2,1,1
100761,21,17,4
100762,2,0,2
100763,20,16,4
100764,4,0,4
100765,23,19,4
100766,23,19,4
100767,23,19,4
100768,23,19,4
100769,23,19,4
100770,23,19,4
100771,23,19,4
100772,23,19,4
100811,7,7,0
100817,70,48,22
100842,31,17,14
100942,39,33,6
100956,39,33,6
100995,5,3,2
100996,5,3,2
101011,15,15,0
101014,15,15,0
101030,4,2,2
101035,4,2,2
101036,4,2,2
101081,29,21,8
101082,29,21,8
101084,52,34,18
101085,52,34,18
101086,4,0,4
101087,4,0,4
101090,23,19,4
101091,23,19,4
101092,23,19,4
101093,29,21,8
101095,36,21,15
101096,36,21,15
101097,36,21,15
101098,36,21,15
101099,26,18,8
101100,36,11,25
101101,36,11,25
101102,54,29,25
101103,14,10,4
101104,20,13,7
101105,20,13,7
101106,20,13,7
101107,14,10,4
101108,9,8,1
101109,11,8,3
101110,11,8,3
101111,36,11,25
101112,54,29,25
101113,15,2,13
101114,24,18,6
101115,13,4,9
101116,54,29,25
101117,54,29,25
101118,54,29,25
101119,54,29,25
101120,54,29,25
101121,54,29,25
101122,54,29,25
101123,54,29,25
101150,2,2,0
101163,3,2,1
101167,3,2,1
101172,10,10,0
101220,10,10,0
101231,31,17,14
101243,9,3,6
101244,9,3,6
101246,8,2,6
101247,8,2,6
101248,12,0,12
101249,12,0,12
101250,8,2,6
101251,8,2,6
101252,12,0,12
101253,12,0,12
101256,9,3,6
101257,9,3,6
101260,20,16,4
101261,20,16,4
101262,3,0,3
101263,3,0,3
101268,20,16,4
101269,1,1,0
101270,1,1,0
101286,41,30,11
101287,148,86,62
101288,148,86,62
101290,65,42,23
101302,11,1,10
101303,11,1,10
101304,2,0,2
101305,2,2,0
101306,3,3,0
101308,3,3,0
101319,2,0,2
101320,5,5,0
101327,1,0,1
101381,36,22,14
101382,36,22,14
101383,17,12,5
101384,18,12,6
101385,18,12,6
101386,18,12,6
101387,18,12,6
101388,19,14,5
101389,22,4,18
101390,22,4,18
101391,22,4,18
101392,18,13,5
101399,22,4,18
101400,22,4,18
101401,18,13,5
101402,6,2,4
101403,6,2,4
101404,6,2,4
101405,21,13,8
101406,17,12,5
101407,4,0,4
101408,18,13,5
101409,18,13,5
101410,18,13,5
101412,18,13,5
101413,13,7,6
101414,13,7,6
101415,13,7,6
101416,13,7,6
101453,3,3,0
101454,3,3,0
101490,3,3,0
101503,2,2,0
101504,2,2,0
101505,3,3,0
101519,4,2,2
101520,10,4,6
101521,10,4,6
101522,4,2,2
101523,14,8,6
101524,8,6,2
101525,8,6,2
101526,8,6,2
101527,16,9,7
101528,16,9,7
101529,13,10,3
101530,1,0,1
101540,14,8,6
101541,14,8,6
101542,9,6,3
101543,9,6,3
101562,1,0,1
101576,5,2,3
101577,5,2,3
101578,5,2,3
101579,7,2,5
101580,5,2,3
101581,4,1,3
101582,7,2,5
101583,7,2,5
101588,4,1,3
101589,4,1,3
101604,1,1,0
101606,11,1,10
101609,8,4,4
101610,8,4,4
101611,8,4,4
101612,23,22,1
101616,23,20,3
101617,23,20,3
101618,23,20,3
101619,23,20,3
101620,26,22,4
101621,3,0,3
101622,3,0,3
101625,21,14,7
101636,21,14,7
101637,16,1,15
101638,3,2,1
101639,22,21,1
101640,2,0,2
101641,23,22,1
101642,5,0,5
101643,21,14,7
101644,21,14,7
101645,21,14,7
101646,21,14,7
101647,21,14,7
101648,21,14,7
101649,21,14,7
101650,21,14,7
101651,21,14,7
101652,21,14,7
101653,21,14,7
101654,21,14,7
101655,2,2,0
101659,7,0,7
101680,6,3,3
101681,6,3,3
101682,6,3,3
101683,7,5,2
101684,12,4,8
101685,12,4,8
101686,11,8,3
101689,11,8,3
101690,3,1,2
101691,3,0,3
101692,6,4,2
101693,6,4,2
101695,8,8,0
101696,6,4,2
101697,11,11,0
101698,10,9,1
101699,10,9,1
101700,10,9,1
101701,11,11,0
101702,7,7,0
101703,7,7,0
101704,11,11,0
101705,3,0,3
101706,7,7,0
101707,7,7,0
101708,7,7,0
101709,7,7,0
101727,1,0,1
101730,1,0,1
101746,2,2,0
101747,2,2,0
101748,2,2,0
101781,5,5,0
101800,5,5,0
101839,6,3,3
101840,16,12,4
101841,17,10,7
101842,17,10,7
101843,17,10,7
101844,17,10,7
101845,17,13,4
101856,17,0,17
101857,17,0,17
101858,18,8,10
101859,9,7,2
101860,8,5,3
101861,8,5,3
101862,8,5,3
101863,8,5,3
101864,9,7,2
101865,9,8,1
101866,9,7,2
101867,9,7,2
101868,17,0,17
101869,18,8,10
101870,8,1,7
101871,3,1,2
101872,18,13,5
101873,16,12,4
101874,5,0,5
101875,18,8,10
101876,18,8,10
101877,18,8,10
101878,18,8,10
101886,10,10,0
101887,10,10,0
101888,10,10,0
101889,10,10,0
101890,10,10,0
101891,10,10,0
101892,10,10,0
101893,10,10,0
101894,10,10,0
101895,10,10,0
101896,10,10,0
101911,65,42,23
101924,12,8,4
101925,12,8,4
101926,14,5,9
101927,14,5,9
101928,21,13,8
101931,22,14,8
101932,22,14,8
101933,22,14,8
101934,22,14,8
101935,22,15,7
101936,2,0,2
101943,22,3,19
101944,22,3,19
101945,22,3,19
101947,22,3,19
101948,17,9,8
101949,17,9,8
101960,22,3,19
101961,22,3,19
101962,22,3,19
101963,17,9,8
101964,8,1,7
101965,3,2,1
101968,23,15,8
101969,14,5,9
101970,14,5,9
101971,21,13,8
101972,4,0,4
101973,17,9,8
101974,17,9,8
101975,17,9,8
101976,17,9,8
102000,17,12,5
102001,19,10,9
102002,19,10,9
102003,19,10,9
102004,19,10,9
102005,27,11,16
102006,17,0,17
102007,17,0,17
102008,7,2,5
102009,7,2,5
102010,17,0,17
102011,27,11,16
102013,7,2,5
102014,7,2,5
102023,27,11,16
102025,19,10,9
102032,17,0,17
102033,17,0,17
102034,4,0,4
102036,19,13,6
102037,17,12,5
102038,4,0,4
102039,19,10,9
102040,19,10,9
102041,19,10,9
102075,2,1,1
102076,2,1,1
102082,26,21,5
102083,25,19,6
102084,25,19,6
102085,25,19,6
102086,20,17,3
102087,20,17,3
102088,20,17,3
102089,5,0,5
102090,20,17,3
102091,20,17,3
102092,25,1,24
102093,25,1,24
102094,24,21,3
102095,2,1,1
102096,5,4,1
102097,5,1,4
102098,23,19,4
102099,4,1,3
102100,23,19,4
102101,25,21,4
102102,6,5,1
102103,7,3,4
102104,7,3,4
102105,7,3,4
102106,7,3,4
102107,6,5,1
102108,31,21,10
102109,9,7,2
102110,26,21,5
102111,16,14,2
102112,16,14,2
102113,16,14,2
102114,16,14,2
102115,16,14,2
102116,16,14,2
102118,16,14,2
102119,16,14,2
102120,23,19,4
102126,2,0,2
102127,2,0,2
102128,2,0,2
102129,2,0,2
102130,6,2,4
102131,6,2,4
102132,7,5,2
102133,7,5,2
102135,9,6,3
102136,9,6,3
102147,3,1,2
102148,3,1,2
102154,4,4,0
102169,13,11,2
102185,3,2,1
102186,3,2,1
102213,4,1,3
102214,4,1,3
102215,11,9,2
102216,11,9,2
102217,18,17,1
102221,8,5,3
102225,8,5,3
102226,18,17,1
102227,1,0,1
102228,1,0,1
102229,1,0,1
102230,9,2,7
102231,2,1,1
102232,5,4,1
102233,1,0,1
102234,1,0,1
102235,6,6,0
102236,6,6,0
102237,6,6,0
102238,6,2,4
102239,6,2,4
102240,11,5,6
102241,11,5,6
102242,6,2,4
102243,6,2,4
102244,11,5,6
102245,7,7,0
102246,1,0,1
102247,8,7,1
102248,14,8,6
102249,14,8,6
102250,14,8,6
102251,14,8,6
102252,11,9,2
102253,13,11,2
102254,13,11,2
102255,2,2,0
102266,15,9,6
102267,19,11,8
102268,19,11,8
102269,19,11,8
102270,15,9,6
102271,53,31,22
102272,53,31,22
102273,53,31,22
102274,40,24,16
102275,53,31,22
102276,53,31,22
102277,9,7,2
102278,9,7,2
102279,4,2,2
102280,16,10,6
102282,40,24,16
102283,40,24,16
102284,41,30,11
102285,148,86,62
102286,148,86,62
102289,25,17,8
102290,35,25,10
102291,35,25,10
102292,35,25,10
102293,35,25,10
102294,27,21,6
102295,5,3,2
102296,69,43,26
102297,69,43,26
102298,2,1,1
102299,69,43,26
102300,63,45,18
102301,12,12,0
102302,17,16,1
102303,17,16,1
102304,17,16,1
102305,17,16,1
102306,12,12,0
102307,11,10,1
102308,4,3,1
102309,4,2,2
102310,13,12,1
102311,13,12,1
102312,69,43,26
102313,69,43,26
102314,13,11,2
102315,13,11,2
102316,13,11,2
102317,13,11,2
102318,1,1,0
102319,1,1,0
102320,38,31,7
102321,6,4,2
102322,10,8,2
102323,22,15,7
102325,33,16,17
102327,33,16,17
102331,148,86,62
102332,148,86,62
102333,4,2,2
102334,25,17,8
102335,14,7,7
102336,63,45,18
102337,63,45,18
102338,63,45,18
102339,63,45,18
102340,63,45,18
102341,63,45,18
102342,63,45,18
102343,63,45,18
102344,63,45,18
102345,63,45,18
102346,69,32,37
102347,128,56,72
102348,30,23,7
102349,30,23,7
102350,23,17,6
102351,28,14,14
102352,28,14,14
102353,28,14,14
102354,20,13,7
102357,28,14,14
102358,28,14,14
102360,20,13,7
102361,27,19,8
102362,20,13,7
102363,20,13,7
102364,20,13,7
102365,20,13,7
102381,5,0,5
102382,5,0,5
102383,3,0,3
102385,2,1,1
102394,49,30,19
102396,19,8,11
102399,60,41,19
102400,49,30,19
102424,4,0,4
102455,1,0,1
102480,49,30,19
102485,208,166,42
102486,35,29,6
102487,51,40,11
102488,51,40,11
102489,51,40,11
102490,37,27,10
102491,37,27,10
102492,16,9,7
102493,16,9,7
102494,2,2,0
102495,2,2,0
102496,37,27,10
102497,6,6,0
102506,6,6,0
102562,6,6,0
102563,3,1,2
102564,3,1,2
102565,100,76,24
102566,100,76,24
102567,12,6,6
102568,12,6,6
102569,12,6,6
102570,12,6,6
102577,7,7,0
102578,7,7,0
102579,100,76,24
102580,60,58,2
102581,1,1,0
102582,15,13,2
102583,15,13,2
102586,1,1,0
102587,4,2,2
102588,4,2,2
102596,6,4,2
102598,6,4,2
102599,208,166,42
102601,208,166,42
102602,61,53,8
102603,38,29,9
102604,65,49,16
102605,38,29,9
102606,82,59,23
102608,208,166,42
102609,40,25,15
102610,29,27,2
102611,3,3,0
102618,2,2,0
102620,82,60,22
102621,82,60,22
102622,82,60,22
102623,21,13,8
102624,25,17,8
102625,25,17,8
102626,25,17,8
102627,25,17,8
102628,39,30,9
102629,1,0,1
102630,1,0,1
102632,42,21,21
102633,42,21,21
102634,33,19,14
102640,42,21,21
102641,7,1,6
102642,33,19,14
102643,2,1,1
102644,21,16,5
102645,9,4,5
102646,1,0,1
102647,1,0,1
102650,8,2,6
102651,8,2,6
102652,15,3,12
102653,15,3,12
102654,8,2,6
102655,8,2,6
102656,15,3,12
102657,15,3,12
102658,29,14,15
102659,29,14,15
102660,29,14,15
102661,3,1,2
102662,3,3,0
102663,33,19,14
102664,33,19,14
102665,33,19,14
102666,33,19,14
102667,82,60,22
102668,83,70,13
102673,83,70,13
102691,12,8,4
102692,12,8,4
102693,1,0,1
102694,1,0,1
102695,4,0,4
102696,5,3,2
102697,4,3,1
102698,5,4,1
102704,15,3,12
102705,3,2,1
102711,3,2,1
102737,9,6,3
102738,9,6,3
102739,20,18,2
102740,6,4,2
102741,6,0,6
102742,6,0,6
102743,3,1,2
102744,3,1,2
102745,3,1,2
102746,3,1,2
102747,34,30,4
102754,34,13,21
102755,34,13,21
102756,34,13,21
102757,34,13,21
102758,34,13,21
102759,34,13,21
102760,28,17,11
102761,28,17,11
102762,25,6,19
102763,8,6,2
102764,12,8,4
102765,12,8,4
102766,12,8,4
102767,8,6,2
102768,10,8,2
102769,10,7,3
102770,10,7,3
102771,34,13,21
102772,34,13,21
102775,14,8,6
102776,14,8,6
102777,14,8,6
102778,10,6,4
102779,24,6,18
102780,24,6,18
102781,24,6,18
102783,10,6,4
102784,4,2,2
102785,15,7,8
102786,34,13,21
102788,4,2,2
102789,4,2,2
102792,14,14,0
102794,14,14,0
102797,56,44,12
102800,2,2,0
102801,2,2,0
102805,133,98,35
102806,12,12,0
102807,133,98,35
102808,31,24,7
102809,5,5,0
102810,133,98,35
102811,133,98,35
102812,10,8,2
102813,10,8,2
102821,26,8,18
102822,26,8,18
102823,17,10,7
102824,17,10,7
102825,17,10,7
102826,17,10,7
102827,18,11,7
102828,26,8,18
102829,16,6,10
102836,26,8,18
102837,26,8,18
102838,16,6,10
102839,6,0,6
102840,16,6,10
102841,16,6,10
102842,16,6,10
102843,16,6,10
102869,28,22,6
102870,4,4,0
102871,4,4,0
102872,4,4,0
102889,133,98,35
102896,82,59,23
102897,82,59,23
102898,208,166,42
102899,208,166,42
102900,208,166,42
102904,100,76,24
102905,100,76,24
102906,100,76,24
102907,15,13,2
102908,4,3,1
102909,4,3,1
102910,1,0,1
102911,3,0,3
102912,208,166,42
102913,24,21,3
102914,24,21,3
102916,9,8,1
102919,9,8,1
102927,95,75,20
102928,95,75,20
102929,10,10,0
102930,5,5,0
102949,8,8,0
102951,36,35,1
102952,25,24,1
102953,37,34,3
102955,82,60,22
102961,2,0,2
102962,2,0,2
102964,2,0,2
102967,2,0,2
102968,18,16,2
102969,18,16,2
102970,18,16,2
102971,2,2,0
102972,2,2,0
102973,2,2,0
102974,2,2,0
102977,15,15,0
102978,2,0,2
102979,11,1,10
102980,11,1,10
102983,10,10,0
102995,14,8,6
102996,14,8,6
103005,3,1,2
103012,7,4,3
103016,3,1,2
103022,27,27,0
103023,27,27,0
103024,34,31,3
103026,34,31,3
103028,177,126,51
103030,177,126,51
103031,29,18,11
103032,29,18,11
103033,88,68,20
103037,88,68,20
103038,88,68,20
103039,16,7,9
103040,21,15,6
103041,16,7,9
103042,88,68,20
103043,17,12,5
103044,17,12,5
103045,10,6,4
103046,10,6,4
103047,5,2,3
103048,5,2,3
103049,35,20,15
103051,88,68,20
103052,82,68,14
103053,82,68,14
103054,32,28,4
103055,32,28,4
103056,41,37,4
103057,50,46,4
103058,50,46,4
103059,37,32,5
103060,103,83,20
103061,103,83,20
103062,135,125,10
103063,10,9,1
103064,10,9,1
103065,7,7,0
103066,135,125,10
103069,18,8,10
103070,135,125,10
103071,135,125,10
103072,135,125,10
103073,135,125,10
103074,128,99,29
103077,128,99,29
103078,52,40,12
103079,206,132,74
103080,192,132,60
103081,192,132,60
103082,14,13,1
103084,14,13,1
103085,44,36,8
103086,106,72,34
103087,40,24,16
103088,13,7,6
103089,28,18,10
103090,28,18,10
103091,40,24,16
103092,18,11,7
103093,106,72,34
103094,106,72,34
103095,18,15,3
103096,18,15,3
103097,18,15,3
103098,29,16,13
103099,29,16,13
103102,29,16,13
103103,22,17,5
103104,2,1,1
103105,2,1,1
103107,11,8,3
103108,106,72,34
103109,64,53,11
103110,64,53,11
103111,14,9,5
103112,73,37,36
103113,73,37,36
103116,14,11,3
103117,38,27,11
103118,38,27,11
103119,24,21,3
103120,38,27,11
103121,10,7,3
103122,24,21,3
103123,216,176,40
103124,216,176,40
103125,216,176,40
103126,216,176,40
103127,106,72,34
103128,108,79,29
103129,108,79,29
103130,30,13,17
103131,150,121,29
103132,150,121,29
103133,24,19,5
103134,1,1,0
103139,1,1,0
103140,150,121,29
103141,220,138,82
103142,220,138,82
103143,93,74,19
103149,93,74,19
103150,13,12,1
103151,19,16,3
103152,19,16,3
103153,19,16,3
103154,19,16,3
103155,13,12,1
103156,11,11,0
103157,93,74,19
103158,170,139,31
103160,170,139,31
103161,170,139,31
103163,93,74,19
103164,5,3,2
103165,5,3,2
103167,48,30,18
103171,20,19,1
103172,8,1,7
103173,8,1,7
103174,45,45,0
103175,45,45,0
103176,42,41,1
103177,99,87,12
103178,21,17,4
103179,21,17,4
103180,21,17,4
103181,5,2,3
103182,5,2,3
103183,5,2,3
103184,5,2,3
103185,5,5,0
103186,5,5,0
103187,5,5,0
103188,5,5,0
103189,99,87,12
103190,28,26,2
103191,99,87,12
103192,99,87,12
103193,99,87,12
103194,99,87,12
103195,99,87,12
103196,7,7,0
103197,7,7,0
103198,4,2,2
103199,4,2,2
103200,2,2,0
103210,18,10,8
103211,1,0,1
103212,15,7,8
103213,15,7,8
103214,15,7,8
103215,15,7,8
103216,17,10,7
103217,18,7,11
103218,18,7,11
103219,18,7,11
103220,18,7,11
103221,17,8,9
103224,18,7,11
103225,18,7,11
103226,18,7,11
103227,1,1,0
103229,3,0,3
103230,3,0,3
103231,16,9,7
103232,16,9,7
103233,5,1,4
103234,17,8,9
103235,17,8,9
103236,22,17,5
103237,22,17,5
103238,8,4,4
103239,8,4,4
103242,8,4,4
103243,8,4,4
103246,22,17,5
103247,22,17,5
103275,4,4,0
103276,72,68,4
103282,72,68,4
103291,20,19,1
103292,4,4,0
103296,4,4,0
103301,18,16,2
103302,19,19,0
103303,19,19,0
103305,19,19,0
103319,22,20,2
103320,6,4,2
103322,6,4,2
103323,22,20,2
103324,6,6,0
103325,23,23,0
103326,3,2,1
103328,3,2,1
103329,6,4,2
103330,6,4,2
103334,15,11,4
103339,16,13,3
103400,22,13,9
103401,22,13,9
103402,5,3,2
103403,12,12,0
103404,10,7,3
103405,12,4,8
103406,12,4,8
103407,6,5,1
103408,37,29,8
103409,37,29,8
103412,37,29,8
103413,33,13,20
103414,17,17,0
103419,17,17,0
103420,5,2,3
103421,5,2,3
103422,33,13,20
103425,4,3,1
103426,4,3,1
103427,4,3,1
103428,4,3,1
103429,12,12,0
103430,78,74,4
103431,78,74,4
103432,78,74,4
103433,78,74,4
103434,2,0,2
103435,1,1,0
103436,5,1,4
103437,2,0,2
103438,2,0,2
103439,2,0,2
103440,4,4,0
103441,4,4,0
103445,5,2,3
103446,5,2,3
103449,82,53,29
103450,82,53,29
103464,82,53,29
103465,82,53,29
103466,22,12,10
103470,17,12,5
103471,28,12,16
103476,28,12,16
103477,35,9,26
103478,35,9,26
103479,14,4,10
103482,14,4,10
103483,14,4,10
103484,14,4,10
103485,14,4,10
103486,14,4,10
103487,14,4,10
103488,14,4,10
103489,14,4,10
103490,14,14,0
103501,22,12,10
103510,2,0,2
103511,2,0,2
103514,35,15,20
103515,13,9,4
103516,26,19,7
103517,26,19,7
103518,13,9,4
103519,35,15,20
103520,26,22,4
103521,3,2,1
103522,16,12,4
103523,16,12,4
103524,82,53,29
103525,82,53,29
103532,20,14,6
103533,20,14,6
103534,13,9,4
103535,38,16,22
103536,38,16,22
103537,31,19,12
103541,14,9,5
103546,82,53,29
103556,8,2,6
103557,8,2,6
103558,5,5,0
103561,5,5,0
103562,4,4,0
103563,4,4,0
103564,7,7,0
103566,6,6,0
103567,30,21,9
103568,16,14,2
103580,82,53,29
103581,37,27,10
103586,37,27,10
103587,37,27,10
103588,34,26,8
103589,34,26,8
103591,5,2,3
103592,40,27,13
103593,40,27,13
103594,14,11,3
103595,14,11,3
103596,40,27,13
103597,9,5,4
103598,9,5,4
103599,10,4,6
103600,10,4,6
103601,3,0,3
103602,3,0,3
103603,10,4,6
103604,8,0,8
103605,8,0,8
103606,9,5,4
103607,8,0,8
103608,8,0,8
103609,9,5,4
103610,13,10,3
103611,8,2,6
103614,13,10,3
103615,9,9,0
103616,13,13,0
103617,13,13,0
103618,13,13,0
103620,112,92,20
103621,5,5,0
103622,9,9,0
103623,9,9,0
103624,9,9,0
103625,5,5,0
103626,11,9,2
103627,7,5,2
103628,7,5,2
103629,21,18,3
103630,21,18,3
103631,112,92,20
103632,40,15,25
103633,10,7,3
103634,10,6,4
103635,10,6,4
103636,10,5,5
103637,10,5,5
103638,3,0,3
103639,3,0,3
103640,10,5,5
103641,11,3,8
103644,11,3,8
103645,10,6,4
103646,11,3,8
103647,2,0,2
103648,10,6,4
103658,2,2,0
103659,2,2,0
103660,4,0,4
103661,4,0,4
103666,41,35,6
103667,4,4,0
103671,14,12,2
103672,22,8,14
103673,22,8,14
103674,22,8,14
103675,22,8,14
103676,22,8,14
103700,15,12,3
103701,15,12,3
103702,13,2,11
103703,6,2,4
103704,13,2,11
103705,22,8,14
103706,22,8,14
103708,7,3,4
103709,7,3,4
103710,6,3,3
103711,16,2,14
103712,16,2,14
103714,6,3,3
103715,22,8,14
103733,12,12,0
103734,36,18,18
103746,112,92,20
103747,112,92,20
103751,112,92,20
103752,112,92,20
103753,112,92,20
103754,112,92,20
103755,112,92,20
103756,26,14,12
103757,45,27,18
103758,45,27,18
103759,45,27,18
103760,30,20,10
103761,108,79,29
103762,108,79,29
103763,108,79,29
103764,108,79,29
103765,99,87,12
103766,99,87,12
103767,11,9,2
103768,26,22,4
103769,11,9,2
103770,5,5,0
103771,5,5,0
103772,14,8,6
103773,99,87,12
103774,108,79,29
103775,108,79,29
103776,17,12,5
103777,17,12,5
103778,7,5,2
103779,7,5,2
103780,69,50,19
103781,4,3,1
103782,99,87,12
103783,99,87,12
103784,99,87,12
103785,99,87,12
103786,99,87,12
103787,99,87,12
103789,146,108,38
103790,98,66,32
103791,98,66,32
103792,61,41,20
103793,208,166,42
103794,95,75,20
103795,204,147,57
103796,184,144,40
103797,184,144,40
103798,184,144,40
103800,2,2,0
103807,4,1,3
103808,4,1,3
103809,3,3,0
103812,34,12,22
103818,7,6,1
103825,12,8,4
103826,12,8,4
103827,12,8,4
103828,13,1,12
103829,13,1,12
103830,13,1,12
103831,14,10,4
103833,13,1,12
103834,14,10,4
103835,16,9,7
103836,16,9,7
103837,14,10,4
103838,14,10,4
103839,14,10,4
103840,14,10,4
103868,177,131,46
103869,115,94,21
103873,16,14,2
103875,13,13,0
103876,13,13,0
103877,13,13,0
103878,15,15,0
103879,2,0,2
103884,4,1,3
103885,4,1,3
103886,10,6,4
103892,10,6,4
103893,16,14,2
103894,10,6,4
103895,10,6,4
103896,10,6,4
103897,10,6,4
103898,10,6,4
103899,10,6,4
103900,10,6,4
103901,10,6,4
103905,16,9,7
103906,16,9,7
103907,118,99,19
103908,118,99,19
103909,118,99,19
103914,2,2,0
103915,2,2,0
103916,2,0,2
103917,2,0,2
103922,4,2,2
103923,4,2,2
103926,22,22,0
103928,1,1,0
103929,1,1,0
103930,32,26,6
103931,32,26,6
103951,8,1,7
103952,8,1,7
103953,255,170,85
103954,226,173,53
103955,255,170,85
103957,25,14,11
103958,100,69,31
103959,100,69,31
103960,3,3,0
103961,95,50,45
103962,2,1,1
103964,2,1,1
103965,4,2,2
103966,1,0,1
103967,1,0,1
103969,18,5,13
103971,18,5,13
103973,3,2,1
103974,255,170,85
103975,2,2,0
103976,95,50,45
103977,36,26,10
103978,47,42,5
103979,47,42,5
104021,2,0,2
104024,7,0,7
104025,5,3,2
104031,9,5,4
104032,9,5,4
104033,59,36,23
104034,59,36,23
104036,6,4,2
104037,2,0,2
104076,47,44,3
104077,47,44,3
104079,100,85,15
104082,100,85,15
104083,100,85,15
104084,3,0,3
104086,10,3,7
104087,10,3,7
104089,10,3,7
104092,100,85,15
104093,9,9,0
104094,9,9,0
104095,4,4,0
104096,4,4,0
104099,12,7,5
104100,11,5,6
104101,11,5,6
104102,11,5,6
104103,12,7,5
104104,10,2,8
104105,10,2,8
104106,10,2,8
104107,3,3,0
104108,10,2,8
104109,10,2,8
104110,1,1,0
104111,1,1,0
104112,1,1,0
104113,1,1,0
104115,15,10,5
104116,12,7,5
104117,7,4,3
104118,3,3,0
104119,3,3,0
104120,15,10,5
104121,3,3,0
104122,1,0,1
104123,7,2,5
104124,3,3,0
104156,3,3,0
104158,1,1,0
104159,3,0,3
104160,3,0,3
104161,124,101,23
104163,80,64,16
104167,80,64,16
104171,7,7,0
104172,45,43,2
104173,45,43,2
104174,198,139,59
104175,198,139,59
104176,2,2,0
104177,2,2,0
104179,72,66,6
104180,72,66,6
104182,96,74,22
104188,50,32,18
104189,50,32,18
104190,17,16,1
104191,17,16,1
104192,33,23,10
104193,9,7,2
104194,54,44,10
104195,47,32,15
104196,54,44,10
104197,24,18,6
104198,24,18,6
104199,47,32,15
104200,24,21,3
104201,24,21,3
104202,26,24,2
104203,26,24,2
104204,3,0,3
104207,1,0,1
104208,1,0,1
104212,77,63,14
104213,4,4,0
104215,1,1,0
104216,10,7,3
104224,6,6,0
104225,6,6,0
104227,142,122,20
104228,7,6,1
104229,4,4,0
104230,16,14,2
104231,85,75,10
104232,85,75,10
104238,37,32,5
104239,2,1,1
104240,2,1,1
104241,7,5,2
104243,16,14,2
104254,69,67,2
104255,2,2,0
104256,2,2,0
104257,18,17,1
104260,32,28,4
104263,7,5,2
104264,24,19,5
104265,15,12,3
104268,50,39,11
104269,48,36,12
104270,48,36,12
104271,48,36,12
104272,48,36,12
104273,5,4,1
104274,5,4,1
104275,46,35,11
104276,50,39,11
104277,7,4,3
104278,129,92,37
104279,129,92,37
104280,129,92,37
104281,101,79,22
104282,17,16,1
104283,20,17,3
104284,20,17,3
104285,20,17,3
104286,20,17,3
104287,17,16,1
104288,12,10,2
104289,2,1,1
104290,3,1,2
104291,12,11,1
104292,12,11,1
104293,129,92,37
104294,129,92,37
104295,101,79,22
104296,16,8,8
104297,10,6,4
104298,42,34,8
104299,4,1,3
104300,50,39,11
104301,14,8,6
104302,101,79,22
104303,101,79,22
104304,101,79,22
104305,101,79,22
104306,3,3,0
104307,83,70,13
104308,28,11,17
104309,2,2,0
104310,28,11,17
104315,1,0,1
104316,110,69,41
104317,110,69,41
104318,110,69,41
104319,110,69,41
104320,4,2,2
104321,4,2,2
104324,6,6,0
104325,74,63,11
104326,74,63,11
104336,7,7,0
104337,7,7,0
104338,11,10,1
104342,10,8,2
104343,11,9,2
104344,11,9,2
104345,14,12,2
104346,12,5,7
104347,12,5,7
104348,17,15,2
104349,2,2,0
104350,2,2,0
104353,9,7,2
104354,17,15,2
104355,9,9,0
104356,9,9,0
104357,10,8,2
104358,40,33,7
104359,41,32,9
104360,41,32,9
104361,41,32,9
104362,41,32,9
104363,29,22,7
104364,124,101,23
104365,124,101,23
104366,124,101,23
104367,74,68,6
104368,124,101,23
104369,12,9,3
104370,12,9,3
104371,12,9,3
104372,12,9,3
104373,9,8,1
104374,70,57,13
104375,74,68,6
104376,74,68,6
104377,234,126,108
104378,96,70,26
104379,44,37,7
104380,10,6,4
104381,10,4,6
104382,10,4,6
104383,10,4,6
104384,10,5,5
104385,16,3,13
104386,1,0,1
104387,16,3,13
104388,12,2,10
104389,2,1,1
104390,5,1,4
104391,16,3,13
104392,13,9,4
104393,12,2,10
104394,12,2,10
104395,12,2,10
104396,32,26,6
104397,11,7,4
104398,11,7,4
104399,32,26,6
104400,59,42,17
104401,59,42,17
104403,59,42,17
104404,59,42,17
104406,27,20,7
104407,27,20,7
104408,27,20,7
104409,22,17,5
104410,22,17,5
104411,31,7,24
104412,31,7,24
104413,6,3,3
104414,6,3,3
104415,2,2,0
104416,2,2,0
104417,31,28,3
104418,2,1,1
104419,8,4,4
104420,28,21,7
104421,28,21,7
104422,6,3,3
104423,11,3,8
104424,11,3,8
104425,6,3,3
104426,29,18,11
104427,8,5,3
104428,29,17,12
104429,29,17,12
104430,29,17,12
104431,29,17,12
104432,29,17,12
104433,29,17,12
104434,29,17,12
104435,29,17,12
104436,52,41,11
104437,29,24,5
104438,2,2,0
104441,29,24,5
104442,96,70,26
104447,96,70,26
104456,11,9,2
104457,3,1,2
104458,6,1,5
104459,6,4,2
104461,45,40,5
104462,5,5,0
104463,17,16,1
104464,17,16,1
104465,11,11,0
104466,12,11,1
104467,21,20,1
104468,8,8,0
104469,6,5,1
104470,6,5,1
104471,10,8,2
104472,1,0,1
104473,45,40,5
104474,21,20,1
104475,21,20,1
104476,21,20,1
104477,21,20,1
104488,1,1,0
104489,4,2,2
104490,14,7,7
104491,15,15,0
104492,15,15,0
104504,96,70,26
104505,15,10,5
104506,1,0,1
104507,1,0,1
104508,15,12,3
104509,15,12,3
104510,15,12,3
104511,14,11,3
104512,19,6,13
104513,19,6,13
104514,15,12,3
104515,1,1,0
104516,19,6,13
104517,2,2,0
104518,15,12,3
104519,15,12,3
104520,15,12,3
104521,161,108,53
104522,2,2,0
104523,2,2,0
104530,2,0,2
104532,2,0,2
104543,16,11,5
104544,16,8,8
104545,16,8,8
104546,16,8,8
104547,16,8,8
104548,16,11,5
104549,15,0,15
104550,15,0,15
104551,21,7,14
104558,15,0,15
104559,21,7,14
104560,16,11,5
104561,5,0,5
104562,21,7,14
104563,21,7,14
104564,21,7,14
104565,16,8,8
104566,13,7,6
104567,13,7,6
104568,11,8,3
104569,14,0,14
104572,14,0,14
104573,16,4,12
104574,4,0,4
104575,16,4,12
104576,16,8,8
104577,16,4,12
104578,16,4,12
104579,16,4,12
104580,16,4,12
104600,8,2,6
104601,18,14,4
104602,3,0,3
104603,3,0,3
104604,18,13,5
104605,18,13,5
104606,18,13,5
104607,18,13,5
104608,15,13,2
104609,7,2,5
104610,7,2,5
104611,27,17,10
104618,7,2,5
104619,4,2,2
104620,4,2,2
104621,27,17,10
104622,14,13,1
104623,8,3,5
104624,27,17,10
104625,27,17,10
104626,27,17,10
104627,27,17,10
104628,8,2,6
104629,3,1,2
104630,167,130,37
104631,167,130,37
104632,45,36,9
104633,45,36,9
104634,13,11,2
104635,17,12,5
104636,17,12,5
104637,17,12,5
104638,13,12,1
104639,27,20,7
104640,27,20,7
104641,7,0,7
104642,13,11,2
104643,4,0,4
104644,27,20,7
104645,27,20,7
104646,27,20,7
104647,27,20,7
104651,4,4,0
104657,25,24,1
104658,21,16,5
104659,21,16,5
104660,7,5,2
104661,7,3,4
104662,7,3,4
104663,7,3,4
104664,6,5,1
104665,7,5,2
104666,6,6,0
104667,6,6,0
104669,6,6,0
104670,13,13,0
104671,18,14,4
104672,40,30,10
104673,40,29,11
104674,40,30,10
104679,40,29,11
104680,40,29,11
104681,40,29,11
104682,2,0,2
104683,2,0,2
104684,2,0,2
104685,4,2,2
104686,4,2,2
104687,4,2,2
104688,4,2,2
104689,161,108,53
104690,26,21,5
104691,26,21,5
104692,26,21,5
104693,13,8,5
104694,1,1,0
104695,8,8,0
104696,3,3,0
104697,8,8,0
104698,21,15,6
104699,3,0,3
104700,32,17,15
104701,32,17,15
104702,32,17,15
104703,24,16,8
104704,24,16,8
104705,4,1,3
104706,47,18,29
104707,47,18,29
104708,1,0,1
104709,1,0,1
104710,47,18,29
104711,40,25,15
104712,6,4,2
104713,4,3,1
104714,47,18,29
104715,10,2,8
104716,12,4,8
104717,8,0,8
104719,19,14,5
104720,3,3,0
104721,3,3,0
104722,7,4,3
104723,40,25,15
104724,40,25,15
104725,40,25,15
104726,40,25,15
104727,40,25,15
104728,40,25,15
104729,2,1,1
104730,2,1,1
104731,13,9,4
104732,13,9,4
104733,13,9,4
104734,8,5,3
104735,13,7,6
104736,13,7,6
104737,25,10,15
104738,13,7,6
104739,1,0,1
104740,1,0,1
104741,1,0,1
104742,1,0,1
104743,1,0,1
104744,1,0,1
104745,1,0,1
104746,1,0,1
104747,25,10,15
104748,18,13,5
104751,18,14,4
104752,18,14,4
104753,18,14,4
104754,18,14,4
104755,18,15,3
104756,5,2,3
104757,5,2,3
104758,18,13,5
104759,24,6,18
104760,24,6,18
104761,21,17,4
104771,24,6,18
104772,4,4,0
104774,21,17,4
104775,7,1,6
104776,2,1,1
104777,20,16,4
104778,18,13,5
104779,7,3,4
104780,21,17,4
104781,21,17,4
104782,21,17,4
104783,21,17,4
104792,170,138,32
104793,170,138,32
104794,170,138,32
104795,123,95,28
104796,53,41,12
104798,3,2,1
104799,3,2,1
104800,12,11,1
104801,12,11,1
104802,123,95,28
104803,46,34,12
104805,46,34,12
104806,117,95,22
104807,123,95,28
104808,17,15,2
104809,17,15,2
104810,3,3,0
104811,3,3,0
104812,3,3,0
104813,20,14,6
104814,20,14,6
104815,4,0,4
104821,20,18,2
104842,41,28,13
104843,41,28,13
104844,41,28,13
104846,5,0,5
104848,5,0,5
104849,19,14,5
104850,25,19,6
104851,25,19,6
104852,17,10,7
104853,22,16,6
104854,22,16,6
104855,22,16,6
104856,22,16,6
104857,30,23,7
104859,22,16,6
104860,22,16,6
104861,22,16,6
104862,30,23,7
104863,25,19,6
104864,25,19,6
104865,30,23,7
104866,30,23,7
104867,20,18,2
104915,20,18,2
104931,66,51,15
104934,41,28,13
104935,41,28,13
104936,41,28,13
104937,41,28,13
104938,41,28,13
104939,41,28,13
104940,7,0,7
104941,7,0,7
104942,7,0,7
104943,24,18,6
104944,1,1,0
104945,1,1,0
104946,7,7,0
104947,5,5,0
104948,2,2,0
104949,2,2,0
104950,8,8,0
104951,2,2,0
104952,1,1,0
104953,1,1,0
104954,1,1,0
104955,2,2,0
104956,2,2,0
104957,8,8,0
104958,8,8,0
104959,21,17,4
104963,9,0,9
104964,9,0,9
104965,7,0,7
104966,4,2,2
104967,9,0,9
104968,3,1,2
104969,3,1,2
104971,9,0,9
104972,123,95,28
104973,2,0,2
104974,40,34,6
104975,15,7,8
104976,15,7,8
104977,105,85,20
104978,105,85,20
104979,6,0,6
104980,6,0,6
104981,7,1,6
104982,2,0,2
104983,6,0,6
104984,3,0,3
104985,8,1,7
104986,6,0,6
104987,1,0,1
104988,16,13,3
104989,13,11,2
104990,30,17,13
104993,23,16,7
104997,23,16,7
104998,23,16,7
104999,23,16,7
105000,23,16,7
105001,23,16,7
105002,23,16,7
105003,23,16,7
105004,23,16,7
105005,11,5,6
105006,11,5,6
105007,11,5,6
105008,5,1,4
105009,15,5,10
105010,15,5,10
105011,23,6,17
105012,1,0,1
105013,15,5,10
105014,23,6,17
105015,3,0,3
105016,12,3,9
105017,13,9,4
105018,13,9,4
105019,9,9,0
105020,9,9,0
105021,9,9,0
105035,20,12,8
105036,30,17,13
105037,30,17,13
105038,27,19,8
105039,41,18,23
105040,41,18,23
105041,41,18,23
105042,45,26,19
105043,5,4,1
105044,5,3,2
105045,5,3,2
105046,41,18,23
105047,41,18,23
105048,45,26,19
105049,45,26,19
105050,45,26,19
105051,45,26,19
105052,45,26,19
105081,27,17,10
105083,102,81,21
105084,41,36,5
105094,115,85,30
105095,115,85,30
105096,47,38,9
105097,62,52,10
105098,62,52,10
105099,62,52,10
105100,37,29,8
105101,37,29,8
105102,115,85,30
105103,122,98,24
105104,115,85,30
105105,115,85,30
105106,34,34,0
105107,34,34,0
105108,19,17,2
105110,19,17,2
105111,122,98,24
105112,6,4,2
105113,6,4,2
105116,20,19,1
105117,20,19,1
105118,2,2,0
105119,8,8,0
105120,9,9,0
105121,21,21,0
105122,20,19,1
105123,20,19,1
105126,13,12,1
105127,3,1,2
105128,3,1,2
105129,3,0,3
105130,3,0,3
105131,3,1,2
105132,13,12,1
105133,3,1,2
105134,3,1,2
105135,7,0,7
105140,262,144,118
105141,79,60,19
105142,79,60,19
105143,79,60,19
105145,5,1,4
105146,5,1,4
105147,79,60,19
105148,13,12,1
105149,16,8,8
105150,16,8,8
105151,16,8,8
105154,12,9,3
105155,11,6,5
105156,16,8,8
105157,4,2,2
105158,4,2,2
105159,4,2,2
105160,6,4,2
105161,13,3,10
105164,13,3,10
105165,6,4,2
105166,16,8,8
105167,79,60,19
105168,262,144,118
105169,262,144,118
105170,262,144,118
105171,262,144,118
105172,262,144,118
105173,2,2,0
105174,139,106,33
105175,53,41,12
105176,75,58,17
105177,75,58,17
105178,50,38,12
105179,139,106,33
105180,168,113,55
105181,17,16,1
105182,20,19,1
105183,2,2,0
105184,2,2,0
105185,31,19,12
105186,31,19,12
105187,31,19,12
105188,31,19,12
105189,20,14,6
105190,20,14,6
105191,168,113,55
105192,16,9,7
105193,168,113,55
105194,168,113,55
105195,168,113,55
105196,139,106,33
105198,172,147,25
105199,115,79,36
105200,77,53,24
105201,115,79,36
105202,7,6,1
105203,7,6,1
105204,16,12,4
105205,7,5,2
105206,8,6,2
105207,7,5,2
105208,2,2,0
105209,8,6,2
105210,3,2,1
105211,156,116,40
105212,262,144,118
105213,2,2,0
105214,5,5,0
105215,2,2,0
105216,10,10,0
105217,15,13,2
105218,15,14,1
105222,15,15,0
105223,15,15,0
105224,15,15,0
105225,15,15,0
105226,19,18,1
105227,4,3,1
105228,1,0,1
105229,6,6,0
105232,6,6,0
105233,24,16,8
105234,6,6,0
105241,24,16,8
105242,10,4,6
105243,12,12,0
105244,24,16,8
105245,24,16,8
105246,24,16,8
105247,24,16,8
105248,15,13,2
105249,262,144,118
105250,150,109,41
105251,47,38,9
105252,47,38,9
105253,47,38,9
105276,31,21,10
105277,16,11,5
105278,16,9,7
105279,16,9,7
105280,16,9,7
105281,18,14,4
105282,21,0,21
105283,21,0,21
105284,23,8,15
105285,5,3,2
105286,7,3,4
105287,7,3,4
105288,5,3,2
105289,5,4,1
105290,21,0,21
105291,23,8,15
105292,15,11,4
105293,31,21,10
105294,23,8,15
105295,23,8,15
105296,23,8,15
105297,23,8,15
105298,12,8,4
105299,13,6,7
105300,13,6,7
105301,13,6,7
105302,12,8,4
105303,12,0,12
105305,12,0,12
105306,21,5,16
105308,21,5,16
105309,21,5,16
105310,21,5,16
105311,61,49,12
105313,9,0,9
105314,9,0,9
105315,9,0,9
105316,9,0,9
105317,17,2,15
105318,8,6,2
105319,8,6,2
105320,8,6,2
105321,8,6,2
105322,8,6,2
105323,17,2,15
105324,10,7,3
105325,2,1,1
105326,9,7,2
105327,9,0,9
105328,9,0,9
105329,9,7,2
105330,9,7,2
105331,9,7,2
105332,7,5,2
105333,16,2,14
105336,16,2,14
105339,9,6,3
105340,3,2,1
105341,2,1,1
105342,9,6,3
105343,9,0,9
105344,9,0,9
105345,2,2,0
105346,2,2,0
105347,176,118,58
105348,28,21,7
105349,22,14,8
105350,22,14,8
105351,22,14,8
105352,22,14,8
105353,21,17,4
105354,2,0,2
105355,64,55,9
105356,5,3,2
105357,5,3,2
105358,64,55,9
105359,71,44,27
105360,11,10,1
105361,15,14,1
105362,15,14,1
105363,15,14,1
105365,7,7,0
105366,7,7,0
105367,64,55,9
105368,19,10,9
105369,3,3,0
105370,11,6,5
105371,71,44,27
105372,71,44,27
105373,71,44,27
105374,71,44,27
105375,71,44,27
105376,71,44,27
105377,71,44,27
105378,71,44,27
105379,13,1,12
105380,13,1,12
105381,13,6,7
105382,14,5,9
105383,14,5,9
105384,1,0,1
105385,13,1,12
105386,20,5,15
105387,4,0,4
105388,13,1,12
105389,13,1,12
105390,20,5,15
105391,20,5,15
105392,20,5,15
105393,18,12,6
105394,2,0,2
105395,19,11,8
105396,19,11,8
105397,19,11,8
105398,19,11,8
105399,19,15,4
105400,16,0,16
105401,16,0,16
105402,24,7,17
105405,16,0,16
105406,24,7,17
105407,16,12,4
105408,5,0,5
105409,24,7,17
105410,24,7,17
105411,24,7,17
105412,24,7,17
105413,64,55,9
105414,64,55,9
105415,13,5,8
105416,5,4,1
105417,5,4,1
105418,138,86,52
105419,66,50,16
105420,1,1,0
105421,20,13,7
105422,11,9,2
105423,24,22,2
105424,20,13,7
105425,67,49,18
105426,67,49,18
105427,67,49,18
105428,67,49,18
105429,53,40,13
105430,10,6,4
105431,26,20,6
105432,66,50,16
105433,66,50,16
105434,23,17,6
105435,2,0,2
105436,2,0,2
105437,24,17,7
105438,24,17,7
105439,24,17,7
105440,24,17,7
105441,23,19,4
105442,32,8,24
105445,32,8,24
105446,29,18,11
105447,6,5,1
105448,3,3,0
105449,3,3,0
105450,3,3,0
105451,3,3,0
105452,6,5,1
105453,6,6,0
105454,32,8,24
105455,1,1,0
105456,1,1,0
105458,29,18,11
105459,11,1,10
105460,2,1,1
105461,21,18,3
105462,23,18,5
105463,23,17,6
105464,7,2,5
105465,29,18,11
105466,29,18,11
105467,29,18,11
105468,29,18,11
105469,29,18,11
105470,29,18,11
105471,29,18,11
105472,29,18,11
105473,11,9,2
105474,11,9,2
105475,11,11,0
105476,9,7,2
105477,8,5,3
105478,8,5,3
105479,6,4,2
105481,6,4,2
105483,13,12,1
105484,16,5,11
105487,138,86,52
105488,138,86,52
105489,42,33,9
105490,42,33,9
105491,7,0,7
105492,16,11,5
105493,16,11,5
105494,16,11,5
105495,16,11,5
105496,14,13,1
105497,1,0,1
105498,1,0,1
105499,1,0,1
105500,4,0,4
105501,21,14,7
105502,21,14,7
105503,8,1,7
105504,3,1,2
105505,16,14,2
105506,138,86,52
105507,1,0,1
105508,18,14,4
105509,5,0,5
105510,21,14,7
105511,21,14,7
105512,21,14,7
105513,21,14,7
105514,135,108,27
105515,13,12,1
105516,13,12,1
105517,7,7,0
105518,7,7,0
105519,138,86,52
105520,138,86,52
105521,22,18,4
105522,23,23,0
105523,23,23,0
105524,11,7,4
105525,11,7,4
105526,11,8,3
105527,12,1,11
105528,12,1,11
105529,11,4,7
105530,11,4,7
105531,10,8,2
105532,11,4,7
105533,11,4,7
105534,11,4,7
105535,135,108,27
105536,74,56,18
105537,41,29,12
105538,41,29,12
105539,41,29,12
105540,41,29,12
105541,74,56,18
105557,8,5,3
105558,8,5,3
105560,12,10,2
105561,74,56,18
105562,11,2,9
105563,11,2,9
105564,11,2,9
105565,11,2,9
105566,11,2,9
105567,11,2,9
105568,13,2,11
105569,13,2,11
105570,11,2,9
105571,11,2,9
105572,4,0,4
105573,13,2,11
105575,13,2,11
105576,11,2,9
105577,9,9,0
105578,9,9,0
105579,37,26,11
105582,9,9,0
105583,6,6,0
105584,4,4,0
105585,4,4,0
105586,9,9,0
105587,4,4,0
105590,37,26,11
105591,9,9,0
105592,9,9,0
105593,9,9,0
105594,33,25,8
105595,42,32,10
105596,42,32,10
105597,42,32,10
105598,42,32,10
105599,33,24,9
105600,33,24,9
105601,33,24,9
105602,6,1,5
105603,6,1,5
105604,33,24,9
105605,33,24,9
105606,66,36,30
105607,66,36,30
105610,66,36,30
105611,72,56,16
105612,9,8,1
105613,12,9,3
105614,12,9,3
105615,12,9,3
105616,9,8,1
105617,6,6,0
105618,66,36,30
105619,66,36,30
105620,72,56,16
105621,11,5,6
105622,10,8,2
105624,35,26,9
105625,22,13,9
105626,72,56,16
105627,72,56,16
105628,138,86,52
105629,24,4,20
105630,11,9,2
105631,11,9,2
105632,28,15,13
105633,28,15,13
105634,9,7,2
105635,9,5,4
105636,9,5,4
105637,9,5,4
105638,9,5,4
105639,9,7,2
105640,10,8,2
105641,3,1,2
105642,4,1,3
105643,10,7,3
105644,10,7,3
105645,28,15,13
105646,26,14,12
105647,135,108,27
105648,135,108,27
105649,135,108,27
105650,135,108,27
105651,135,108,27
105652,184,128,56
105653,1,1,0
105654,12,6,6
105655,12,10,2
105656,21,2,19
105657,6,3,3
105658,6,3,3
105659,12,6,6
105660,6,3,3
105661,6,3,3
105662,6,3,3
105663,12,6,6
105664,12,6,6
105665,90,66,24
105666,90,66,24
105667,90,66,24
105668,2,1,1
105669,62,39,23
105671,2,1,1
105672,1,0,1
105673,12,8,4
105674,27,23,4
105675,27,23,4
105676,27,23,4
105677,27,23,4
105678,27,23,4
105679,27,23,4
105680,2,2,0
105681,13,4,9
105682,27,23,4
105683,27,23,4
105684,2,2,0
105686,27,23,4
105687,13,13,0
105688,13,13,0
105699,11,11,0
105700,7,6,1
105701,6,5,1
105705,10,10,0
105706,10,10,0
105707,10,10,0
105708,10,10,0
105709,10,10,0
105710,184,128,56
105711,82,43,39
105712,41,35,6
105713,58,47,11
105714,58,47,11
105715,58,47,11
105716,58,47,11
105717,46,39,7
105720,82,43,39
105721,31,26,5
105722,12,6,6
105723,75,51,24
105724,16,14,2
105725,26,20,6
105726,26,20,6
105727,26,20,6
105728,16,14,2
105729,12,11,1
105730,14,12,2
105731,14,12,2
105732,22,20,2
105733,82,43,39
105734,75,51,24
105735,4,2,2
105736,41,35,6
105737,8,6,2
105738,184,128,56
105739,12,6,6
105740,75,51,24
105741,75,51,24
105742,75,51,24
105743,75,51,24
105744,75,51,24
105745,75,51,24
105746,75,51,24
105747,75,51,24
105748,75,51,24
105749,75,51,24
105750,52,49,3
105751,14,9,5
105752,17,9,8
105753,17,9,8
105754,19,16,3
105756,16,0,16
105757,16,0,16
105758,20,5,15
105760,20,5,15
105762,14,9,5
105763,3,0,3
105764,20,5,15
105765,20,5,15
105766,20,5,15
105767,20,5,15
105769,38,33,5
105770,21,18,3
105772,8,8,0
105773,8,8,0
105774,2,2,0
105776,7,7,0
105778,7,7,0
105779,7,7,0
105780,7,7,0
105781,7,7,0
105782,21,18,3
105783,14,3,11
105784,14,3,11
105785,149,105,44
105786,11,10,1
105787,11,10,1
105788,11,10,1
105789,11,10,1
105833,15,12,3
105834,86,78,8
105835,5,2,3
105836,5,2,3
105839,5,2,3
105840,8,7,1
105841,8,7,1
105843,8,7,1
105844,8,7,1
105847,4,0,4
105848,48,41,7
105849,28,27,1
105850,28,27,1
105851,28,27,1
105852,48,41,7
105853,29,26,3
105854,4,3,1
105865,10,3,7
105866,18,15,3
105867,22,16,6
105868,22,16,6
105869,22,16,6
105870,22,16,6
105871,19,15,4
105872,21,11,10
105873,21,11,10
105874,14,5,9
105875,3,1,2
105876,10,3,7
105877,10,3,7
105878,9,7,2
105879,9,5,4
105880,9,5,4
105881,9,5,4
105882,9,5,4
105883,9,7,2
105884,10,8,2
105885,1,0,1
105886,9,7,2
105887,9,7,2
105888,10,3,7
105889,17,15,2
105890,10,3,7
105891,2,0,2
105892,18,15,3
105893,5,0,5
105894,21,11,10
105895,21,11,10
105896,21,11,10
105897,21,11,10
105898,21,11,10
105899,21,11,10
105900,129,100,29
105901,34,28,6
105902,34,28,6
105903,14,13,1
105904,13,8,5
105905,16,8,8
105906,16,8,8
105907,16,8,8
105908,17,5,12
105909,17,5,12
105910,19,6,13
105916,17,5,12
105917,19,6,13
105918,5,1,4
105919,19,6,13
105920,11,6,5
105921,26,19,7
105922,4,2,2
105923,27,19,8
105924,27,19,8
105925,27,19,8
105926,27,19,8
105927,23,19,4
105928,27,4,23
105929,27,4,23
105930,30,20,10
105931,11,9,2
105932,13,9,4
105933,13,9,4
105934,13,9,4
105935,13,9,4
105936,11,9,2
105937,11,9,2
105938,2,0,2
105939,10,8,2
105940,10,8,2
105941,27,4,23
105942,1,1,0
105943,1,1,0
105944,1,1,0
105949,30,20,10
105950,13,2,11
105951,4,2,2
105952,23,18,5
105953,11,6,5
105954,26,19,7
105955,11,6,5
105956,30,20,10
105957,30,20,10
105958,30,20,10
105959,30,20,10
105960,30,20,10
105961,30,20,10
105962,30,20,10
105963,30,20,10
105964,3,1,2
105965,11,5,6
105966,21,19,2
105967,27,22,5
105968,27,22,5
105969,27,22,5
105970,27,22,5
105971,22,19,3
105972,13,8,5
105975,13,8,5
105976,30,20,10
105981,3,3,0
105982,30,20,10
105983,13,2,11
105984,4,2,2
105985,21,19,2
105986,21,19,2
105987,8,3,5
105988,30,20,10
105989,30,20,10
105990,30,20,10
105991,30,20,10
105992,30,20,10
105993,30,20,10
105994,30,20,10
105995,30,20,10
105998,36,23,13
105999,36,23,13
106000,88,57,31
106001,88,57,31
106002,161,108,53
106003,161,108,53
106004,116,86,30
106005,161,108,53
106006,26,21,5
106007,26,21,5
106008,116,86,30
106009,31,21,10
106010,116,86,30
106011,116,86,30
106012,116,86,30
106013,165,149,16
106014,3,3,0
106015,165,149,16
106016,8,8,0
106017,8,8,0
106036,234,126,108
106037,234,126,108
106038,234,126,108
106040,55,45,10
106041,3,2,1
106042,3,2,1
106043,15,13,2
106044,15,13,2
106045,53,45,8
106046,53,45,8
106047,53,45,8
106048,53,45,8
106049,33,25,8
106050,33,25,8
106051,4,1,3
106052,4,1,3
106053,33,25,8
106056,128,98,30
106057,128,98,30
106059,6,0,6
106060,6,0,6
106061,128,98,30
106062,131,117,14
106063,15,15,0
106064,20,20,0
106065,20,20,0
106066,20,20,0
106067,15,15,0
106068,7,7,0
106069,11,11,0
106070,128,98,30
106071,128,98,30
106072,22,18,4
106073,22,18,4
106074,22,18,4
106075,22,18,4
106076,19,19,0
106077,19,19,0
106078,131,117,14
106079,149,120,29
106081,49,35,14
106084,2,2,0
106085,2,2,0
106086,2,2,0
106087,34,29,5
106107,167,130,37
106108,18,14,4
106109,18,12,6
106110,18,12,6
106111,18,12,6
106112,18,12,6
106113,19,15,4
106114,18,3,15
106117,18,3,15
106118,24,10,14
106119,10,9,1
106120,9,9,0
106121,9,9,0
106122,9,9,0
106123,9,9,0
106124,10,9,1
106125,10,9,1
106126,8,8,0
106127,8,8,0
106128,18,3,15
106129,3,1,2
106130,24,10,14
106131,17,13,4
106132,6,2,4
106133,24,10,14
106134,24,10,14
106135,24,10,14
106136,24,10,14
106137,12,6,6
106138,8,3,5
106139,8,3,5
106140,8,3,5
106141,9,5,4
106142,9,0,9
106143,12,6,6
106144,9,5,4
106145,64,42,22
106146,64,42,22
106147,15,11,4
106148,15,11,4
106149,67,52,15
106150,67,52,15
106151,19,7,12
106152,19,7,12
106153,67,52,15
106154,10,4,6
106155,10,4,6
106156,10,4,6
106157,10,4,6
106158,10,4,6
106159,2,0,2
106160,4,2,2
106162,1,0,1
106163,21,15,6
106164,23,15,8
106165,23,15,8
106166,23,15,8
106167,23,15,8
106168,19,13,6
106169,19,13,6
106170,3,0,3
106171,3,0,3
106172,19,13,6
106173,30,11,19
106175,30,11,19
106176,33,15,18
106180,30,11,19
106181,33,15,18
106182,7,0,7
106183,19,15,4
106184,2,0,2
106185,21,15,6
106186,5,0,5
106187,33,15,18
106188,33,15,18
106189,33,15,18
106190,33,15,18
106202,11,9,2
106207,11,9,2
106208,16,12,4
106209,131,117,14
106210,131,117,14
106211,131,117,14
106212,131,117,14
106213,234,126,108
106215,76,59,17
106216,76,59,17
106218,19,15,4
106219,19,15,4
106220,77,62,15
106221,77,62,15
106222,77,62,15
106223,77,62,15
106224,66,55,11
106245,179,131,48
106246,179,131,48
106247,179,131,48
106248,148,125,23
106249,21,19,2
106250,30,25,5
106251,30,25,5
106252,30,25,5
106253,21,19,2
106254,18,16,2
106255,3,2,1
106256,13,12,1
106257,13,12,1
106258,179,131,48
106259,179,131,48
106260,148,125,23
106267,10,8,2
106268,10,8,2
106269,4,2,2
106270,4,2,2
106272,61,42,19
106273,61,42,19
106284,42,42,0
106285,13,13,0
106291,16,13,3
106320,16,13,3
106321,11,7,4
106322,14,11,3
106323,1,0,1
106324,23,21,2
106325,23,21,2
106326,23,21,2
106327,20,18,2
106328,30,17,13
106329,30,17,13
106330,12,10,2
106333,6,6,0
106334,12,10,2
106335,17,15,2
106336,12,10,2
106337,12,10,2
106338,12,10,2
106339,12,10,2
106340,5,5,0
106341,5,5,0
106342,14,12,2
106343,6,3,3
106344,51,41,10
106347,10,10,0
106348,11,11,0
106349,51,41,10
106350,51,41,10
106351,234,126,108
106352,16,12,4
106353,19,13,6
106354,19,13,6
106355,19,13,6
106356,18,13,5
106357,28,8,20
106358,2,0,2
106359,28,8,20
106360,27,11,16
106361,3,1,2
106362,5,2,3
106363,27,11,16
106364,2,0,2
106365,19,15,4
106366,16,12,4
106367,27,11,16
106368,27,11,16
106369,27,11,16
106370,27,11,16
106371,179,131,48
106372,18,12,6
106373,3,0,3
106374,3,0,3
106375,18,10,8
106376,18,10,8
106377,18,10,8
106378,18,10,8
106379,17,13,4
106380,21,2,19
106381,21,2,19
106382,18,8,10
106392,21,2,19
106393,18,8,10
106394,8,1,7
106395,3,1,2
106396,18,13,5
106397,18,12,6
106398,5,0,5
106399,18,8,10
106400,18,8,10
106401,18,8,10
106402,18,8,10
106403,17,14,3
106404,18,15,3
106405,18,15,3
106406,18,15,3
106407,29,19,10
106408,29,19,10
106409,26,23,3
106410,29,19,10
106411,26,23,3
106412,26,23,3
106413,26,23,3
106414,26,23,3
106415,25,15,10
106416,148,125,23
106417,148,125,23
106418,148,125,23
106419,148,125,23
106420,148,125,23
106421,148,125,23
106422,148,125,23
106423,148,125,23
106424,148,125,23
106425,148,125,23
106426,148,125,23
106427,148,125,23
106428,6,6,0
106429,29,18,11
106430,36,26,10
106431,36,26,10
106433,36,26,10
106434,31,16,15
106435,31,16,15
106436,23,18,5
106437,23,17,6
106438,23,17,6
106439,23,17,6
106440,21,15,6
106441,1,0,1
106442,31,16,15
106443,17,12,5
106447,31,16,15
106448,31,16,15
106449,2,2,0
106450,2,2,0
106451,2,2,0
106452,2,2,0
106457,17,12,5
106458,7,4,3
106459,17,12,5
106460,17,12,5
106461,17,12,5
106462,17,12,5
106463,17,12,5
106464,17,12,5
106465,17,12,5
106466,17,12,5
106467,42,24,18
106468,19,13,6
106469,24,16,8
106470,24,16,8
106471,24,16,8
106472,24,16,8
106473,21,15,6
106474,42,24,18
106475,1,0,1
106476,42,24,18
106477,31,21,10
106480,42,24,18
106481,10,8,2
106482,31,21,10
106483,18,13,5
106484,19,13,6
106485,31,21,10
106486,31,21,10
106487,31,21,10
106488,31,21,10
106497,129,90,39
106500,129,90,39
106501,45,23,22
106502,45,23,22
106503,45,23,22
106504,45,23,22
106505,45,23,22
106506,39,30,9
106507,39,30,9
106508,45,23,22
106509,45,23,22
106515,23,21,2
106516,15,11,4
106517,21,17,4
106518,17,13,4
106519,41,23,18
106520,41,23,18
106523,41,23,18
106524,39,29,10
106525,41,23,18
106526,23,21,2
106527,39,29,10
106528,39,29,10
106529,39,29,10
106530,39,29,10
106533,33,19,14
106534,18,14,4
106535,33,19,14
106536,9,4,5
106537,45,23,22
106538,45,23,22
106539,16,11,5
106540,23,16,7
106541,23,16,7
106542,17,13,4
106543,36,15,21
106544,36,15,21
106545,31,19,12
106546,3,1,2
106547,7,3,4
106548,36,15,21
106549,31,19,12
106550,17,12,5
106551,17,12,5
106552,11,6,5
106553,11,6,5
106554,3,0,3
106555,3,0,3
106556,11,6,5
106557,32,15,17
106560,32,15,17
106561,1,1,0
106562,1,1,0
106564,31,19,12
106565,31,19,12
106566,45,23,22
106586,13,9,4
106587,20,16,4
106588,20,16,4
106589,17,14,3
106590,34,13,21
106592,34,13,21
106593,23,15,8
106594,23,15,8
106595,13,9,4
106596,23,15,8
106597,23,15,8
106598,18,14,4
106600,27,20,7
106602,35,24,11
106603,35,24,11
106604,33,26,7
106605,39,17,22
106606,39,17,22
106607,68,55,13
106608,7,6,1
106609,12,12,0
106610,11,11,0
106611,7,6,1
106612,7,7,0
106613,68,55,13
106614,3,3,0
106615,23,11,12
106617,13,10,3
106618,3,0,3
106619,3,0,3
106620,12,11,1
106621,12,11,1
106622,12,11,1
106623,11,8,3
106624,11,8,3
106625,4,1,3
106626,4,1,3
106627,11,8,3
106628,4,3,1
106629,4,3,1
106632,4,3,1
106633,19,13,6
106636,4,3,1
106638,19,13,6
106639,19,13,6
106640,23,11,12
106641,23,11,12
106642,5,5,0
106643,5,5,0
106644,27,20,7
106645,68,55,13
106646,68,55,13
106647,68,55,13
106648,68,55,13
106649,68,55,13
106650,68,55,13
106651,68,55,13
106652,68,55,13
106653,234,126,108
106655,2,2,0
106656,3,3,0
106657,2,2,0
106658,13,3,10
106659,53,41,12
106660,124,63,61
106661,112,95,17
106664,1,0,1
106667,4,4,0
106672,19,14,5
106675,33,28,5
106679,8,2,6
106680,10,5,5
106687,29,20,9
106688,4,4,0
106692,11,9,2
106693,67,54,13
106695,8,8,0
106703,34,32,2
106706,25,2,23
106710,1,1,0
106712,3,3,0
106713,43,43,0
106716,35,20,15
106717,20,12,8
106718,36,33,3
106725,3,3,0
106736,2,0,2
106739,8,8,0
106744,12,12,0
106747,7,7,0
106748,51,51,0
106749,26,26,0
106750,56,50,6
106752,56,50,6
106756,1,0,1
106757,19,17,2
106759,4,2,2
106760,10,8,2
106761,10,8,2
106762,5,3,2
106763,5,4,1
106764,14,13,1
106765,19,17,2
106766,6,6,0
106767,5,3,2
106768,1,1,0
106769,5,4,1
106770,14,3,11
106771,2,1,1
106772,2,1,1
106773,2,1,1
106774,2,1,1
106775,4,4,0
106779,16,12,4
106780,16,12,4
106781,27,25,2
106782,27,8,19
106783,32,31,1
106784,18,13,5
106785,20,17,3
106786,18,17,1
106787,18,17,1
106788,18,17,1
106789,18,17,1
106790,18,17,1
106791,18,17,1
106792,18,17,1
106793,18,17,1
106797,15,8,7
106798,15,7,8
106799,15,7,8
106800,15,7,8
106801,15,8,7
106802,18,9,9
106803,18,9,9
106804,18,9,9
106805,18,9,9
106806,17,10,7
106807,18,9,9
106808,18,9,9
106809,18,9,9
106810,17,10,7
106811,15,8,7
106812,3,0,3
106813,5,5,0
106814,5,5,0
106815,17,10,7
106817,11,8,3
106818,11,7,4
106819,11,7,4
106820,11,7,4
106821,11,7,4
106822,11,8,3
106823,11,2,9
106824,11,2,9
106825,11,8,3
106827,11,2,9
106828,4,0,4
106829,11,8,3
106830,11,8,3
106831,9,8,1
106832,9,8,1
106833,13,9,4
106834,9,8,1
106835,9,8,1
106841,5,3,2
106842,13,9,4
106843,4,1,3
106845,1,0,1
106846,13,9,4
106847,10,10,0
106873,10,10,0
106876,16,16,0
106877,2,2,0
106878,16,16,0
106879,1,1,0
106880,13,11,2
106881,16,13,3
106882,12,10,2
106883,17,8,9
106884,17,8,9
106885,19,17,2
106887,19,17,2
106888,2,1,1
106889,19,17,2
106890,19,17,2
106891,19,17,2
106892,19,17,2
106899,6,6,0
106900,15,15,0
106901,17,14,3
106902,23,22,1
106903,1,0,1
106904,4,2,2
106905,23,22,1
106951,48,46,2
106954,48,46,2
106955,48,46,2
106956,48,46,2
106957,13,11,2
106958,14,11,3
106959,14,11,3
106960,13,9,4
106961,13,9,4
106962,3,0,3
106963,3,0,3
106964,13,9,4
106965,22,6,16
106966,22,6,16
106967,13,11,2
106970,48,46,2
106971,2,0,2
106972,13,11,2
106973,13,11,2
106974,13,11,2
106975,13,11,2
106976,2,2,0
106977,18,13,5
106978,18,13,5
106979,18,13,5
106980,12,3,9
106981,4,2,2
106982,12,3,9
106983,4,2,2
106984,18,13,5
106985,4,3,1
106986,3,2,1
106987,12,3,9
106988,4,3,1
106989,18,13,5
106991,11,7,4
106992,40,35,5
106995,3,1,2
106996,1,0,1
106997,1,0,1
106998,12,12,0
107005,23,23,0
107006,23,23,0
107007,23,23,0
107008,23,23,0
107009,23,23,0
107010,23,23,0
107011,23,23,0
107012,23,23,0
107014,3,3,0
107016,15,15,0
107018,4,4,0
107019,14,10,4
107020,33,28,5
107021,33,28,5
107022,15,15,0
107023,18,16,2
107024,11,11,0
107025,11,11,0
107026,10,10,0
107027,7,7,0
107028,2,2,0
107030,2,2,0
107033,9,9,0
107034,7,7,0
107035,7,7,0
107036,7,7,0
107037,7,7,0
107038,12,9,3
107039,21,18,3
107040,21,18,3
107042,22,13,9
107045,22,13,9
107046,24,22,2
107047,2,2,0
107048,2,2,0
107049,1,0,1
107050,5,3,2
107051,24,22,2
107052,24,22,2
107053,24,22,2
107055,25,16,9
107056,6,3,3
107057,7,4,3
107058,6,3,3
107059,6,3,3
107060,32,30,2
107061,32,30,2
107065,15,11,4
107066,15,11,4
107067,15,11,4
107068,8,8,0
107069,6,6,0
107070,6,6,0
107073,26,24,2
107074,4,3,1
107075,5,4,1
107077,10,7,3
107078,9,8,1
107079,8,5,3
107080,8,5,3
107081,8,5,3
107082,8,5,3
107083,9,8,1
107084,11,10,1
107087,9,8,1
107088,9,8,1
107092,2,1,1
107093,3,2,1
107094,2,1,1
107095,5,3,2
107096,3,3,0
107097,7,7,0
107098,7,7,0
107099,15,15,0
107121,19,19,0
107122,3,3,0
107123,3,3,0
107124,3,3,0
107126,3,3,0
107172,9,5,4
107173,10,6,4
107174,6,2,4
107175,6,2,4
107176,13,9,4
107180,6,2,4
107181,6,2,4
107182,13,9,4
107183,1,1,0
107184,10,5,5
107185,10,5,5
107186,10,5,5
107188,8,6,2
107189,23,9,14
107190,23,9,14
107191,3,1,2
107192,3,1,2
107193,3,1,2
107194,3,1,2
107195,1,1,0
107198,11,9,2
107199,10,7,3
107200,10,7,3
107201,10,7,3
107202,11,9,2
107203,10,0,10
107204,10,0,10
107205,8,5,3
107206,8,5,3
107207,3,0,3
107208,8,5,3
107209,8,5,3
107210,8,5,3
107211,7,5,2
107212,7,5,2
107213,9,8,1
107214,4,3,1
107215,17,17,0
107216,13,13,0
107217,13,13,0
107218,24,24,0
107220,24,24,0
107221,24,24,0
107222,24,24,0
107313,15,14,1
107314,16,15,1
107315,16,15,1
107316,16,15,1
107317,16,15,1
107318,21,11,10
107319,22,21,1
107320,22,21,1
107321,12,11,1
107322,22,21,1
107323,22,21,1
107359,18,15,3
107362,8,5,3
107363,8,5,3
107364,8,5,3
107365,5,2,3
107366,5,2,3
107367,12,5,7
107368,12,5,7
107369,5,2,3
107370,5,2,3
107371,12,5,7
107372,12,2,10
107373,12,2,10
107374,12,2,10
107375,11,7,4
107376,2,1,1
107377,2,1,1
107378,11,7,4
107379,18,15,3
107397,6,2,4
107398,6,2,4
107399,6,2,4
107400,6,2,4
107401,6,2,4
107402,6,2,4
107403,13,3,10
107404,6,2,4
107405,6,2,4
107406,15,5,10
107407,15,5,10
107408,6,2,4
107409,13,3,10
107410,6,2,4
107492,11,10,1
107493,11,10,1
107524,23,23,0
107525,7,7,0
107528,23,23,0
107529,23,23,0
107530,15,14,1
107531,19,17,2
107532,19,17,2
107533,19,17,2
107534,16,15,1
107535,30,16,14
107536,26,25,1
107539,26,25,1
107540,8,5,3
107541,26,25,1
107542,26,25,1
107543,26,25,1
107544,26,25,1
107545,29,20,9
107546,4,3,1
107547,11,8,3
107548,4,3,1
107549,13,5,8
107550,29,20,9
107551,51,51,0
107552,10,8,2
107553,15,13,2
107554,15,13,2
107555,12,10,2
107556,18,7,11
107559,18,7,11
107560,15,13,2
107563,15,13,2
107565,15,13,2
107566,15,13,2
107567,38,26,12
107568,23,15,8
107569,13,12,1
107570,14,11,3
107571,14,11,3
107572,14,12,2
107573,26,8,18
107574,6,4,2
107575,6,4,2
107576,6,4,2
107577,6,4,2
107578,6,4,2
107579,6,4,2
107580,6,4,2
107581,6,4,2
107582,6,4,2
107583,30,14,16
107584,30,14,16
107585,45,23,22
107586,5,3,2
107587,19,13,6
107588,38,26,12
107589,30,14,16
107590,30,14,16
107591,30,14,16
107592,27,15,12
107593,4,1,3
107594,27,15,12
107595,27,15,12
107596,13,12,1
107597,13,12,1
107598,10,9,1
107599,22,12,10
107600,21,20,1
107601,8,7,1
107602,8,7,1
107603,8,7,1
107604,8,1,7
107605,8,1,7
107606,4,0,4
107607,4,0,4
107608,4,0,4
107609,4,0,4
107610,8,1,7
107611,8,1,7
107612,21,18,3
107614,20,15,5
107615,20,15,5
107616,20,15,5
107617,20,15,5
107618,3,1,2
107619,21,16,5
107620,21,16,5
107621,28,1,27
107622,28,1,27
107624,28,1,27
107625,17,12,5
107626,5,5,0
107627,5,5,0
107628,3,3,0
107629,3,3,0
107630,17,12,5
107631,12,3,9
107632,10,2,8
107633,5,3,2
107634,5,3,2
107635,5,3,2
107636,5,3,2
107637,10,2,8
107638,22,15,7
107639,7,4,3
107640,22,15,7
107641,21,17,4
107642,21,18,3
107643,17,12,5
107644,17,12,5
107645,17,12,5
107646,17,12,5
107647,22,15,7
107648,10,7,3
107649,8,5,3
107650,8,5,3
107651,8,5,3
107653,10,1,9
107654,10,1,9
107655,8,4,4
107657,10,1,9
107658,8,4,4
107659,8,4,4
107660,8,4,4
107690,6,6,0
107691,6,6,0
107694,12,6,6
107695,12,6,6
107696,12,6,6
107697,12,6,6
107698,12,6,6
107699,12,6,6
107700,13,11,2
107701,11,9,2
107702,11,9,2
107703,11,9,2
107704,13,11,2
107705,18,0,18
107707,18,0,18
107708,9,6,3
107714,9,6,3
107715,7,1,6
107716,2,1,1
107717,14,11,3
107718,9,6,3
107719,9,6,3
107720,9,6,3
107721,9,6,3
107722,12,10,2
107723,12,9,3
107724,12,9,3
107725,12,9,3
107726,12,10,2
107728,21,9,12
107729,21,9,12
107730,11,9,2
107731,6,0,6
107737,11,9,2
107738,11,9,2
107739,11,9,2
107740,11,9,2
107741,8,6,2
107742,1,0,1
107743,1,0,1
107750,6,5,1
107751,6,6,0
107752,6,6,0
107753,6,6,0
107754,6,6,0
107780,6,5,1
107782,2,2,0
107783,6,5,1
107786,17,1,16
107787,17,13,4
107788,17,13,4
107789,17,13,4
107790,19,15,4
107791,17,1,16
107794,17,1,16
107800,19,15,4
107801,12,6,6
107802,12,6,6
107803,12,6,6
107804,12,6,6
107805,12,6,6
107806,12,6,6
107807,1,0,1
107808,10,0,10
107809,10,0,10
107810,12,6,6
107811,12,6,6
107812,12,6,6
107813,20,15,5
107814,12,6,6
107815,17,1,16
107816,8,5,3
107818,12,4,8
107819,12,4,8
107820,5,2,3
107821,5,2,3
107822,5,2,3
107823,5,2,3
107824,12,4,8
107825,22,2,20
107826,26,19,7
107827,2,0,2
107828,2,0,2
107829,22,16,6
107830,22,16,6
107831,22,16,6
107832,22,16,6
107833,22,17,5
107834,22,17,5
107835,22,2,20
107836,22,2,20
107837,27,22,5
107846,22,2,20
107847,27,22,5
107848,23,18,5
107854,22,2,20
107855,26,19,7
107856,4,0,4
107857,27,22,5
107858,27,22,5
107859,27,22,5
107860,27,22,5
107861,27,22,5
107862,27,22,5
107863,27,22,5
107864,27,22,5
107882,18,16,2
107883,18,16,2
107884,18,16,2
107885,55,42,13
107886,4,4,0
107887,3,3,0
107888,18,18,0
107891,5,5,0
107911,22,22,0
107912,8,4,4
107913,16,10,6
107914,16,10,6
107915,16,10,6
107916,15,12,3
107917,15,0,15
107918,15,0,15
107919,15,0,15
107920,16,12,4
107921,2,1,1
107922,4,3,1
107923,3,0,3
107924,14,10,4
107925,14,10,4
107926,18,12,6
107927,5,5,0
107928,6,3,3
107929,6,3,3
107930,6,3,3
107932,6,5,1
107933,6,5,1
107934,8,4,4
107935,12,9,3
107936,12,9,3
107937,12,9,3
107938,12,9,3
107939,14,10,4
107951,10,10,0
107952,10,10,0
107980,3,0,3
107981,3,0,3
107982,3,0,3
107983,5,2,3
107984,5,2,3
107986,3,3,0
107987,2,2,0
107988,5,2,3
108001,14,13,1
108002,14,13,1
108003,14,13,1
108004,27,20,7
108005,19,17,2
108006,2,1,1
108010,42,34,8
108011,13,10,3
108012,13,10,3
108013,6,3,3
108017,26,20,6
108018,26,20,6
108019,26,20,6
108033,42,34,8
108034,12,9,3
108035,12,9,3
108036,12,9,3
108037,12,9,3
108038,42,34,8
108039,4,2,2
108040,4,2,2
108041,5,1,4
108042,4,2,2
108043,4,2,2
108044,5,1,4
108045,10,9,1
108046,13,10,3
108047,13,10,3
108048,13,10,3
108049,13,10,3
108050,11,10,1
108051,6,4,2
108052,6,4,2
108053,23,16,7
108062,6,4,2
108063,23,16,7
108064,3,0,3
108065,11,10,1
108066,10,9,1
108067,23,16,7
108068,4,4,0
108069,1,1,0
108070,21,21,0
108071,21,21,0
108072,4,4,0
108073,4,4,0
108101,17,11,6
108105,17,11,6
108106,17,11,6
108107,17,11,6
108108,17,12,5
108109,2,0,2
108110,22,8,14
108111,22,8,14
108112,22,8,14
108113,16,10,6
108116,22,8,14
108117,22,8,14
108118,16,10,6
108119,7,1,6
108120,2,1,1
108121,18,12,6
108122,17,11,6
108123,3,0,3
108124,16,10,6
108125,16,10,6
108126,16,10,6
108127,16,10,6
108128,23,18,5
108129,10,7,3
108130,9,5,4
108131,9,5,4
108132,9,5,4
108133,9,5,4
108134,13,8,5
108135,9,0,9
108138,9,0,9
108139,1,1,0
108144,9,0,9
108145,1,1,0
108146,1,1,0
108147,1,1,0
108150,16,13,3
108151,11,8,3
108152,10,7,3
108153,7,3,4
108154,1,1,0
108155,1,1,0
108156,1,1,0
108157,1,1,0
108206,30,22,8
108207,33,26,7
108208,9,9,0
108209,9,9,0
108210,9,9,0
108211,5,5,0
108212,3,2,1
108213,8,7,1
108214,33,26,7
108215,33,26,7
108216,23,16,7
108217,23,16,7
108218,23,16,7
108219,23,16,7
108220,33,26,7
108221,33,26,7
108223,7,7,0
108224,7,7,0
108225,7,7,0
108226,1,1,0
108229,4,4,0
108230,11,11,0
108231,5,5,0
108232,8,8,0
108233,8,8,0
108234,8,8,0
108235,5,5,0
108237,3,1,2
108238,19,14,5
108239,18,14,4
108240,18,14,4
108241,18,14,4
108242,18,14,4
108243,18,15,3
108244,4,2,2
108245,19,4,15
108246,19,4,15
108247,29,26,3
108248,4,4,0
108249,3,3,0
108250,3,3,0
108251,3,3,0
108252,6,6,0
108253,19,4,15
108254,29,26,3
108255,16,13,3
108256,3,1,2
108257,19,14,5
108258,5,1,4
108259,29,26,3
108260,29,26,3
108261,29,26,3
108262,29,26,3
108263,7,6,1
108264,7,6,1
108268,4,4,0
108269,16,13,3
108270,18,13,5
108271,18,13,5
108272,18,13,5
108273,18,13,5
108274,17,14,3
108275,21,6,15
108276,21,6,15
108277,24,21,3
108280,21,6,15
108281,24,21,3
108282,24,21,3
108283,24,21,3
108284,24,21,3
108285,24,21,3
108288,16,13,3
108289,38,33,5
108290,38,33,5
108291,31,11,20
108292,31,11,20
108302,10,4,6
108303,10,4,6
108304,8,5,3
108305,19,4,15
108306,19,4,15
108307,6,3,3
108309,19,4,15
108310,2,0,2
108311,6,3,3
108312,6,3,3
108313,10,4,6
108314,10,4,6
108329,5,5,0
108330,6,5,1
108331,7,1,6
108332,5,4,1
108333,17,15,2
108334,4,3,1
108335,4,3,1
108336,17,15,2
108337,16,14,2
108338,7,7,0
108339,2,2,0
108340,7,7,0
108341,14,11,3
108342,14,11,3
108343,14,11,3
108344,11,9,2
108345,2,1,1
108348,15,6,9
108349,15,6,9
108350,24,22,2
108351,1,1,0
108352,1,1,0
108353,24,22,2
108358,3,1,2
108359,24,22,2
108360,24,22,2
108361,24,22,2
108362,1,1,0
108363,16,16,0
108364,22,20,2
108365,27,23,4
108366,27,23,4
108367,27,23,4
108368,27,23,4
108369,22,19,3
108370,22,19,3
108371,2,0,2
108372,28,6,22
108375,28,6,22
108376,19,17,2
108378,19,17,2
108380,19,17,2
108381,19,17,2
108382,19,17,2
108383,19,17,2
108384,19,17,2
108385,19,17,2
108386,19,17,2
108387,19,17,2
108388,19,17,2
108389,19,17,2
108390,19,17,2
108391,5,4,1
108392,6,1,5
108393,2,1,1
108397,2,1,1
108398,2,1,1
108399,2,1,1
108400,13,13,0
108401,29,24,5
108402,29,24,5
108403,14,11,3
108404,19,13,6
108405,19,13,6
108406,19,13,6
108407,28,25,3
108408,6,3,3
108409,6,3,3
108410,1,0,1
108411,1,0,1
108441,7,7,0
108442,5,5,0
108443,5,5,0
108444,6,6,0
108445,7,7,0
108447,7,7,0
108448,7,7,0
108449,5,4,1
108450,5,4,1
108451,4,4,0
108452,14,14,0
108453,70,61,9
108454,24,20,4
108455,26,21,5
108456,26,21,5
108457,26,21,5
108458,26,21,5
108459,26,22,4
108460,25,2,23
108461,25,2,23
108462,14,9,5
108473,25,2,23
108474,14,9,5
108475,15,1,14
108476,3,2,1
108477,27,22,5
108478,24,20,4
108479,4,0,4
108480,14,9,5
108481,14,9,5
108482,14,9,5
108483,14,9,5
108484,14,9,5
108485,14,9,5
108486,14,9,5
108487,14,9,5
108488,14,9,5
108489,14,9,5
108490,14,9,5
108491,14,9,5
108492,9,6,3
108493,38,33,5
108494,55,39,16
108495,16,13,3
108496,14,11,3
108497,14,11,3
108498,14,11,3
108499,14,11,3
108500,16,14,2
108501,17,2,15
108502,17,2,15
108503,11,9,2
108513,11,9,2
108514,11,9,2
108515,15,13,2
108516,15,13,2
108517,2,0,2
108518,16,13,3
108519,4,0,4
108520,11,9,2
108521,11,9,2
108522,11,9,2
108523,16,16,0
108524,16,16,0
108525,15,12,3
108526,20,16,4
108529,19,15,4
108530,19,15,4
108531,19,15,4
108532,19,15,4
108533,18,14,4
108534,18,14,4
108535,3,0,3
108536,18,14,4
108537,27,9,18
108538,27,9,18
108539,28,24,4
108551,27,9,18
108552,1,1,0
108553,28,24,4
108554,7,1,6
108555,3,2,1
108556,20,16,4
108557,15,12,3
108558,2,0,2
108559,20,16,4
108560,6,2,4
108561,28,24,4
108562,28,24,4
108563,28,24,4
108564,28,24,4
108571,5,5,0
108573,40,30,10
108574,40,30,10
108594,9,3,6
108595,9,6,3
108596,10,7,3
108597,10,7,3
108598,10,7,3
108599,9,6,3
108600,9,3,6
108601,13,10,3
108602,9,3,6
108606,5,3,2
108607,9,4,5
108608,9,4,5
108609,10,7,3
108613,10,6,4
108614,10,6,4
108615,10,6,4
108616,10,6,4
108617,11,8,3
108618,14,3,11
108619,14,3,11
108620,10,8,2
108621,10,8,2
108632,14,3,11
108633,24,20,4
108634,2,1,1
108635,3,2,1
108636,12,8,4
108637,10,7,3
108638,4,0,4
108639,10,8,2
108640,10,8,2
108641,10,8,2
108642,10,8,2
108671,7,5,2
108672,13,7,6
108673,13,7,6
108674,13,7,6
108675,13,7,6
108676,13,8,5
108677,11,0,11
108678,11,0,11
108680,11,0,11
108681,13,3,10
108683,11,0,11
108686,13,3,10
108687,13,3,10
108688,13,3,10
108689,13,3,10
108690,13,3,10
108691,13,1,12
108692,13,1,12
108693,14,10,4
108697,172,147,25
108698,115,79,36
108701,115,79,36
108704,7,6,1
108705,7,6,1
108706,172,147,25
108707,6,5,1
108718,45,36,9
108719,19,19,0
108721,21,18,3
108722,21,18,3
108723,21,18,3
108724,21,18,3
108725,21,20,1
108726,13,13,0
108727,13,13,0
108730,18,18,0
108731,18,18,0
108732,18,18,0
108733,45,36,9
108734,14,12,2
108735,14,12,2
108743,14,12,2
108744,19,19,0
108745,5,1,4
108746,13,13,0
108747,13,13,0
108748,13,13,0
108749,13,13,0
108750,13,13,0
108751,13,13,0
108752,13,13,0
108753,13,13,0
108754,11,8,3
108755,11,8,3
108756,11,8,3
108757,13,10,3
108758,12,0,12
108759,12,0,12
108760,12,0,12
108761,12,9,3
108762,12,9,3
108763,12,9,3
108764,6,3,3
108765,15,8,7
108766,5,2,3
108767,5,2,3
108768,15,8,7
108769,12,9,3
108770,6,3,3
108771,15,8,7
108783,9,7,2
108784,9,7,2
108785,9,7,2
108786,5,0,5
108787,5,0,5
108791,9,7,2
108792,9,7,2
108793,26,23,3
108794,13,7,6
108795,20,18,2
108796,11,11,0
108797,18,15,3
108798,18,15,3
108799,24,24,0
108800,8,7,1
108801,3,3,0
108802,5,4,1
108803,7,6,1
108804,18,15,3
108805,19,15,4
108806,9,5,4
108807,24,24,0
108812,40,20,20
108813,57,43,14
108814,59,46,13
108815,59,46,13
108816,8,8,0
108817,11,11,0
108818,11,11,0
108819,8,8,0
108820,59,46,13
108821,8,8,0
108822,22,6,16
108823,22,6,16
108825,22,6,16
108826,24,19,5
108830,22,6,16
108831,22,6,16
108833,24,19,5
108834,5,1,4
108835,24,19,5
108836,24,19,5
108837,24,19,5
108838,24,19,5
108839,20,15,5
108840,23,17,6
108841,23,17,6
108842,23,17,6
108843,23,17,6
108844,19,14,5
108845,19,14,5
108846,20,15,5
108847,9,8,1
108848,9,8,1
108849,9,8,1
108850,9,8,1
108851,9,8,1
108853,14,12,2
108854,17,15,2
108855,17,15,2
108856,17,15,2
108857,17,15,2
108858,13,11,2
108859,17,6,11
108860,17,6,11
108861,29,21,8
108866,3,3,0
108871,2,2,0
108872,1,1,0
108886,29,21,8
108887,29,21,8
108888,29,21,8
108889,29,21,8
108890,17,16,1
108891,14,11,3
108892,33,32,1
108893,33,32,1
108894,17,5,12
108895,17,5,12
108896,20,10,10
108897,16,6,10
108898,16,6,10
108899,16,6,10
108900,5,0,5
108901,5,0,5
108902,16,6,10
108903,16,6,10
108905,17,5,12
108906,17,5,12
108907,17,5,12
108908,16,7,9
108909,17,5,12
108910,17,5,12
108911,17,5,12
108912,16,7,9
108913,18,10,8
108914,16,7,9
108915,16,7,9
108916,14,10,4
108917,16,11,5
108918,16,11,5
108919,13,10,3
108920,10,0,10
108921,10,0,10
108922,29,18,11
108926,17,8,9
108927,1,0,1
108928,13,10,3
108929,1,0,1
108930,3,1,2
108931,29,18,11
108932,29,18,11
108933,29,18,11
108934,29,18,11
108935,10,8,2
108936,27,22,5
108937,27,22,5
108939,37,31,6
108940,37,31,6
108941,23,21,2
108943,26,25,1
108944,26,25,1
108945,3,1,2
108946,26,25,1
108947,26,25,1
108948,22,22,0
108949,22,22,0
108950,13,12,1
108951,3,3,0
108952,3,3,0
108953,3,3,0
108954,3,3,0
108955,13,12,1
108956,16,2,14
108957,3,2,1
108958,24,23,1
108959,3,1,2
108960,23,21,2
108961,8,4,4
108962,13,12,1
108963,13,12,1
108964,13,12,1
108965,13,12,1
108966,13,12,1
108967,13,12,1
108968,13,12,1
108969,13,12,1
108970,13,12,1
108971,13,12,1
108972,13,12,1
108973,13,12,1
108975,26,19,7
108976,26,19,7
108977,17,14,3
108978,53,40,13
108979,3,0,3
108980,3,0,3
108981,53,40,13
108982,30,24,6
108983,14,12,2
108986,21,15,6
109000,6,4,2
109001,6,4,2
109002,15,9,6
109003,15,9,6
109004,24,22,2
109005,24,22,2
109006,24,22,2
109007,14,12,2
109008,24,12,12
109009,21,18,3
109010,16,12,4
109011,53,40,13
109012,13,10,3
109013,13,10,3
109014,13,10,3
109015,9,5,4
109016,31,20,11
109017,12,10,2
109019,53,40,13
109022,16,14,2
109023,30,24,6
109024,30,24,6
109025,30,24,6
109026,30,24,6
109027,30,24,6
109028,30,24,6
109029,30,24,6
109030,30,24,6
109034,1,1,0
109036,1,1,0
109037,6,5,1
109039,6,5,1
109040,6,5,1
109041,9,9,0
109042,14,11,3
109043,6,6,0
109044,3,1,2
109045,1,0,1
109046,1,0,1
109048,60,52,8
109049,60,52,8
109050,60,52,8
109051,60,52,8
109052,60,52,8
109053,12,5,7
109054,8,3,5
109055,2,0,2
109056,12,5,7
109057,8,3,5
109058,8,3,5
109059,7,2,5
109060,7,2,5
109061,3,0,3
109062,3,0,3
109063,7,2,5
109064,10,1,9
109065,10,1,9
109066,12,5,7
109067,13,10,3
109068,11,6,5
109069,11,6,5
109070,11,6,5
109071,11,8,3
109072,19,2,17
109073,19,2,17
109074,13,9,4
109075,19,2,17
109076,4,0,4
109077,13,9,4
109078,13,9,4
109079,13,9,4
109080,60,52,8
109081,60,52,8
109082,60,52,8
109083,22,19,3
109084,27,23,4
109085,27,23,4
109086,27,23,4
109087,27,23,4
109088,21,18,3
109089,24,7,17
109090,24,7,17
109093,24,7,17
109094,25,21,4
109103,25,21,4
109104,10,0,10
109105,19,16,3
109106,4,0,4
109107,25,21,4
109108,25,21,4
109109,25,21,4
109110,25,21,4
109111,25,21,4
109112,25,21,4
109113,25,21,4
109114,25,21,4
109115,8,5,3
109116,8,5,3
109117,6,3,3
109118,6,3,3
109121,6,3,3
109132,6,3,3
109133,6,3,3
109135,20,20,0
109136,18,17,1
109137,18,17,1
109138,18,17,1
109139,18,18,0
109140,11,11,0
109144,18,18,0
109145,4,1,3
109146,11,11,0
109147,11,11,0
109148,11,11,0
109149,11,11,0
109150,11,11,0
109151,11,11,0
109152,11,11,0
109153,11,11,0
109154,11,11,0
109155,11,11,0
109156,11,11,0
109158,1,0,1
109159,12,9,3
109160,6,4,2
109161,22,13,9
109163,22,13,9
109164,3,1,2
109165,2,2,0
109166,1,1,0
109168,7,7,0
109169,9,8,1
109170,8,7,1
109171,4,4,0
109174,10,8,2
109175,10,8,2
109176,10,8,2
109177,10,8,2
109184,12,7,5
109185,12,8,4
109186,12,8,4
109187,19,12,7
109190,13,12,1
109191,2,0,2
109192,14,13,1
109193,14,13,1
109194,11,10,1
109195,8,8,0
109196,8,8,0
109197,18,15,3
109198,5,5,0
109199,4,4,0
109200,4,4,0
109201,4,4,0
109202,5,5,0
109203,6,6,0
109204,7,7,0
109205,8,8,0
109206,18,15,3
109207,2,2,0
109208,18,15,3
109209,18,15,3
109210,18,15,3
109211,20,14,6
109215,22,16,6
109216,22,16,6
109217,22,16,6
109218,22,16,6
109219,21,16,5
109220,20,14,6
109221,24,9,15
109222,24,9,15
109223,24,9,15
109224,25,19,6
109234,24,9,15
109235,24,9,15
109236,25,19,6
109237,12,1,11
109238,4,3,1
109239,21,15,6
109240,3,0,3
109241,20,14,6
109242,4,0,4
109243,25,19,6
109244,25,19,6
109245,25,19,6
109246,25,19,6
109247,13,8,5
109248,3,0,3
109249,16,8,8
109250,16,8,8
109251,10,7,3
109252,13,2,11
109253,13,2,11
109254,20,7,13
109255,20,7,13
109256,20,7,13
109257,20,7,13
109258,8,5,3
109259,13,5,8
109260,19,8,11
109263,13,2,11
109264,13,2,11
109265,2,0,2
109266,13,2,11
109267,13,2,11
109268,16,11,5
109269,14,11,3
109270,14,11,3
109271,24,15,9
109272,22,16,6
109273,24,15,9
109274,22,16,6
109275,22,16,6
109276,8,0,8
109277,10,1,9
109278,10,4,6
109280,10,4,6
109286,3,0,3
109287,7,0,7
109288,7,0,7
109289,16,5,11
109292,17,11,6
109293,17,11,6
109294,14,10,4
109295,16,5,11
109296,19,10,9
109297,19,10,9
109298,19,10,9
109299,19,10,9
109300,19,10,9
109301,14,11,3
109303,16,10,6
109304,16,10,6
109305,16,10,6
109306,16,12,4
109307,24,8,16
109310,24,8,16
109311,15,7,8
109320,24,8,16
109321,15,7,8
109322,15,12,3
109323,14,11,3
109324,3,0,3
109325,15,7,8
109326,15,7,8
109327,15,7,8
109328,15,7,8
109329,5,0,5
109366,48,39,9
109367,48,39,9
109368,19,12,7
109369,19,12,7
109370,19,12,7
109371,15,12,3
109372,15,12,3
109373,30,20,10
109374,30,20,10
109375,30,20,10
109376,21,16,5
109377,4,3,1
109378,5,4,1
109379,14,8,6
109380,10,9,1
109381,14,10,4
109382,14,10,4
109383,14,10,4
109384,14,10,4
109385,10,9,1
109386,24,12,12
109387,15,13,2
109390,12,10,2
109391,12,10,2
109393,26,22,4
109394,58,46,12
109395,58,46,12
109396,18,9,9
109397,22,12,10
109398,22,12,10
109399,22,12,10
109400,28,14,14
109401,28,14,14
109402,28,14,14
109403,28,14,14
109404,28,14,14
109405,18,9,9
109406,28,14,14
109407,28,14,14
109408,28,14,14
109409,28,14,14
109410,18,9,9
109411,18,9,9
109412,16,12,4
109413,3,0,3
109414,18,9,9
109415,18,9,9
109416,18,9,9
109417,58,46,12
109421,11,7,4
109422,14,7,7
109423,14,7,7
109424,14,7,7
109425,17,14,3
109426,17,14,3
109437,28,21,7
109438,3,1,2
109439,31,24,7
109440,31,24,7
109441,31,24,7
109442,31,24,7
109443,26,20,6
109444,26,20,6
109445,26,20,6
109446,7,0,7
109447,26,20,6
109448,26,20,6
109449,27,5,22
109450,27,5,22
109451,1,0,1
109452,1,0,1
109453,27,5,22
109454,28,19,9
109455,8,6,2
109456,9,5,4
109457,9,5,4
109458,9,5,4
109459,8,6,2
109460,11,7,4
109461,1,0,1
109462,6,6,0
109463,6,6,0
109464,27,5,22
109465,27,5,22
109466,28,19,9
109467,13,5,8
109468,3,2,1
109470,29,23,6
109471,16,7,9
109475,31,21,10
109476,14,3,11
109477,5,3,2
109478,5,2,3
109479,5,2,3
109480,5,2,3
109481,5,3,2
109482,31,21,10
109483,14,3,11
109484,14,3,11
109485,3,1,2
109486,28,21,7
109487,6,0,6
109488,28,19,9
109489,28,19,9
109490,28,19,9
109491,28,19,9
109492,28,19,9
109493,28,19,9
109494,19,15,4
109495,2,2,0
109496,19,15,4
109497,19,15,4
109499,16,11,5
109500,1,0,1
109501,16,12,4
109502,16,12,4
109503,13,9,4
109504,17,5,12
109505,17,5,12
109506,15,11,4
109509,17,5,12
109510,17,5,12
109516,15,11,4
109517,2,1,1
109518,14,9,5
109519,15,11,4
109520,15,11,4
109521,4,4,0
109522,2,2,0
109523,4,4,0
109524,25,25,0
109525,3,3,0
109526,14,3,11
109530,14,3,11
109531,3,0,3
109532,9,0,9
109533,16,13,3
109534,16,13,3
109535,10,4,6
109536,7,1,6
109537,7,1,6
109538,12,3,9
109539,2,1,1
109540,2,1,1
109541,2,2,0
109542,7,1,6
109543,12,3,9
109544,12,3,9
109545,22,5,17
109546,3,1,2
109547,3,1,2
109548,22,5,17
109549,20,16,4
109560,22,5,17
109561,20,16,4
109562,7,1,6
109563,5,1,4
109564,20,16,4
109565,20,16,4
109566,20,16,4
109567,20,16,4
109568,18,15,3
109571,22,18,4
109572,22,18,4
109573,22,18,4
109574,22,18,4
109575,20,15,5
109576,20,15,5
109577,3,0,3
109578,3,0,3
109579,20,15,5
109580,20,17,3
109581,18,15,3
109582,21,5,16
109583,21,5,16
109584,21,5,16
109585,21,5,16
109586,21,5,16
109587,21,5,16
109588,24,3,21
109589,11,8,3
109590,13,9,4
109591,13,9,4
109592,13,9,4
109593,13,9,4
109594,11,8,3
109595,24,3,21
109596,12,10,2
109597,12,10,2
109598,12,10,2
109599,21,5,16
109600,21,5,16
109602,17,11,6
109603,17,11,6
109604,17,11,6
109605,12,8,4
109606,22,5,17
109607,22,5,17
109608,22,5,17
109610,17,12,5
109611,3,2,1
109612,2,1,1
109613,13,8,5
109614,21,5,16
109615,6,0,6
109616,16,0,16
109617,6,0,6
109618,6,0,6
109619,6,0,6
109620,21,5,16
109621,4,0,4
109622,3,0,3
109623,19,14,5
109624,21,14,7
109625,21,14,7
109626,21,14,7
109627,21,14,7
109628,17,14,3
109629,2,0,2
109630,21,5,16
109631,21,5,16
109632,40,23,17
109633,9,7,2
109634,13,9,4
109635,13,9,4
109636,6,5,1
109637,8,6,2
109638,40,23,17
109639,9,2,7
109640,3,2,1
109641,19,14,5
109642,8,3,5
109643,40,23,17
109644,40,23,17
109645,40,23,17
109646,40,23,17
109647,8,0,8
109648,11,0,11
109649,13,12,1
109651,13,10,3
109652,13,10,3
109653,13,10,3
109654,13,10,3
109655,13,11,2
109656,13,11,2
109657,3,0,3
109658,3,0,3
109659,13,11,2
109660,52,50,2
109661,52,50,2
109666,52,50,2
109667,12,12,0
109668,5,5,0
109669,2,2,0
109670,2,2,0
109671,2,2,0
109672,2,2,0
109673,7,6,1
109674,52,50,2
109675,52,50,2
109676,1,1,0
109677,1,1,0
109678,11,6,5
109681,2,1,1
109682,8,1,7
109685,2,0,2
109686,13,12,1
109687,6,2,4
109688,12,12,0
109689,12,12,0
109690,12,12,0
109691,12,12,0
109692,13,11,2
109693,15,12,3
109694,15,12,3
109695,15,12,3
109696,13,11,2
109697,16,4,12
109698,16,4,12
109699,21,18,3
109700,21,18,3
109701,21,18,3
109702,21,18,3
109703,21,18,3
109704,5,3,2
109706,5,3,2
109728,17,13,4
109729,58,46,12
109730,63,48,15
109731,15,12,3
109732,15,12,3
109733,15,12,3
109734,5,2,3
109735,5,2,3
109736,15,8,7
109737,15,8,7
109738,5,2,3
109739,5,2,3
109740,15,8,7
109741,17,8,9
109742,17,8,9
109743,17,8,9
109744,10,7,3
109746,8,6,2
109747,10,6,4
109748,2,0,2
109749,2,0,2
109750,10,6,4
109751,8,6,2
109752,5,3,2
109753,6,4,2
109754,6,4,2
109755,6,4,2
109756,7,2,5
109757,7,2,5
109758,16,14,2
109760,16,14,2
109761,63,48,15
109762,10,9,1
109763,10,9,1
109764,10,9,1
109765,10,9,1
109766,10,9,1
109767,10,9,1
109768,14,5,9
109769,10,9,1
109770,10,9,1
109771,10,9,1
109772,12,6,6
109773,12,10,2
109774,12,10,2
109775,21,2,19
109776,6,3,3
109777,12,6,6
109778,6,3,3
109779,6,3,3
109780,6,3,3
109781,6,3,3
109782,4,0,4
109783,6,1,5
109784,1,0,1
109785,4,0,4
109786,2,1,1
109787,2,1,1
109788,4,2,2
109789,8,1,7
109790,4,0,4
109799,23,16,7
109800,20,14,6
109801,20,14,6
109802,20,14,6
109803,20,14,6
109804,22,17,5
109805,3,1,2
109806,18,0,18
109807,18,0,18
109808,18,0,18
109809,14,9,5
109821,18,0,18
109822,18,0,18
109823,14,9,5
109826,22,17,5
109827,3,1,2
109828,23,16,7
109829,4,0,4
109830,14,9,5
109831,14,9,5
109832,14,9,5
109833,14,9,5
109834,14,9,5
109835,14,9,5
109836,14,9,5
109837,14,9,5
109838,184,128,56
109839,61,53,8
109840,61,53,8
109841,61,53,8
109842,49,46,3
109843,49,46,3
109844,90,59,31
109847,90,59,31
109848,90,59,31
109849,83,78,5
109851,25,24,1
109852,10,9,1
109853,20,12,8
109854,76,57,19
109855,15,7,8
109856,15,7,8
109857,76,57,19
109858,39,31,8
109859,11,6,5
109860,11,6,5
109861,11,7,4
109862,13,0,13
109863,13,0,13
109864,11,7,4
109865,15,4,11
109866,1,0,1
109867,10,1,9
109868,4,2,2
109869,6,1,5
109870,6,1,5
109871,15,4,11
109872,15,4,11
109873,15,4,11
109874,14,9,5
109875,14,9,5
109876,18,15,3
109877,35,27,8
109878,35,27,8
109879,35,27,8
109880,35,27,8
109881,18,15,3
109882,53,37,16
109883,35,32,3
109884,4,3,1
109885,21,17,4
109886,21,17,4
109887,184,128,56
109888,54,51,3
109889,54,51,3
109890,54,51,3
109891,54,51,3
109892,54,51,3
109893,54,51,3
109894,54,51,3
109895,54,51,3
109896,54,51,3
109897,54,51,3
109898,6,3,3
109899,76,57,19
109900,6,3,3
109901,1,0,1
109903,21,18,3
109904,25,19,6
109905,25,19,6
109906,20,17,3
109907,23,3,20
109909,23,3,20
109910,22,10,12
109911,7,3,4
109912,22,10,12
109913,22,10,12
109914,22,10,12
109915,22,10,12
109916,22,10,12
109917,22,10,12
109918,22,10,12
109919,22,10,12
109920,22,10,12
109921,22,10,12
109922,22,10,12
109923,22,10,12
109924,7,5,2
109925,15,9,6
109926,8,5,3
109927,17,8,9
109928,30,12,18
109929,30,12,18
109930,26,21,5
109931,18,14,4
109932,3,3,0
109933,3,3,0
109934,25,10,15
109935,9,6,3
109936,1,0,1
109937,9,6,3
109938,10,6,4
109939,17,9,8
109940,3,2,1
109941,17,9,8
109942,12,3,9
109943,12,3,9
109944,12,3,9
109945,12,3,9
109946,33,13,20
109947,33,13,20
109948,33,13,20
109949,33,13,20
109950,33,13,20
109951,33,13,20
109952,33,13,20
109953,10,0,10
109956,14,3,11
109957,14,3,11
109958,14,3,11
109959,14,3,11
109960,14,3,11
109961,8,6,2
109962,11,6,5
109963,14,0,14
109966,14,0,14
109967,9,6,3
109974,9,6,3
109975,6,0,6
109976,2,0,2
109977,9,6,3
109978,9,6,3
109979,9,6,3
109980,9,6,3
109981,7,3,4
109982,7,3,4
109983,12,10,2
109984,13,10,3
109985,13,10,3
109986,13,11,2
109987,13,11,2
109988,12,10,2
109989,3,0,3
109990,2,0,2
110004,8,4,4
110006,16,1,15
110007,4,0,4
110008,16,1,15
110009,16,1,15
110010,16,1,15
110011,7,4,3
110012,8,4,4
110013,7,4,3
110014,7,2,5
110015,7,2,5
110016,2,2,0
110017,7,2,5
110018,8,5,3
110019,1,0,1
110020,2,2,0
110021,8,5,3
110022,14,3,11
110023,12,9,3
110024,13,8,5
110025,13,8,5
110026,13,8,5
110027,13,8,5
110028,12,9,3
110031,14,3,11
110032,18,7,11
110033,14,3,11
110034,18,7,11
110035,18,7,11
110038,14,14,0
110039,18,15,3
110040,18,15,3
110041,18,15,3
110042,18,15,3
110043,15,15,0
110044,31,31,0
110045,1,1,0
110046,1,1,0
110047,31,31,0
110048,34,28,6
110049,13,13,0
110050,13,13,0
110051,13,13,0
110052,8,8,0
110053,7,7,0
110054,31,31,0
110055,34,28,6
110082,18,16,2
110083,9,5,4
110084,34,28,6
110085,34,28,6
110086,34,28,6
110087,34,28,6
110088,41,18,23
110089,6,5,1
110090,115,79,36
110091,115,79,36
110092,31,23,8
110093,13,13,0
110094,3,3,0
110096,3,3,0
110097,3,3,0
110098,3,3,0
110099,3,3,0
110100,3,3,0
110101,3,3,0
110102,3,3,0
110103,3,3,0
110104,3,3,0
110105,3,3,0
110106,16,3,13
110107,16,3,13
110110,16,3,13
110111,14,8,6
110123,16,3,13
110124,16,3,13
110125,14,8,6
110129,5,1,4
110130,2,1,1
110134,4,0,4
110135,14,8,6
110136,14,8,6
110137,15,10,5
110138,17,11,6
110139,17,11,6
110140,17,11,6
110141,17,11,6
110142,19,14,5
110143,18,12,6
110144,15,10,5
110146,23,23,0
110147,16,13,3
110148,16,13,3
110149,16,13,3
110150,16,13,3
110151,13,13,0
110152,23,23,0
110153,23,23,0
110154,18,15,3
110155,8,8,0
110156,5,5,0
110157,13,12,1
110188,5,1,4
110189,18,15,3
110190,18,15,3
110191,18,15,3
110192,18,15,3
110193,4,1,3
110194,4,0,4
110195,5,1,4
110196,10,6,4
110197,10,4,6
110198,10,4,6
110199,10,4,6
110200,10,4,6
110201,14,7,7
110202,13,0,13
110203,2,0,2
110204,2,0,2
110205,13,0,13
110206,10,1,9
110207,8,6,2
110208,8,4,4
110209,8,4,4
110210,8,4,4
110211,8,4,4
110212,8,6,2
110214,8,6,2
110215,8,6,2
110216,16,12,4
110217,10,6,4
110218,5,0,5
110219,10,1,9
110220,10,1,9
110221,10,1,9
110222,10,1,9
110223,26,21,5
110232,10,4,6
110233,103,77,26
110234,119,87,32
110235,103,77,26
110236,38,32,6
110237,38,32,6
110238,9,7,2
110239,9,7,2
110241,3,0,3
110242,33,26,7
110243,35,27,8
110244,35,27,8
110245,35,27,8
110246,35,27,8
110247,35,27,8
110248,35,27,8
110249,32,22,10
110250,32,22,10
110251,5,0,5
110252,5,0,5
110253,32,22,10
110254,48,16,32
110256,48,16,32
110257,38,25,13
110258,9,7,2
110259,9,5,4
110260,9,5,4
110261,9,5,4
110262,9,5,4
110263,9,7,2
110264,10,8,2
110265,2,1,1
110266,4,1,3
110267,10,7,3
110268,10,7,3
110269,48,16,32
110270,38,25,13
110271,2,2,0
110272,2,1,1
110273,29,25,4
110274,3,0,3
110275,33,26,7
110276,10,3,7
110277,38,25,13
110278,38,25,13
110279,38,25,13
110280,38,25,13
110281,38,25,13
110282,38,25,13
110283,38,25,13
110284,38,25,13
110285,38,25,13
110286,38,25,13
110287,119,87,32
110288,17,13,4
110289,21,13,8
110290,21,13,8
110291,21,13,8
110292,21,13,8
110293,17,13,4
110294,24,13,11
110295,5,2,3
110296,15,13,2
110297,15,13,2
110298,24,18,6
110299,26,17,9
110300,26,17,9
110301,26,17,9
110302,26,17,9
110303,24,18,6
110304,24,18,6
110305,2,0,2
110306,2,0,2
110307,29,10,19
110308,29,10,19
110311,29,10,19
110312,17,12,5
110319,29,10,19
110320,1,1,0
110321,17,12,5
110322,25,19,6
110323,24,18,6
110324,5,1,4
110325,17,12,5
110326,17,12,5
110327,17,12,5
110328,17,12,5
110329,17,12,5
110330,17,12,5
110331,17,12,5
110332,17,12,5
110333,10,5,5
110334,10,5,5
110335,10,5,5
110336,10,5,5
110337,10,5,5
110338,15,13,2
110339,19,14,5
110340,19,14,5
110341,19,14,5
110342,19,14,5
110343,16,15,1
110344,23,11,12
110345,23,11,12
110346,6,0,6
110347,15,14,1
110348,15,14,1
110349,15,13,2
110350,5,0,5
110351,23,11,12
110352,23,11,12
110353,23,11,12
110354,23,11,12
110367,35,20,15
110368,35,20,15
110369,2,1,1
110370,2,0,2
110371,2,1,1
110377,67,51,16
110378,57,41,16
110379,57,41,16
110380,27,21,6
110381,27,21,6
110382,57,41,16
110383,23,22,1
110384,23,22,1
110385,23,22,1
110386,15,14,1
110387,36,28,8
110388,30,20,10
110389,5,3,2
110390,5,3,2
110391,6,4,2
110392,7,0,7
110393,7,0,7
110394,6,4,2
110395,6,4,2
110396,30,20,10
110403,12,8,4
110404,14,9,5
110405,14,9,5
110406,14,9,5
110407,12,9,3
110408,20,9,11
110409,20,9,11
110410,11,7,4
110416,20,9,11
110417,11,7,4
110418,4,1,3
110419,12,9,3
110420,1,0,1
110421,11,7,4
110422,35,22,13
110423,35,22,13
110424,20,15,5
110425,20,15,5
110426,20,15,5
110427,18,15,3
110428,27,11,16
110429,27,11,16
110430,27,11,16
110431,27,23,4
110432,22,15,7
110433,22,15,7
110434,22,15,7
110435,22,15,7
110436,22,15,7
110437,3,2,1
110438,2,1,1
110439,21,4,17
110440,9,7,2
110441,7,5,2
110442,7,5,2
110443,7,5,2
110444,7,5,2
110445,9,7,2
110446,21,4,17
110447,10,8,2
110448,10,8,2
110449,10,8,2
110450,22,15,7
110451,12,4,8
110452,22,15,7
110453,19,15,4
110454,12,4,8
110455,22,15,7
110456,11,8,3
110457,11,8,3
110458,4,0,4
110459,11,8,3
110460,11,8,3
110461,29,22,7
110462,22,16,6
110463,2,1,1
110464,2,1,1
110465,32,26,6
110466,32,26,6
110467,32,26,6
110468,32,26,6
110469,22,18,4
110470,38,22,16
110471,38,22,16
110472,43,34,9
110482,38,22,16
110483,1,1,0
110486,43,34,9
110487,8,2,6
110488,5,4,1
110489,19,14,5
110490,43,34,9
110491,43,34,9
110492,43,34,9
110493,43,34,9
110495,1,1,0
110496,9,9,0
110497,11,9,2
110498,11,9,2
110499,20,12,8
110500,9,7,2
110501,9,7,2
110502,57,41,16
110503,10,3,7
110504,11,9,2
110505,16,14,2
110506,16,14,2
110507,11,9,2
110508,25,12,13
110509,25,12,13
110510,9,7,2
110511,10,8,2
110512,9,7,2
110513,9,7,2
110514,9,7,2
110515,4,3,1
110516,4,3,1
110517,4,3,1
110518,5,2,3
110519,34,32,2
110520,34,32,2
110521,34,32,2
110522,6,1,5
110523,6,1,5
110524,34,32,2
110525,34,32,2
110526,6,4,2
110527,1,1,0
110528,39,33,6
110529,15,15,0
110530,15,15,0
110531,39,33,6
110532,19,16,3
110533,30,27,3
110534,30,27,3
110535,30,27,3
110536,24,21,3
110537,31,17,14
110538,31,17,14
110539,36,33,3
110544,31,17,14
110545,36,33,3
110546,17,14,3
110547,36,33,3
110548,36,33,3
110549,39,33,6
110550,27,25,2
110551,27,25,2
110552,10,5,5
110553,23,18,5
110554,23,18,5
110555,23,18,5
110556,6,1,5
110557,6,1,5
110558,6,1,5
110559,23,18,5
110560,23,18,5
110561,40,14,26
110562,36,29,7
110563,27,21,6
110564,27,21,6
110565,27,21,6
110566,27,21,6
110567,27,21,6
110568,27,21,6
110569,27,21,6
110570,27,21,6
110571,23,6,17
110572,23,6,17
110573,9,6,3
110574,10,7,3
110575,10,7,3
110576,9,6,3
110577,8,5,3
110578,23,6,17
110579,27,21,6
110580,27,21,6
110581,27,21,6
110582,18,6,12
110583,18,6,12
110584,27,21,6
110585,23,22,1
110586,6,5,1
110587,6,5,1
110588,7,6,1
110589,7,6,1
110590,14,0,14
110591,5,4,1
110592,5,4,1
110593,5,4,1
110601,19,19,0
110602,19,19,0
110603,10,7,3
110604,1,0,1
110605,8,6,2
110606,8,6,2
110607,9,3,6
110608,9,3,6
110609,7,5,2
110611,7,5,2
110612,7,5,2
110613,21,4,17
110614,3,3,0
110615,21,4,17
110616,25,16,9
110619,25,16,9
110620,4,1,3
110621,25,16,9
110622,25,16,9
110623,25,16,9
110624,9,7,2
110625,11,7,4
110627,11,2,9
110628,11,2,9
110629,5,2,3
110630,5,2,3
110631,5,2,3
110632,5,2,3
110633,5,2,3
110634,5,2,3
110635,11,7,4
110636,11,7,4
110637,16,12,4
110638,21,12,9
110639,21,12,9
110640,21,12,9
110641,16,13,3
110642,14,11,3
110643,18,9,9
110644,18,9,9
110645,23,19,4
110646,14,13,1
110647,11,10,1
110648,11,10,1
110649,11,10,1
110650,11,10,1
110651,13,13,0
110652,23,19,4
110653,1,1,0
110654,23,19,4
110655,8,8,0
110656,9,7,2
110657,15,12,3
110658,12,11,1
110659,7,6,1
110660,7,6,1
110661,23,19,4
110662,8,8,0
110663,14,14,0
110664,23,19,4
110665,4,0,4
110666,4,0,4
110667,8,8,0
110668,8,8,0
110669,8,8,0
110670,8,8,0
110699,6,4,2
110700,6,4,2
110701,28,26,2
110702,17,13,4
110703,2,1,1
110705,2,1,1
110706,27,23,4
110707,15,13,2
110708,23,11,12
110709,23,11,12
110710,25,23,2
110711,2,2,0
110712,7,7,0
110713,5,5,0
110714,7,7,0
110715,7,7,0
110716,4,3,1
110717,25,23,2
110718,14,12,2
110719,28,26,2
110720,4,3,1
110721,25,23,2
110722,25,23,2
110723,25,23,2
110724,25,23,2
110725,24,19,5
110726,23,18,5
110727,22,16,6
110728,22,16,6
110729,22,16,6
110730,22,16,6
110731,24,17,7
110732,24,17,7
110733,3,0,3
110734,3,0,3
110735,24,17,7
110736,22,1,21
110737,22,1,21
110738,1,0,1
110739,1,0,1
110740,22,1,21
110741,16,10,6
110752,22,1,21
110753,22,1,21
110754,16,10,6
110755,13,1,12
110756,2,1,1
110762,25,19,6
110765,23,18,5
110766,4,0,4
110767,16,10,6
110768,16,10,6
110769,16,10,6
110770,16,10,6
110771,16,10,6
110772,16,10,6
110773,16,10,6
110774,16,10,6
110775,7,6,1
110776,7,6,1
110777,5,4,1
110778,7,2,5
110779,5,4,1
110780,2,2,0
110781,5,4,1
110782,25,18,7
110783,5,3,2
110784,30,24,6
110785,30,24,6
110786,30,24,6
110787,30,24,6
110788,25,18,7
110789,25,18,7
110790,3,0,3
110791,3,0,3
110792,25,18,7
110793,25,7,18
110794,25,7,18
110795,25,7,18
110796,28,23,5
110804,25,7,18
110805,25,7,18
110806,28,23,5
110807,2,1,1
110810,25,19,6
110811,3,1,2
110812,25,18,7
110813,4,0,4
110814,28,23,5
110815,28,23,5
110816,28,23,5
110817,28,23,5
110818,28,23,5
110819,28,23,5
110824,9,5,4
110825,9,7,2
110826,6,5,1
110827,6,5,1
110828,6,5,1
110829,6,5,1
110830,9,7,2
110831,10,1,9
110832,9,8,1
110835,8,7,1
110836,8,7,1
110837,9,5,4
110847,17,12,5
110848,21,8,13
110849,21,8,13
110850,21,8,13
110851,15,6,9
110852,15,6,9
110853,16,7,9
110854,17,4,13
110855,17,4,13
110856,17,4,13
110857,17,4,13
110858,17,4,13
110859,12,3,9
110860,17,4,13
110861,17,4,13
110862,17,4,13
110863,17,4,13
110864,16,11,5
110865,16,11,5
110866,12,3,9
110867,12,3,9
110868,12,3,9
110869,12,3,9
110870,21,8,13
110871,14,14,0
110872,15,14,1
110873,15,14,1
110874,15,14,1
110875,15,14,1
110876,14,14,0
110877,2,2,0
110878,2,2,0
110879,2,2,0
110880,19,18,1
110889,2,2,0
110890,2,2,0
110891,19,18,1
110892,8,2,6
110893,3,2,1
110894,15,14,1
110895,14,14,0
110896,5,1,4
110897,19,18,1
110898,19,18,1
110899,19,18,1
110900,19,18,1
110990,18,13,5
110991,21,8,13
110992,6,4,2
111001,65,65,0
111005,65,65,0
111006,65,65,0
111008,65,65,0
111009,27,21,6
111010,27,21,6
111011,27,21,6
111012,27,21,6
111013,27,21,6
111014,12,10,2
111017,1,0,1
111018,1,0,1
111019,14,13,1
111020,14,13,1
111021,14,13,1
111022,15,13,2
111023,20,19,1
111032,20,19,1
111033,7,1,6
111034,1,1,0
111035,3,0,3
111036,20,19,1
111037,20,19,1
111038,20,19,1
111039,20,19,1
111043,7,3,4
111044,1,0,1
111045,1,0,1
111046,11,8,3
111047,11,8,3
111049,21,14,7
111050,6,6,0
111053,21,14,7
111054,2,0,2
111055,6,6,0
111056,6,6,0
111057,6,6,0
111058,6,6,0
111062,1,1,0
111063,1,1,0
111065,37,33,4
111068,7,5,2
111069,7,5,2
111070,8,0,8
111071,8,0,8
111072,4,2,2
111075,4,2,2
111076,4,2,2
111077,4,2,2
111078,37,33,4
111080,36,29,7
111081,36,29,7
111082,36,29,7
111083,17,14,3
111084,17,14,3
111085,17,14,3
111086,17,14,3
111087,1,1,0
111088,1,1,0
111089,10,9,1
111090,10,9,1
111091,10,9,1
111092,7,6,1
111093,7,6,1
111094,3,0,3
111095,7,6,1
111096,1,1,0
111097,7,7,0
111098,24,24,0
111099,24,24,0
111101,9,7,2
111102,9,7,2
111103,15,13,2
111104,15,13,2
111119,8,5,3
111122,1,1,0
111123,4,4,0
111127,5,4,1
111159,5,4,1
111237,6,3,3
111238,6,3,3
111239,6,0,6
111240,6,0,6
111241,5,2,3
111243,6,0,6
111249,5,2,3
111250,4,4,0
111251,4,4,0
111252,55,42,13
111271,18,15,3
111272,18,15,3
111273,18,15,3
111274,12,10,2
111275,24,14,10
111277,24,14,10
111278,24,22,2
111279,3,3,0
111280,24,22,2
111281,3,3,0
111282,5,2,3
111283,24,22,2
111284,24,22,2
111285,24,22,2
111286,24,22,2
111287,21,21,0
111288,2,2,0
111289,21,21,0
111290,1,1,0
111291,2,2,0
111292,15,11,4
111293,17,13,4
111294,17,13,4
111295,17,13,4
111296,6,3,3
111297,6,3,3
111298,17,10,7
111299,17,10,7
111300,5,2,3
111301,5,2,3
111302,17,10,7
111303,4,2,2
111304,15,3,12
111305,15,3,12
111306,18,15,3
111307,8,8,0
111308,8,8,0
111309,8,8,0
111310,8,8,0
111311,8,8,0
111312,8,8,0
111313,8,8,0
111314,9,9,0
111315,15,3,12
111316,18,15,3
111319,15,12,3
111320,15,11,4
111321,4,1,3
111322,18,15,3
111330,34,29,5
111331,34,29,5
111332,21,18,3
111333,21,18,3
111334,21,18,3
111335,24,21,3
111336,30,11,19
111337,30,11,19
111338,30,11,19
111339,32,25,7
111340,27,21,6
111341,27,21,6
111342,27,21,6
111343,27,21,6
111344,27,21,6
111345,27,21,6
111346,5,4,1
111347,1,0,1
111348,1,0,1
111349,4,3,1
111350,24,6,18
111351,10,8,2
111352,9,7,2
111353,9,7,2
111354,9,7,2
111355,10,8,2
111356,24,6,18
111357,13,7,6
111358,2,1,1
111359,2,1,1
111360,11,7,4
111361,27,21,6
111362,27,21,6
111363,27,21,6
111364,22,17,5
111365,14,2,12
111366,27,21,6
111367,16,8,8
111368,1,0,1
111369,20,10,10
111370,20,10,10
111371,12,5,7
111372,29,21,8
111373,29,21,8
111375,29,21,8
111376,8,8,0
111380,29,21,8
111381,29,21,8
111382,23,15,8
111383,2,1,1
111384,16,8,8
111385,2,0,2
111386,8,8,0
111387,8,8,0
111388,8,8,0
111389,8,8,0
111390,8,8,0
111391,8,8,0
111392,8,8,0
111393,8,8,0
111394,29,21,8
111395,29,21,8
111396,6,4,2
111397,6,4,2
111398,6,5,1
111399,4,3,1
111400,7,1,6
111401,1,0,1
111402,1,0,1
111403,1,0,1
111404,4,3,1
111405,4,3,1
111406,25,22,3
111407,25,22,3
111408,25,22,3
111409,12,9,3
111410,12,9,3
111411,12,9,3
111412,14,11,3
111413,17,2,15
111414,17,2,15
111415,17,2,15
111416,19,16,3
111417,12,6,6
111418,12,6,6
111419,12,6,6
111420,1,0,1
111421,15,2,13
111422,8,6,2
111423,6,4,2
111424,6,4,2
111425,6,4,2
111426,6,4,2
111427,8,6,2
111428,15,2,13
111429,9,7,2
111430,9,7,2
111431,12,6,6
111435,12,6,6
111436,15,11,4
111437,25,22,3
111438,7,2,5
111458,7,7,0
111470,15,12,3
111471,13,10,3
111472,13,10,3
111473,13,10,3
111474,13,10,3
111475,16,13,3
111476,16,0,16
111477,16,0,16
111478,11,8,3
111487,16,0,16
111488,11,8,3
111489,16,13,3
111490,15,12,3
111491,11,8,3
111492,11,8,3
111493,11,8,3
111494,11,8,3
111497,7,7,0
111498,33,25,8
111499,32,25,7
111500,32,25,7
111501,32,25,7
111502,32,25,7
111503,27,19,8
111504,27,19,8
111505,27,19,8
111506,5,0,5
111507,5,0,5
111508,27,19,8
111509,27,19,8
111510,3,1,2
111511,34,25,9
111512,16,14,2
111513,17,15,2
111514,11,9,2
111515,11,9,2
111516,11,9,2
111522,17,1,16
111523,17,1,16
111524,9,7,2
111529,9,7,2
111530,15,13,2
111532,9,7,2
111533,9,7,2
111534,9,7,2
111535,9,7,2
111536,34,25,9
111537,59,30,29
111538,59,30,29
111539,59,30,29
111540,59,30,29
111541,42,35,7
111542,11,11,0
111543,7,7,0
111544,7,7,0
111545,7,7,0
111546,7,7,0
111547,11,11,0
111548,15,14,1
111549,2,1,1
111550,3,1,2
111551,11,10,1
111552,11,10,1
111553,59,30,29
111554,59,30,29
111555,42,35,7
111556,9,3,6
111557,6,5,1
111575,34,25,9
111576,36,29,7
111578,34,25,9
111607,3,1,2
111608,33,25,8
111609,8,4,4
111610,42,35,7
111611,42,35,7
111612,42,35,7
111613,42,35,7
111614,10,10,0
111633,9,8,1
111634,9,8,1
111635,12,5,7
111636,12,11,1
111637,12,11,1
111638,12,11,1
111639,12,11,1
111640,12,11,1
111641,12,9,3
111642,13,10,3
111643,13,10,3
111644,12,9,3
111645,15,5,10
111646,15,5,10
111647,15,5,10
111648,16,13,3
111651,16,13,3
111661,16,13,3
111662,16,13,3
111663,16,13,3
111664,16,13,3
111665,23,20,3
111666,24,21,3
111667,26,22,4
111668,26,22,4
111669,26,22,4
111670,26,23,3
111676,29,6,23
111678,29,6,23
111679,16,13,3
111686,29,6,23
111687,16,13,3
111688,2,1,1
111689,25,21,4
111690,23,20,3
111691,24,21,3
111692,4,1,3
111693,16,13,3
111694,16,13,3
111695,16,13,3
111696,16,13,3
111697,16,13,3
111698,16,13,3
111699,16,13,3
111700,16,13,3
111701,16,13,3
111702,16,13,3
111703,16,13,3
111704,16,13,3
111705,3,2,1
111706,24,18,6
111707,16,16,0
111708,16,16,0
111709,16,16,0
111710,20,20,0
111711,6,6,0
111712,6,6,0
111713,21,18,3
111714,9,9,0
111715,9,9,0
111716,17,16,1
111717,3,2,1
111718,3,2,1
111720,17,16,1
111721,10,6,4
111722,9,7,2
111723,10,6,4
111724,29,23,6
111725,12,7,5
111726,8,6,2
111727,11,9,2
111728,12,7,5
111729,5,3,2
111730,6,4,2
111731,6,4,2
111732,6,2,4
111733,6,2,4
111734,3,0,3
111735,3,0,3
111736,6,2,4
111737,11,4,7
111739,11,4,7
111740,29,23,6
111741,16,16,0
111742,16,16,0
111743,16,16,0
111744,16,16,0
111745,16,16,0
111746,16,16,0
111747,16,16,0
111748,16,16,0
111749,16,16,0
111750,16,16,0
111764,7,3,4
111765,7,3,4
111766,15,10,5
111767,24,18,6
111768,24,18,6
111769,23,19,4
111771,33,25,8
111772,33,25,8
111773,33,25,8
111774,33,25,8
111775,20,17,3
111776,31,13,18
111778,31,13,18
111779,15,11,4
111791,31,13,18
111792,15,11,4
111793,12,2,10
111794,2,1,1
111795,3,0,3
111796,24,20,4
111797,2,0,2
111798,23,19,4
111799,5,0,5
111800,15,11,4
111801,15,11,4
111802,15,11,4
111803,15,11,4
111804,15,11,4
111805,15,11,4
111806,15,11,4
111807,15,11,4
111808,10,10,0
111809,10,10,0
111810,21,21,0
111849,28,26,2
111850,1,0,1
111851,1,0,1
111852,17,12,5
111853,17,12,5
111854,17,12,5
111855,16,11,5
111856,15,5,10
111857,15,5,10
111858,15,5,10
111859,21,16,5
111863,15,5,10
111864,15,5,10
111866,21,16,5
111867,21,16,5
111868,21,16,5
111869,21,16,5
111870,21,16,5
111871,23,18,5
111872,20,14,6
111873,18,12,6
111874,18,12,6
111875,18,12,6
111876,18,12,6
111877,20,15,5
111878,18,0,18
111879,18,0,18
111882,18,0,18
111883,14,8,6
111895,18,0,18
111896,18,0,18
111897,14,8,6
111898,9,1,8
111899,2,1,1
111900,21,15,6
111901,2,0,2
111902,20,14,6
111903,4,0,4
111904,14,8,6
111905,14,8,6
111906,14,8,6
111907,14,8,6
111908,14,8,6
111909,14,8,6
111910,23,18,5
111924,8,3,5
111925,15,8,7
111926,15,8,7
111927,12,10,2
111928,16,5,11
111930,16,5,11
111931,1,1,0
111932,15,8,7
111933,15,8,7
111934,12,12,0
111935,12,12,0
111936,12,12,0
111937,12,12,0
111938,12,12,0
111939,12,12,0
111940,11,9,2
111941,11,9,2
111942,11,9,2
111943,11,9,2
111944,11,9,2
111945,11,9,2
112013,2,2,0
112075,262,144,118
112078,1,1,0
112079,18,18,0
112082,5,1,4
112083,24,18,6
112094,8,2,6
112095,8,5,3
112096,4,0,4
112097,4,0,4
112098,3,0,3
112099,3,0,3
112100,3,0,3
112101,4,0,4
112102,11,6,5
112103,11,6,5
112104,6,3,3
112105,11,6,5
112106,5,5,0
112107,6,6,0
112108,6,6,0
112109,6,6,0
112110,6,6,0
112111,5,5,0
112112,23,23,0
112113,23,23,0
112114,23,23,0
112115,18,17,1
112116,18,17,1
112117,18,17,1
112118,5,0,5
112119,18,17,1
112120,18,17,1
112121,51,41,10
112123,17,11,6
112124,17,11,6
112125,17,11,6
112126,13,11,2
112127,19,5,14
112128,19,5,14
112129,1,0,1
112130,1,0,1
112132,15,13,2
112143,12,10,2
112144,10,8,2
112145,10,8,2
112146,10,8,2
112147,10,8,2
112148,13,11,2
112149,14,0,14
112150,14,0,14
112151,10,8,2
112155,10,8,2
112156,13,11,2
112157,12,10,2
112158,10,8,2
112159,10,8,2
112160,14,10,4
112161,14,10,4
112162,10,9,1
112163,11,7,4
112164,11,7,4
112165,11,7,4
112166,11,7,4
112167,24,13,11
112168,6,5,1
112169,6,5,1
112170,51,41,10
112171,15,13,2
112172,15,13,2
112173,15,13,2
112174,15,13,2
112175,22,21,1
112176,4,3,1
112177,4,3,1
112179,22,21,1
112180,16,13,3
112181,16,13,3
112182,24,24,0
112183,24,24,0
112184,24,24,0
112185,24,24,0
112186,24,24,0
112187,24,24,0
112188,24,24,0
112189,24,24,0
112190,24,24,0
112191,24,24,0
112202,14,12,2
112203,20,17,3
112204,20,17,3
112205,20,17,3
112206,20,17,3
112207,14,12,2
112208,16,12,4
112209,4,2,2
112210,14,12,2
112211,14,12,2
112212,42,29,13
112213,11,8,3
112214,14,9,5
112215,14,9,5
112216,9,8,1
112217,21,13,8
112218,16,14,2
112220,16,14,2
112221,16,14,2
112222,5,5,0
112223,3,3,0
112224,26,26,0
112225,1,1,0
112241,7,4,3
112242,7,4,3
112243,7,4,3
112255,9,6,3
112256,49,44,5
112257,7,4,3
112258,49,44,5
112261,21,15,6
112262,21,15,6
112263,1,1,0
112264,56,50,6
112271,4,3,1
112272,17,9,8
112273,5,4,1
112274,3,3,0
112275,5,4,1
112276,56,50,6
112277,56,50,6
112283,12,6,6
112284,12,6,6
112285,12,6,6
112287,9,7,2
112288,18,6,12
112289,18,6,12
112290,15,12,3
112297,2,1,1
112299,10,6,4
112300,7,6,1
112301,8,4,4
112302,8,4,4
112303,8,4,4
112304,8,4,4
112305,7,6,1
112306,18,6,12
112307,9,7,2
112308,10,8,2
112310,13,11,2
112311,13,11,2
112312,13,11,2
112314,11,6,5
112315,11,6,5
112316,13,11,2
112317,13,11,2
112318,3,3,0
112319,3,3,0
112320,3,3,0
112325,6,6,0
112329,6,6,0
112330,16,16,0
112332,8,8,0
112333,8,8,0
112334,8,8,0
112335,7,7,0
112336,11,11,0
112337,11,11,0
112338,1,0,1
112339,9,8,1
112341,51,51,0
112342,51,51,0
112343,51,51,0
112344,51,51,0
112345,51,51,0
112346,51,51,0
112347,51,51,0
112348,51,51,0
112350,51,51,0
112351,51,51,0
112359,11,9,2
112360,11,9,2
112361,69,61,8
112362,21,20,1
112363,21,20,1
112364,21,20,1
112365,18,17,1
112368,41,20,21
112369,18,17,1
112370,1,1,0
112371,3,2,1
112372,3,2,1
112373,7,1,6
112374,3,2,1
112375,15,13,2
112376,15,13,2
112377,69,61,8
112378,9,8,1
112379,9,8,1
112380,9,8,1
112381,9,8,1
112382,9,8,1
112383,9,8,1
112384,9,8,1
112385,9,8,1
112386,15,13,2
112387,12,7,5
112388,49,44,5
112390,10,10,0
112393,167,121,46
112396,14,14,0
112397,14,14,0
112398,17,14,3
112399,17,14,3
112400,2,0,2
112401,2,0,2
112402,2,0,2
112403,45,43,2
112404,45,43,2
112405,45,43,2
112406,45,43,2
112407,45,43,2
112408,45,43,2
112409,45,43,2
112410,27,15,12
112411,45,43,2
112412,45,43,2
112413,45,43,2
112414,45,43,2
112415,13,1,12
112416,45,43,2
112417,35,18,17
112418,35,18,17
112419,20,13,7
112420,4,2,2
112421,20,12,8
112422,20,12,8
112423,20,12,8
112424,17,13,4
112425,22,6,16
112426,22,6,16
112427,22,8,14
112428,22,6,16
112429,3,1,2
112430,22,8,14
112431,22,8,14
112432,19,13,6
112433,6,2,4
112434,22,8,14
112435,22,8,14
112436,22,8,14
112437,22,8,14
112443,26,26,0
112446,26,26,0
112450,174,120,54
112453,3,2,1
112459,39,30,9
112465,81,76,5
112477,39,30,9
112478,64,44,20
112479,2,2,0
112480,64,44,20
112485,11,11,0
112486,4,4,0
112487,11,11,0
112490,7,5,2
112491,7,5,2
112497,174,120,54
112498,227,154,73
112499,227,154,73
112500,48,32,16
112501,61,44,17
112502,61,44,17
112503,61,44,17
112504,11,5,6
112505,11,5,6
112506,42,30,12
112507,42,30,12
112508,13,6,7
112509,13,6,7
112510,42,30,12
112513,16,12,4
112514,5,2,3
112515,5,2,3
112516,16,12,4
112517,6,6,0
112518,23,12,11
112522,16,12,4
112523,2,1,1
112524,1,0,1
112527,3,3,0
112528,2,2,0
112529,2,2,0
112531,6,6,0
112532,2,1,1
112533,3,1,2
112534,2,1,1
112535,11,11,0
112536,11,11,0
112537,5,5,0
112538,5,5,0
112539,5,5,0
112540,11,11,0
112541,11,11,0
112542,12,9,3
112543,11,7,4
112544,11,7,4
112545,11,7,4
112546,11,7,4
112547,14,9,5
112548,14,9,5
112549,3,0,3
112550,3,0,3
112551,14,9,5
112552,20,8,12
112555,20,8,12
112556,16,13,3
112559,20,8,12
112560,3,3,0
112561,3,3,0
112562,3,3,0
112563,3,3,0
112566,8,4,4
112567,16,13,3
112568,4,4,0
112569,11,8,3
112575,80,63,17
112576,80,63,17
112580,80,63,17
112581,80,63,17
112582,1,1,0
112583,1,1,0
112589,13,13,0
112590,8,8,0
112591,4,4,0
112592,4,4,0
112593,7,7,0
112596,6,6,0
112597,4,4,0
112598,4,4,0
112599,6,6,0
112600,3,2,1
112602,32,27,5
112603,51,42,9
112604,51,42,9
112605,31,23,8
112606,102,68,34
112607,102,68,34
112608,31,26,5
112609,31,26,5
112610,13,9,4
112611,13,9,4
112612,102,68,34
112613,67,50,17
112614,102,68,34
112615,102,68,34
112643,4,4,0
112644,4,4,0
112645,67,50,17
112646,67,50,17
112647,67,50,17
112648,67,50,17
112649,67,50,17
112650,67,50,17
112651,67,50,17
112652,67,50,17
112653,227,154,73
112654,26,23,3
112655,47,36,11
112656,47,36,11
112657,47,36,11
112658,227,154,73
112659,227,154,73
112661,12,8,4
112662,12,8,4
112663,12,8,4
112664,12,8,4
112665,8,5,3
112666,8,5,3
112667,8,5,3
112668,100,73,27
112669,76,51,25
112670,14,11,3
112671,14,11,3
112672,76,51,25
112673,4,2,2
112674,1,0,1
112675,1,0,1
112676,76,51,25
112678,1,1,0
112679,24,21,3
112680,24,21,3
112681,3,3,0
112682,14,7,7
112745,10,9,1
112746,10,9,1
112747,101,59,42
112748,28,13,15
112750,8,6,2
112751,28,13,15
112752,34,19,15
112753,50,29,21
112755,5,4,1
112758,50,29,21
112759,4,4,0
112760,5,4,1
112762,110,64,46
112763,110,64,46
112764,110,64,46
112765,84,37,47
112766,110,64,46
112767,110,64,46
112768,18,9,9
112769,18,9,9
112770,2,0,2
112771,84,37,47
112772,4,2,2
112773,6,3,3
112774,84,37,47
112775,84,37,47
112776,84,37,47
112777,57,34,23
112780,21,18,3
112781,21,18,3
112782,57,34,23
112783,34,28,6
112784,4,4,0
112785,4,3,1
112786,4,3,1
112787,57,34,23
112788,10,7,3
112789,6,6,0
112790,34,28,6
112791,20,12,8
112792,34,28,6
112793,34,28,6
112794,34,28,6
112795,34,28,6
112796,34,28,6
112798,45,34,11
112799,6,2,4
112800,6,2,4
112801,7,3,4
112802,7,3,4
112803,7,3,4
112804,7,3,4
112807,6,2,4
112808,6,2,4
112809,45,34,11
112810,9,8,1
112811,11,10,1
112812,22,15,7
112813,2,1,1
112814,2,1,1
112815,28,20,8
112816,28,20,8
112817,28,20,8
112818,25,19,6
112820,51,31,20
112821,26,19,7
112822,7,4,3
112823,11,4,7
112824,11,4,7
112825,7,4,3
112826,11,4,7
112827,8,5,3
112828,7,4,3
112829,28,21,7
112830,1,1,0
112831,1,1,0
112832,97,67,30
112833,94,73,21
112834,97,67,30
112835,13,13,0
112864,8,5,3
112865,8,5,3
112866,13,13,0
112868,94,73,21
112870,45,33,12
112871,71,54,17
112872,71,54,17
112873,71,54,17
112874,71,54,17
112875,45,33,12
112876,102,79,23
112877,102,79,23
112878,102,79,23
112879,102,79,23
112880,77,71,6
112881,43,34,9
112882,43,34,9
112883,227,154,73
112884,227,154,73
112885,122,81,41
112886,11,3,8
112887,12,8,4
112888,12,8,4
112895,21,16,5
112896,20,14,6
112897,20,14,6
112898,20,14,6
112899,20,14,6
112900,22,17,5
112901,28,9,19
112902,28,9,19
112904,28,9,19
112905,16,10,6
112917,28,9,19
112918,28,9,19
112919,16,10,6
112920,11,1,10
112921,3,1,2
112922,23,17,6
112923,21,16,5
112924,16,10,6
112925,16,10,6
112926,16,10,6
112927,16,10,6
112928,16,10,6
112929,16,10,6
112930,16,10,6
112931,16,10,6
112947,122,73,49
112948,122,73,49
112949,227,154,73
112950,9,9,0
112951,9,9,0
112952,9,9,0
112953,9,9,0
112954,117,90,27
112955,117,90,27
112958,117,90,27
112973,41,25,16
112974,14,11,3
112975,14,11,3
112976,41,28,13
112977,41,28,13
112978,41,28,13
112979,11,10,1
112980,11,10,1
112981,11,10,1
112982,11,10,1
112983,11,10,1
112984,11,10,1
112997,32,25,7
112998,26,23,3
112999,26,23,3
113000,83,48,35
113001,83,48,35
113002,69,40,29
113003,1,1,0
113004,1,0,1
113005,1,1,0
113006,1,1,0
113007,15,6,9
113008,83,48,35
113009,41,28,13
113013,41,28,13
113014,11,6,5
113017,2,0,2
113018,2,0,2
113019,6,4,2
113020,6,4,2
113021,6,3,3
113022,69,40,29
113023,69,40,29
113024,69,40,29
113025,69,40,29
113027,15,12,3
113028,15,12,3
113029,227,154,73
113032,7,7,0
113033,7,7,0
113037,59,54,5
113038,3,1,2
113039,11,5,6
113040,11,5,6
113041,59,54,5
113043,13,12,1
113044,2,2,0
113045,2,2,0
113048,13,12,1
113055,14,14,0
113061,14,14,0
113067,93,80,13
113068,6,5,1
113069,6,5,1
113070,6,4,2
113071,6,4,2
113072,1,0,1
113073,1,0,1
113074,4,0,4
113079,19,17,2
113081,79,64,15
113082,1,0,1
113083,95,78,17
113084,95,78,17
113085,95,78,17
113086,79,64,15
113087,37,23,14
113088,8,7,1
113089,8,7,1
113090,8,6,2
113091,8,5,3
113092,11,9,2
113093,93,80,13
113094,93,80,13
113097,12,11,1
113098,12,11,1
113099,25,19,6
113100,25,19,6
113101,12,11,1
113102,12,11,1
113103,12,10,2
113107,93,80,13
113111,93,80,13
113112,5,4,1
113113,5,4,1
113114,42,33,9
113115,65,38,27
113116,11,1,10
113117,90,61,29
113118,3,3,0
113120,90,61,29
113121,90,61,29
113122,90,61,29
113123,11,1,10
113124,11,1,10
113125,90,61,29
113132,22,21,1
113133,34,30,4
113134,34,30,4
113135,24,22,2
113136,53,45,8
113137,53,45,8
113139,53,45,8
113140,54,51,3
113141,53,45,8
113142,4,0,4
113143,54,51,3
113144,22,14,8
113146,22,14,8
113147,1,1,0
113148,1,1,0
113149,54,51,3
113150,54,51,3
113151,54,51,3
113152,54,51,3
113155,55,48,7
113156,55,48,7
113157,55,48,7
113158,55,48,7
113159,132,86,46
113160,132,86,46
113163,17,4,13
113165,17,4,13
113166,3,1,2
113167,5,0,5
113168,5,0,5
113169,4,1,3
113171,132,86,46
113172,1,0,1
113173,1,0,1
113174,90,82,8
113175,90,82,8
113176,8,8,0
113177,8,8,0
113179,81,76,5
113180,14,14,0
113181,14,14,0
113182,16,13,3
113183,16,13,3
113184,16,13,3
113185,16,13,3
113186,14,14,0
113187,14,14,0
113188,26,20,6
113189,26,20,6
113193,13,5,8
113194,13,5,8
113195,13,8,5
113197,13,5,8
113198,8,4,4
113199,5,1,4
113200,5,1,4
113203,4,4,0
113204,4,4,0
113205,13,8,5
113206,13,8,5
113207,13,8,5
113208,13,9,4
113209,7,4,3
113210,7,4,3
113213,6,3,3
113221,3,1,2
113222,3,1,2
113223,26,20,6
113224,26,20,6
113239,44,34,10
113240,44,34,10
113241,44,34,10
113242,35,32,3
113243,60,30,30
113244,60,30,30
113245,61,47,14
113246,10,8,2
113247,5,1,4
113248,23,19,4
113249,5,2,3
113250,23,19,4
113251,32,28,4
113252,7,6,1
113253,7,3,4
113254,7,3,4
113255,7,3,4
113256,7,3,4
113257,27,17,10
113258,9,7,2
113260,10,6,4
113261,159,122,37
113262,159,122,37
113263,16,14,2
113264,16,14,2
113265,16,14,2
113266,16,14,2
113267,16,14,2
113268,16,14,2
113269,16,14,2
113270,16,14,2
113271,23,19,4
113272,81,76,5
113273,81,76,5
113274,159,122,37
113275,58,43,15
113276,58,43,15
113277,26,20,6
113278,3,1,2
113279,4,3,1
113280,4,3,1
113297,8,8,0
113298,8,8,0
113299,159,122,37
113300,159,122,37
113304,71,49,22
113305,71,49,22
113307,13,9,4
113312,4,2,2
113313,4,2,2
113315,71,49,22
113316,71,49,22
113317,18,13,5
113318,18,13,5
113319,19,11,8
113320,19,11,8
113321,13,9,4
113322,13,9,4
113326,159,122,37
113327,159,122,37
113330,14,11,3
113331,20,15,5
113332,20,15,5
113333,20,15,5
113334,17,12,5
113335,17,12,5
113336,7,4,3
113337,7,4,3
113338,17,12,5
113339,23,13,10
113340,4,4,0
113341,4,4,0
113342,23,13,10
113343,34,30,4
113344,4,4,0
113345,3,3,0
113346,23,13,10
113347,11,8,3
113348,2,2,0
113349,2,2,0
113351,34,30,4
113352,3,0,3
113355,3,3,0
113356,7,4,3
113357,34,30,4
113358,55,32,23
113359,24,21,3
113360,37,33,4
113361,37,33,4
113362,37,33,4
113363,37,33,4
113364,24,19,5
113365,24,19,5
113366,7,5,2
113367,7,5,2
113369,55,32,23
113370,37,34,3
113371,5,5,0
113372,10,10,0
113373,55,32,23
113374,10,10,0
113375,10,10,0
113376,10,10,0
113377,10,10,0
113378,5,5,0
113379,5,5,0
113380,37,34,3
113381,24,21,3
113383,14,10,4
113384,37,34,3
113385,37,34,3
113386,37,34,3
113387,37,34,3
113388,2,2,0
113389,8,7,1
113408,8,7,1
113409,3,3,0
113415,56,48,8
113417,93,80,13
113418,93,80,13
113421,92,75,17
113422,93,80,13
113423,53,34,19
113424,53,34,19
113425,25,19,6
113426,25,19,6
113429,42,30,12
113430,5,3,2
113431,5,3,2
113432,12,9,3
113433,16,13,3
113434,16,13,3
113435,6,4,2
113436,42,30,12
113439,77,42,35
113440,77,42,35
113441,77,42,35
113443,16,2,14
113444,16,2,14
113445,31,26,5
113446,31,26,5
113449,116,87,29
113450,23,16,7
113451,23,16,7
113452,77,42,35
113453,77,42,35
113454,11,11,0
113455,11,11,0
113456,25,23,2
113457,25,23,2
113458,39,32,7
113464,39,32,7
113465,25,11,14
113466,25,11,14
113467,39,32,7
113468,11,6,5
113469,39,32,7
113470,4,3,1
113471,4,3,1
113472,4,3,1
113473,12,4,8
113474,39,32,7
113475,4,2,2
113476,27,22,5
113477,51,40,11
113478,51,40,11
113479,31,27,4
113480,8,6,2
113481,8,6,2
113482,76,66,10
113483,76,66,10
113484,76,66,10
113485,76,66,10
113486,103,80,23
113487,8,7,1
113488,2,2,0
113489,2,2,0
113490,76,66,10
113491,76,66,10
113492,76,66,10
113493,103,80,23
113498,103,80,23
113499,103,80,23
113500,103,80,23
113501,103,80,23
113502,4,4,0
113503,4,4,0
113506,116,87,29
113507,116,87,29
113508,116,87,29
113509,116,87,29
113510,116,87,29
113511,116,87,29
113512,116,87,29
113514,116,87,29
113515,116,87,29
113516,174,120,54
113517,52,48,4
113518,71,57,14
113519,71,57,14
113520,71,57,14
113521,49,43,6
113523,2,0,2
113536,107,89,18
113537,107,89,18
113539,107,89,18
113540,175,141,34
113541,11,8,3
113542,107,89,18
113543,6,6,0
113544,13,8,5
113545,13,8,5
113546,175,141,34
113547,52,41,11
113548,47,45,2
113556,3,3,0
113557,3,3,0
113558,47,45,2
113561,174,120,54
113562,2,2,0
113563,2,2,0
113565,10,10,0
113571,175,141,34
113572,175,141,34
113574,132,86,46
113575,14,4,10
113576,14,4,10
113577,64,51,13
113578,66,35,31
113579,64,51,13
113580,32,27,5
113581,32,27,5
113582,32,27,5
113585,5,2,3
113586,5,2,3
113587,3,0,3
113588,3,0,3
113589,3,0,3
113590,3,0,3
113593,21,9,12
113594,21,9,12
113595,13,9,4
113596,1,0,1
113597,1,0,1
113598,9,7,2
113599,9,7,2
113600,9,7,2
113601,11,7,4
113602,11,7,4
113603,3,0,3
113604,3,0,3
113605,11,7,4
113606,10,0,10
113609,10,0,10
113610,10,8,2
113614,10,8,2
113615,10,8,2
113618,180,138,42
113619,180,138,42
113620,14,11,3
113624,180,138,42
113625,84,73,11
113626,62,56,6
113628,59,54,5
113629,59,54,5
113630,26,25,1
113631,180,138,42
113632,180,138,42
113633,64,51,13
113634,56,48,8
113636,59,41,18
113637,59,41,18
113642,3,0,3
113643,19,12,7
113644,19,12,7
113645,3,0,3
113646,3,0,3
113647,3,0,3
113648,19,12,7
113649,1,1,0
113652,1,1,0
113664,59,41,18
113665,59,41,18
113667,38,33,5
113668,38,33,5
113669,16,16,0
113670,16,16,0
113673,56,48,8
113674,43,35,8
113675,43,35,8
113676,43,35,8
113677,19,8,11
113678,7,5,2
113679,10,8,2
113680,10,8,2
113681,10,8,2
113682,19,8,11
113683,7,5,2
113684,43,35,8
113685,15,13,2
113686,15,13,2
113687,15,13,2
113688,14,9,5
113689,14,9,5
113690,5,2,3
113691,5,2,3
113692,14,9,5
113693,18,5,13
113696,18,5,13
113697,10,8,2
113698,43,35,8
113699,43,35,8
113700,46,28,18
113701,46,28,18
113702,51,35,16
113703,51,35,16
113704,34,21,13
113705,4,2,2
113706,90,59,31
113707,90,59,31
113708,90,59,31
113709,90,59,31
113710,97,68,29
113711,20,17,3
113712,10,8,2
113713,90,59,31
113714,90,59,31
113715,16,10,6
113716,8,8,0
113717,97,68,29
113718,97,68,29
113719,97,68,29
113720,97,68,29
113721,4,3,1
113722,8,5,3
113723,42,28,14
113724,5,3,2
113725,5,3,2
113726,14,11,3
113727,14,11,3
113728,68,53,15
113729,68,53,15
113730,68,53,15
113731,68,53,15
113732,55,40,15
113733,55,40,15
113734,17,10,7
113735,17,10,7
113736,17,10,7
113737,17,10,7
113738,55,40,15
113739,109,70,39
113740,109,70,39
113741,45,40,5
113742,45,40,5
113743,4,1,3
113744,4,1,3
113745,109,70,39
113746,95,76,19
113747,15,12,3
113748,23,19,4
113749,23,19,4
113750,23,19,4
113751,23,19,4
113752,15,12,3
113753,12,11,1
113754,1,0,1
113755,11,9,2
113756,11,9,2
113757,109,70,39
113758,109,70,39
113759,23,18,5
113760,23,18,5
113761,21,21,0
113762,21,21,0
113763,21,21,0
113764,6,4,2
113765,6,4,2
113766,95,76,19
113767,44,29,15
113768,44,29,15
113769,44,29,15
113770,8,7,1
113771,65,60,5
113772,37,30,7
113773,1,1,0
113774,13,13,0
113775,13,13,0
113776,13,13,0
113779,12,12,0
113780,12,12,0
113781,6,4,2
113782,42,28,14
113783,19,13,6
113784,95,76,19
113785,95,76,19
113787,95,76,19
113788,95,76,19
113789,95,76,19
113790,95,76,19
113791,95,76,19
113792,95,76,19
113794,15,15,0
113795,15,15,0
113796,10,10,0
113797,10,10,0
113798,10,10,0
113799,10,10,0
113800,15,15,0
113801,15,15,0
113802,38,38,0
113803,38,38,0
113807,14,9,5
113808,14,9,5
113809,45,32,13
113810,45,32,13
113811,9,6,3
113812,9,6,3
113813,9,6,3
113814,14,4,10
113815,14,4,10
113816,11,8,3
113820,14,4,10
113821,11,8,3
113822,11,8,3
113823,11,8,3
113824,11,8,3
113826,18,18,0
113827,15,15,0
113828,15,15,0
113829,3,3,0
113830,3,3,0
113831,3,3,0
113832,3,3,0
113833,15,15,0
113834,15,15,0
113840,5,0,5
113841,5,0,5
113842,5,0,5
113843,6,5,1
113844,1,0,1
113845,5,5,0
113846,5,2,3
113847,5,5,0
113848,1,0,1
113849,6,5,1
113850,4,4,0
113856,4,4,0
113857,103,68,35
113858,103,68,35
113859,31,25,6
113861,31,25,6
113864,103,68,35
113865,103,68,35
113866,19,14,5
113867,19,14,5
113868,16,15,1
113869,16,15,1
113870,48,40,8
113871,48,40,8
113872,48,40,8
113873,48,40,8
113874,48,40,8
113875,48,40,8
113876,48,40,8
113877,37,33,4
113878,37,33,4
113879,18,7,11
113880,48,40,8
113881,48,40,8
113882,48,40,8
113883,5,5,0
113884,5,5,0
113885,5,5,0
113887,48,40,8
113890,78,66,12
113891,37,22,15
113892,37,22,15
113893,15,2,13
113894,15,2,13
113895,15,2,13
113896,6,4,2
113897,6,4,2
113898,8,7,1
113899,9,7,2
113900,9,7,2
113901,12,7,5
113902,9,7,2
113903,109,84,25
113904,95,80,15
113905,109,84,25
113906,23,21,2
113907,23,21,2
113908,21,14,7
113909,21,14,7
113910,21,14,7
113911,21,14,7
113912,22,20,2
113913,8,8,0
113914,8,8,0
113919,5,5,0
113920,5,5,0
113921,5,5,0
113922,95,80,15
113923,29,12,17
113924,11,4,7
113925,11,4,7
113926,11,4,7
113927,11,4,7
113928,29,12,17
113929,29,12,17
113930,19,10,9
113931,19,10,9
113932,19,10,9
113933,19,10,9
113934,18,3,15
113935,18,3,15
113936,18,3,15
113937,18,3,15
113938,18,3,15
113939,21,9,12
113940,9,3,6
113941,15,3,12
113942,12,8,4
113943,13,7,6
113944,13,7,6
113945,13,7,6
113946,13,7,6
113947,15,3,12
113948,11,7,4
113949,12,8,4
113950,22,9,13
113951,22,9,13
113952,16,9,7
113953,22,9,13
113954,180,138,42
113955,180,138,42
113956,84,73,11
113957,84,73,11
113958,84,73,11
113959,84,73,11
113960,84,73,11
113961,84,73,11
113962,132,86,46
113975,1,0,1
113976,1,0,1
113977,6,6,0
113978,6,6,0
113979,10,7,3
113980,229,168,61
113981,38,29,9
113982,8,2,6
113983,8,2,6
113984,49,36,13
113985,49,36,13
113986,49,36,13
113987,49,36,13
113988,35,29,6
113989,5,5,0
113990,5,5,0
113998,17,16,1
113999,17,16,1
114005,54,36,18
114006,33,31,2
114007,33,31,2
114008,54,36,18
114009,33,31,2
114010,33,31,2
114011,33,31,2
114013,56,43,13
114015,56,43,13
114035,229,168,61
114036,229,168,61
114037,15,11,4
114038,15,11,4
114039,229,168,61
114040,55,46,9
114041,18,16,2
114042,229,168,61
114043,229,168,61
114047,2,0,2
114050,22,18,4
114051,11,6,5
114052,10,8,2
114053,11,6,5
114054,4,2,2
114055,22,18,4
114056,14,12,2
114057,14,12,2
114058,14,10,4
114059,14,10,4
114060,7,4,3
114061,7,4,3
114062,14,10,4
114063,15,6,9
114066,15,6,9
114067,8,6,2
114068,22,18,4
114071,5,4,1
114072,5,4,1
114073,2,0,2
114074,20,15,5
114075,20,14,6
114076,20,14,6
114077,20,14,6
114078,21,16,5
114079,20,0,20
114080,20,0,20
114081,20,0,20
114082,17,10,7
114091,20,0,20
114092,20,0,20
114093,1,0,1
114094,1,0,1
114095,23,16,7
114096,17,10,7
114097,10,0,10
114098,20,15,5
114099,17,10,7
114100,17,10,7
114101,17,10,7
114102,17,10,7
114103,17,10,7
114104,17,10,7
114105,17,10,7
114106,17,10,7
114107,4,4,0
114108,4,4,0
114128,6,6,0
114131,10,8,2
114132,10,8,2
114133,15,13,2
114134,13,11,2
114135,13,11,2
114136,13,11,2
114137,12,9,3
114138,12,9,3
114139,12,9,3
114140,5,0,5
114141,12,9,3
114142,12,9,3
114145,16,2,14
114148,16,2,14
114149,11,9,2
114152,11,9,2
114153,11,9,2
114154,11,9,2
114155,11,9,2
114157,56,35,21
114158,56,35,21
114159,8,6,2
114160,8,6,2
114161,2,2,0
114162,24,17,7
114165,10,10,0
114166,10,10,0
114168,5,5,0
114169,5,5,0
114171,10,10,0
114172,10,10,0
114176,4,4,0
114177,4,4,0
114178,4,4,0
114179,4,4,0
114180,4,4,0
114181,4,4,0
114182,8,8,0
114183,229,168,61
114184,29,21,8
114185,31,22,9
114186,31,22,9
114187,35,28,7
114188,61,32,29
114189,61,32,29
114190,61,32,29
114191,53,38,15
114192,5,4,1
114193,9,6,3
114194,9,6,3
114195,61,32,29
114196,61,32,29
114197,12,12,0
114198,12,12,0
114199,84,66,18
114200,84,66,18
114201,84,66,18
114202,84,66,18
114216,12,9,3
114217,12,9,3
114218,4,0,4
114219,4,0,4
114220,4,0,4
114221,12,9,3
114222,12,9,3
114229,11,10,1
114230,11,10,1
114231,11,10,1
114232,11,10,1
114233,1,0,1
114234,53,38,15
114235,53,38,15
114236,53,38,15
114237,53,38,15
114238,53,38,15
114239,53,38,15
114240,53,38,15
114241,53,38,15
114242,53,38,15
114243,53,38,15
114244,53,38,15
114245,53,38,15
114246,90,68,22
114250,8,6,2
114251,8,6,2
114252,5,2,3
114253,10,5,5
114254,10,5,5
114255,5,2,3
114256,5,2,3
114257,10,5,5
114258,13,4,9
114259,13,4,9
114260,18,16,2
114261,9,0,9
114262,38,29,9
114263,11,5,6
114264,55,46,9
114265,55,46,9
114266,55,46,9
114267,55,46,9
114268,55,46,9
114269,55,46,9
114270,16,10,6
114271,16,10,6
114272,15,11,4
114273,21,0,21
114274,21,0,21
114275,21,0,21
114276,12,3,9
114278,21,0,21
114284,12,3,9
114285,12,3,9
114286,12,3,9
114287,12,3,9
114288,12,3,9
114289,12,3,9
114290,12,3,9
114291,12,3,9
114292,58,40,18
114293,43,37,6
114294,43,37,6
114295,43,37,6
114296,43,37,6
114297,43,37,6
114298,62,50,12
114299,94,72,22
114300,94,72,22
114301,94,72,22
114302,94,72,22
114303,69,52,17
114304,69,52,17
114305,24,12,12
114306,173,124,49
114307,173,124,49
114308,14,7,7
114309,173,124,49
114310,176,118,58
114311,17,15,2
114312,21,18,3
114313,21,18,3
114314,173,124,49
114315,173,124,49
114316,31,28,3
114317,31,28,3
114318,31,28,3
114319,31,28,3
114320,21,20,1
114321,21,20,1
114322,21,20,1
114323,21,20,1
114324,176,118,58
114325,176,118,58
114326,71,51,20
114327,88,66,22
114328,88,66,22
114329,60,49,11
114330,149,105,44
114331,149,105,44
114332,149,105,44
114333,129,100,29
114334,30,24,6
114335,17,15,2
114336,149,105,44
114337,14,13,1
114338,14,13,1
114339,27,19,8
114340,129,100,29
114341,129,100,29
114342,129,100,29
114343,129,100,29
114344,129,100,29
114345,129,100,29
114346,129,100,29
114347,129,100,29
114348,129,100,29
114349,55,49,6
114350,55,49,6
114351,17,11,6
114352,18,10,8
114353,8,4,4
114354,8,4,4
114355,18,10,8
114356,5,2,3
114357,5,2,3
114360,5,2,3
114361,5,2,3
114362,5,2,3
114363,66,53,13
114364,66,53,13
114365,66,53,13
114366,66,53,13
114367,66,53,13
114368,167,121,46
114369,38,19,19
114370,38,19,19
114374,8,1,7
114378,8,1,7
114437,4,0,4
114439,12,0,12
114440,17,3,14
114441,10,7,3
114442,12,8,4
114443,12,8,4
114444,12,8,4
114445,12,8,4
114446,10,7,3
114447,17,3,14
114448,12,9,3
114449,2,1,1
114450,11,8,3
114451,11,8,3
114452,12,0,12
114453,12,7,5
114454,12,7,5
114455,12,7,5
114456,10,5,5
114457,1,0,1
114458,13,2,11
114459,13,2,11
114460,13,2,11
114461,10,6,4
114462,3,2,1
114463,2,1,1
114464,11,7,4
114465,12,0,12
114466,12,0,12
114467,45,19,26
114468,9,7,2
114469,10,6,4
114470,10,6,4
114471,9,7,2
114472,10,0,10
114475,9,4,5
114476,9,4,5
114477,9,4,5
114478,9,4,5
114479,28,12,16
114543,7,4,3
114546,8,1,7
114547,8,1,7
114549,8,1,7
114551,8,1,7
114552,8,1,7
114554,12,6,6
114555,4,1,3
114556,4,1,3
114557,4,1,3
114558,6,3,3
114559,6,0,6
114560,6,0,6
114561,6,0,6
114562,12,6,6
114571,3,2,1
114572,3,2,1
114573,3,2,1
114574,6,0,6
114575,3,2,1
114576,3,2,1
114577,3,2,1
114578,8,0,8
114582,2,2,0
114583,2,1,1
114584,3,0,3
114585,2,1,1
114586,2,2,0
114588,4,2,2
114589,2,0,2
114590,4,2,2
114612,6,0,6
114618,1,0,1
114619,2,0,2
114620,1,1,0
114621,7,1,6
114627,27,12,15
114659,1,1,0
114660,23,19,4
114661,19,16,3
114662,19,16,3
114663,23,19,4
114692,14,7,7
114693,14,7,7
114694,14,7,7
114695,13,0,13
114696,13,0,13
114697,22,5,17
114698,5,3,2
114699,5,1,4
114700,5,1,4
114701,5,1,4
114702,13,0,13
114703,22,5,17
114704,13,9,4
114705,22,5,17
114706,22,5,17
114707,22,5,17
114708,22,5,17
114709,7,4,3
114710,7,4,3
114711,21,17,4
114712,3,0,3
114713,21,15,6
114714,21,15,6
114715,21,15,6
114716,21,15,6
114717,23,17,6
114718,2,0,2
114719,2,0,2
114720,23,17,6
114721,23,0,23
114722,4,0,4
114723,23,0,23
114724,17,9,8
114731,1,1,0
114732,17,9,8
114733,1,0,1
114734,22,18,4
114735,21,17,4
114736,5,1,4
114737,17,9,8
114738,17,9,8
114739,17,9,8
114740,17,9,8
114741,17,9,8
114742,17,9,8
114743,17,9,8
114744,17,9,8
114761,7,5,2
114762,2,2,0
114763,7,5,2
114774,57,39,18
114775,20,14,6
114776,15,11,4
114777,15,11,4
114778,15,11,4
114779,15,11,4
114780,3,2,1
114781,3,2,1
114782,16,12,4
114783,16,12,4
114784,3,0,3
114785,16,12,4
114786,3,2,1
114792,23,4,19
114793,23,4,19
114794,18,11,7
114803,23,4,19
114804,18,11,7
114805,2,1,1
114806,18,14,4
114807,57,39,18
114808,5,0,5
114809,18,11,7
114810,18,11,7
114811,18,11,7
114812,18,11,7
114813,19,14,5
114814,19,13,6
114815,19,13,6
114816,19,13,6
114817,19,13,6
114818,19,13,6
114819,1,0,1
114822,14,1,13
114823,14,1,13
114824,14,1,13
114825,16,10,6
114826,8,8,0
114827,6,6,0
114828,6,6,0
114829,6,6,0
114830,6,6,0
114831,8,8,0
114832,9,8,1
114833,1,0,1
114834,7,7,0
114835,7,7,0
114836,14,1,13
114837,14,1,13
114838,16,10,6
114839,7,1,6
114840,2,1,1
114841,18,12,6
114842,4,0,4
114843,16,10,6
114844,16,10,6
114845,16,10,6
114846,16,10,6
114850,8,8,0
114851,8,8,0
114951,28,11,17
114952,9,7,2
114953,11,6,5
114954,11,6,5
114955,11,6,5
114956,28,11,17
114957,28,11,17
114958,19,6,13
114963,14,7,7
114964,13,4,9
114965,28,11,17
114966,28,11,17
114967,28,11,17
114968,18,7,11
114969,17,6,11
114970,6,2,4
114971,4,0,4
114972,16,11,5
114973,16,11,5
114974,16,11,5
114975,16,11,5
114976,16,8,8
114982,16,8,8
114983,10,7,3
114984,16,8,8
114985,10,7,3
114986,3,3,0
114987,3,3,0
114988,1,1,0
114989,1,1,0
114990,1,1,0
115025,13,11,2
115026,13,11,2
115027,13,11,2
115028,15,9,6
115029,19,8,11
115030,19,8,11
115031,16,11,5
115033,5,2,3
115034,5,2,3
115035,15,9,6
115036,5,2,3
115037,5,2,3
115038,15,9,6
115040,16,11,5
115041,16,11,5
115042,16,11,5
115043,16,11,5
115044,10,9,1
115047,11,9,2
115048,11,9,2
115049,11,9,2
115050,12,11,1
115053,13,4,9
115054,12,11,1
115057,9,8,1
115058,6,3,3
115059,12,11,1
115060,12,11,1
115080,15,2,13
115081,15,12,3
115082,14,10,4
115083,14,10,4
115084,14,10,4
115085,14,10,4
115086,15,12,3
115087,15,2,13
115088,16,12,4
115089,11,7,4
115095,15,2,13
115096,11,7,4
115097,7,1,6
115098,2,1,1
115099,4,0,4
115100,11,7,4
115101,11,7,4
115102,11,7,4
115103,11,7,4
115104,4,4,0
115112,9,8,1
115113,11,10,1
115114,11,10,1
115115,11,10,1
115116,23,9,14
115117,6,5,1
115118,6,5,1
115119,17,9,8
115120,16,13,3
115121,16,13,3
115122,16,13,3
115123,15,12,3
115124,26,10,16
115125,26,10,16
115126,26,10,16
115127,13,10,3
115128,1,0,1
115129,4,1,3
115130,12,8,4
115131,12,8,4
115132,15,11,4
115133,12,8,4
115134,17,9,8
115135,17,9,8
115136,17,9,8
115137,17,10,7
115138,17,10,7
115139,17,10,7
115140,17,10,7
115141,17,9,8
115142,17,9,8
115143,17,9,8
115145,14,5,9
115146,14,5,9
115147,14,5,9
115149,14,5,9
115150,14,5,9
115151,14,5,9
115152,4,0,4
115153,2,0,2
115155,5,0,5
115156,3,0,3
115157,2,0,2
115158,2,0,2
115159,1,0,1
115160,1,1,0
115161,2,1,1
115162,1,0,1
115167,3,0,3
115169,5,0,5
115170,5,0,5
115171,5,0,5
115178,1,0,1
115218,16,14,2
115219,4,2,2
115220,4,2,2
115230,4,2,2
115231,4,2,2
115269,16,13,3
115275,18,6,12
115276,18,6,12
115277,21,17,4
115279,18,6,12
115283,14,11,3
115284,21,17,4
115285,21,17,4
115286,21,17,4
115287,21,17,4
115288,21,17,4
115289,21,17,4
115290,21,17,4
115291,21,17,4
115292,21,17,4
115300,3,1,2
115324,4,4,0
115325,8,4,4
115326,8,4,4
115327,8,4,4
115356,9,7,2
115358,12,9,3
115359,9,7,2
115362,10,2,8
115363,10,2,8
115364,16,13,3
115365,9,7,2
115366,1,0,1
115367,16,13,3
115368,16,13,3
115369,16,13,3
115370,8,5,3
115371,8,5,3
115372,15,10,5
115373,15,10,5
115374,19,16,3
115375,10,3,7
115377,2,0,2
115378,10,3,7
115379,2,0,2
115380,2,0,2
115384,19,16,3
115385,26,11,15
115389,26,11,15
115390,7,0,7
115391,3,0,3
115392,26,11,15
115393,26,11,15
115394,26,11,15
115395,26,11,15
115396,30,11,19
115397,21,10,11
115398,2,0,2
115399,22,8,14
115400,22,8,14
115401,22,8,14
115402,22,8,14
115403,20,12,8
115404,30,11,19
115405,30,11,19
115406,30,11,19
115407,30,11,19
115408,32,12,20
115409,10,6,4
115410,10,4,6
115411,10,4,6
115412,10,4,6
115413,10,6,4
115414,7,6,1
115415,9,6,3
115416,2,1,1
115417,32,12,20
115420,30,11,19
115421,21,10,11
115422,6,1,5
115423,32,12,20
115424,32,12,20
115425,32,12,20
115426,8,6,2
115427,8,6,2
115428,7,6,1
115429,28,22,6
115430,10,5,5
115431,10,5,5
115432,11,5,6
115433,16,9,7
115434,16,9,7
115435,16,9,7
115436,14,9,5
115438,16,9,7
115439,16,9,7
115440,14,9,5
115441,14,9,5
115442,32,14,18
115446,32,14,18
115447,32,14,18
115448,32,14,18
115449,32,14,18
115450,11,2,9
115451,3,1,2
115454,3,1,2
115455,11,2,9
115456,4,4,0
115469,4,4,0
115470,24,8,16
115471,8,4,4
115472,16,8,8
115473,16,8,8
115474,9,4,5
115475,32,14,18
115476,15,8,7
115477,15,8,7
115478,17,12,5
115479,23,8,15
115483,32,14,18
115484,23,18,5
115487,3,1,2
115488,3,1,2
115489,22,16,6
115490,22,16,6
115491,22,16,6
115492,22,16,6
115493,23,21,2
115494,7,5,2
115508,23,10,13
115509,9,6,3
115510,8,5,3
115511,8,5,3
115512,8,5,3
115513,9,6,3
115514,8,7,1
115515,2,0,2
115516,8,6,2
115517,8,6,2
115518,5,1,4
115519,3,2,1
115520,23,10,13
115521,13,3,10
115523,2,2,0
115524,2,2,0
115525,2,2,0
115526,18,18,0
115527,19,19,0
115528,18,18,0
115529,2,2,0
115530,23,18,5
115531,8,3,5
115532,23,10,13
115533,23,10,13
115534,23,10,13
115535,23,10,13
115536,23,10,13
115537,23,10,13
115538,23,10,13
115539,23,10,13
115540,16,14,2
115541,16,14,2
115542,16,14,2
115543,16,14,2
115544,20,19,1
115545,20,19,1
115546,10,7,3
115547,20,19,1
115548,16,14,2
115549,61,61,0
115550,7,7,0
115551,6,6,0
115552,6,6,0
115553,6,6,0
115554,6,6,0
115555,7,7,0
115556,8,8,0
115557,7,7,0
115558,7,7,0
115559,61,61,0
115560,16,16,0
115561,16,16,0
115562,7,4,3
115563,61,61,0
115564,2,1,1
115565,4,3,1
115566,8,6,2
115567,1,1,0
115573,1,1,0
115574,12,6,6
115575,10,6,4
115591,12,6,6
115592,12,6,6
115593,23,6,17
115594,4,2,2
115595,9,0,9
115596,9,0,9
115597,9,0,9
115598,9,0,9
115604,23,6,17
115605,23,6,17
115606,23,6,17
115607,23,6,17
115662,3,3,0
115668,3,2,1
115669,6,1,5
115670,6,1,5
115769,1,0,1
115782,11,0,11
115783,11,0,11
115784,11,0,11
115785,11,0,11
115786,11,0,11
115787,11,0,11
115788,18,2,16
115789,7,4,3
115790,5,3,2
115791,11,7,4
115792,11,7,4
115793,18,2,16
115794,7,5,2
115795,3,2,1
115796,9,6,3
115797,11,0,11
115798,11,0,11
115799,11,7,4
115800,11,7,4
115801,11,7,4
115802,5,2,3
115803,5,2,3
115804,12,5,7
115805,12,5,7
115806,5,2,3
115807,5,2,3
115808,12,5,7
115809,21,2,19
115810,21,2,19
115811,10,8,2
115813,1,0,1
115814,11,8,3
115815,11,0,11
115816,11,0,11
115817,2,1,1
115818,3,0,3
115819,2,1,1
115820,4,4,0
115823,5,2,3
115824,5,2,3
115825,18,16,2
115842,14,13,1
115843,14,13,1
115844,14,13,1
115845,17,14,3
115846,9,9,0
115847,5,5,0
115885,33,28,5
115886,27,20,7
115887,27,20,7
115888,27,20,7
115889,25,22,3
115890,25,5,20
115891,25,5,20
115892,8,6,2
115893,22,18,4
115894,5,2,3
115895,25,22,3
115896,22,18,4
115897,11,10,1
115898,15,11,4
115899,15,11,4
115900,15,11,4
115901,11,10,1
115902,32,19,13
115903,11,9,2
115904,11,9,2
115905,11,9,2
115906,33,28,5
115907,19,14,5
115908,19,14,5
115909,19,14,5
115910,19,14,5
115911,19,14,5
115912,19,14,5
115913,19,14,5
115914,19,14,5
115915,25,22,3
115916,18,14,4
115919,26,17,9
115920,26,17,9
115921,26,17,9
115922,15,12,3
115932,30,12,18
115933,30,12,18
115934,27,18,9
115935,10,8,2
115936,14,10,4
115937,14,10,4
115938,14,10,4
115939,10,8,2
115940,9,8,1
115941,10,8,2
115942,10,8,2
115943,27,18,9
115944,13,6,7
115945,4,2,2
115946,16,12,4
115947,16,12,4
115948,16,12,4
115949,16,12,4
115950,16,12,4
115951,16,12,4
115952,16,12,4
115953,16,6,10
115954,16,6,10
115955,5,3,2
115956,16,12,4
115957,16,12,4
115958,4,3,1
115959,4,3,1
115960,5,4,1
115961,18,4,14
115962,5,4,1
115963,8,5,3
115964,16,12,4
115966,1,0,1
115967,1,0,1
115968,13,4,9
115969,5,1,4
115970,27,18,9
115971,27,18,9
115972,27,18,9
115973,27,18,9
115999,36,25,11
116000,36,25,11
116002,13,8,5
116003,14,8,6
116004,14,8,6
116005,14,8,6
116006,14,8,6
116007,13,8,5
116008,12,3,9
116009,12,3,9
116010,12,3,9
116011,15,10,5
116015,12,3,9
116016,12,3,9
116017,13,8,5
116018,5,1,4
116019,15,10,5
116020,15,8,7
116021,21,14,7
116022,21,14,7
116023,21,14,7
116024,15,12,3
116025,15,12,3
116026,15,12,3
116027,21,4,17
116028,21,4,17
116029,21,4,17
116030,3,2,1
116031,3,2,1
116032,3,2,1
116034,19,14,5
116035,8,7,1
116036,4,3,1
116037,9,5,4
116038,20,15,5
116039,20,15,5
116040,20,14,6
116041,10,9,1
116042,12,8,4
116043,12,8,4
116044,12,8,4
116045,12,8,4
116046,10,9,1
116047,30,14,16
116048,12,10,2
116050,12,10,2
116051,12,10,2
116052,15,8,7
116053,23,20,3
116054,23,20,3
116055,4,1,3
116056,20,15,5
116057,15,8,7
116058,7,4,3
116059,7,4,3
116066,14,11,3
116067,11,9,2
116068,11,9,2
116069,11,9,2
116070,11,9,2
116071,7,4,3
116072,7,4,3
116073,6,0,6
116074,6,0,6
116075,6,2,4
116076,6,0,6
116077,3,0,3
116078,6,2,4
116079,6,2,4
116080,17,13,4
116081,17,6,11
116082,23,20,3
116086,1,0,1
116087,4,0,4
116088,23,20,3
116089,23,20,3
116090,23,20,3
116091,23,20,3
116096,19,12,7
116097,19,12,7
116098,19,13,6
116099,17,0,17
116100,17,0,17
116101,18,5,13
116102,5,1,4
116103,2,1,1
116104,17,0,17
116105,18,5,13
116106,17,13,4
116107,18,13,5
116108,18,5,13
116109,18,5,13
116110,18,5,13
116111,18,5,13
116112,18,5,13
116113,18,5,13
116114,18,5,13
116127,5,5,0
116129,5,5,0
116130,2,2,0
116133,5,5,0
116134,2,2,0
116135,2,2,0
116136,2,2,0
116137,2,2,0
116138,16,13,3
116139,16,13,3
116140,16,13,3
116141,16,13,3
116142,16,13,3
116143,5,2,3
116144,5,2,3
116145,19,12,7
116146,19,12,7
116147,5,2,3
116148,5,2,3
116149,19,12,7
116150,17,2,15
116151,17,2,15
116152,22,19,3
116155,17,2,15
116156,22,19,3
116157,22,19,3
116158,17,14,3
116159,16,13,3
116160,22,19,3
116161,22,19,3
116166,20,18,2
116167,20,18,2
116170,19,8,11
116171,19,8,11
116172,28,26,2
116173,28,26,2
116174,28,26,2
116175,28,26,2
116176,28,26,2
116177,28,26,2
116178,28,26,2
116179,28,26,2
116180,28,26,2
116181,7,7,0
116182,7,7,0
116183,7,7,0
116184,16,16,0
116185,17,16,1
116186,17,16,1
116187,17,16,1
116188,17,16,1
116189,17,17,0
116190,18,17,1
116199,18,17,1
116200,11,1,10
116201,2,1,1
116211,18,17,1
116212,16,16,0
116213,4,0,4
116214,18,17,1
116215,18,17,1
116216,18,17,1
116217,18,17,1
116218,18,17,1
116219,18,17,1
116220,18,17,1
116221,18,17,1
116237,9,8,1
116238,9,8,1
116278,24,17,7
116279,24,17,7
116280,24,17,7
116281,20,10,10
116282,20,10,10
116283,20,10,10
116284,27,6,21
116285,11,2,9
116286,11,2,9
116287,27,6,21
116288,20,10,10
116289,20,10,10
116290,11,2,9
116291,11,2,9
116296,20,10,10
116297,20,10,10
116298,37,30,7
116301,27,6,21
116302,37,30,7
116303,20,16,4
116304,17,14,3
116309,17,14,3
116310,37,30,7
116311,26,22,4
116312,28,25,3
116313,28,25,3
116314,28,25,3
116315,28,25,3
116316,31,29,2
116317,4,2,2
116320,31,9,22
116321,31,9,22
116322,27,25,2
116327,27,25,2
116328,25,23,2
116329,3,1,2
116330,26,22,4
116331,5,1,4
116332,27,25,2
116333,27,25,2
116334,27,25,2
116335,27,25,2
116336,27,25,2
116337,27,25,2
116338,27,25,2
116339,27,25,2
116340,27,25,2
116341,27,25,2
116342,27,25,2
116343,27,25,2
116354,9,7,2
116355,9,7,2
116356,22,17,5
116357,22,17,5
116358,2,0,2
116359,2,0,2
116360,7,3,4
116361,7,3,4
116362,28,26,2
116363,28,26,2
116364,28,26,2
116366,16,13,3
116367,15,11,4
116368,15,11,4
116369,15,11,4
116370,15,11,4
116371,9,4,5
116372,9,4,5
116373,19,10,9
116374,19,10,9
116375,19,10,9
116376,7,2,5
116377,7,2,5
116378,7,2,5
116379,7,2,5
116380,19,10,9
116381,19,10,9
116382,16,1,15
116383,16,1,15
116384,21,17,4
116396,16,1,15
116397,21,17,4
116399,4,1,3
116400,2,1,1
116401,18,14,4
116402,16,13,3
116403,5,1,4
116404,21,17,4
116405,9,4,5
116406,9,4,5
116408,9,4,5
116409,9,4,5
116411,7,0,7
116412,9,4,5
116413,9,4,5
116414,9,4,5
116427,4,1,3
116428,4,1,3
116430,9,9,0
116431,12,11,1
116432,12,11,1
116433,10,7,3
116434,10,7,3
116435,6,3,3
116436,10,7,3
116437,5,5,0
116438,5,5,0
116439,15,15,0
116443,15,15,0
116444,2,0,2
116445,15,15,0
116471,4,4,0
116472,4,4,0
116522,17,0,17
116523,17,0,17
116524,17,0,17
116525,17,3,14
116526,8,5,3
116527,14,8,6
116528,14,8,6
116529,8,5,3
116530,17,3,14
116531,10,7,3
116532,10,6,4
116533,10,6,4
116534,17,0,17
116535,11,5,6
116536,11,5,6
116537,11,5,6
116538,9,5,4
116539,16,2,14
116542,16,2,14
116543,16,2,14
116544,10,6,4
116545,11,7,4
116546,17,0,17
116547,6,4,2
116548,6,4,2
116549,6,0,6
116550,6,3,3
116553,6,3,3
116554,6,3,3
116555,6,3,3
116556,4,2,2
116557,4,2,2
116558,4,2,2
116559,7,3,4
116560,4,2,2
116561,4,2,2
116562,7,3,4
116571,8,8,0
116572,8,8,0
116574,14,12,2
116575,14,12,2
116581,6,6,0
116582,6,6,0
116611,2,1,1
116617,8,5,3
116628,4,3,1
116629,4,3,1
116631,1,0,1
116656,4,3,1
116689,16,10,6
116690,16,10,6
116691,16,10,6
116701,19,6,13
116702,10,8,2
116703,13,11,2
116704,13,11,2
116705,13,11,2
116706,13,11,2
116707,10,8,2
116708,19,6,13
116709,11,9,2
116710,11,9,2
116711,16,10,6
116712,13,10,3
116713,13,10,3
116714,13,10,3
116715,9,6,3
116716,17,6,11
116717,17,6,11
116718,17,6,11
116719,9,6,3
116720,2,1,1
116721,12,8,4
116722,16,10,6
116723,12,7,5
116724,15,5,10
116725,15,5,10
116726,15,5,10
116727,15,5,10
116728,15,5,10
116729,15,5,10
116730,27,8,19
116731,11,9,2
116732,14,12,2
116733,14,12,2
116734,14,12,2
116735,14,12,2
116736,11,9,2
116737,27,8,19
116738,12,9,3
116739,3,2,1
116740,4,2,2
116741,13,10,3
116742,13,10,3
116743,15,5,10
116744,15,5,10
116745,13,10,3
116746,13,10,3
116747,13,10,3
116748,9,6,3
116749,24,8,16
116750,24,8,16
116751,24,8,16
116752,11,7,4
116753,3,2,1
116754,4,3,1
116755,12,8,4
116756,15,5,10
116757,22,6,16
116758,22,6,16
116759,18,8,10
116760,15,5,10
116768,23,5,18
116769,19,11,8
116770,19,9,10
116771,19,9,10
116772,19,9,10
116773,19,9,10
116774,19,12,7
116775,23,5,18
116777,23,5,18
116778,25,15,10
116779,9,7,2
116780,8,5,3
116781,8,5,3
116782,8,5,3
116783,8,5,3
116784,9,7,2
116785,9,8,1
116787,8,7,1
116788,8,7,1
116789,23,5,18
116790,2,1,1
116791,22,16,6
116792,22,16,6
116793,15,9,6
116794,15,9,6
116805,15,9,6
116806,15,9,6
116807,2,0,2
116808,19,11,8
116809,6,1,5
116810,25,15,10
116811,25,15,10
116812,25,15,10
116813,25,15,10
116814,23,5,18
116833,17,14,3
116834,15,12,3
116835,15,12,3
116836,15,12,3
116837,15,12,3
116838,17,14,3
116839,18,4,14
116840,18,4,14
116841,16,12,4
116842,1,1,0
116843,1,1,0
116844,18,4,14
116846,16,12,4
116847,8,2,6
116848,5,2,3
116854,5,2,3
116855,16,13,3
116856,18,13,5
116857,16,12,4
116858,16,12,4
116859,16,12,4
116860,16,12,4
116899,15,13,2
116900,15,13,2
116901,15,13,2
116902,15,13,2
116919,9,5,4
116920,3,0,3
116921,7,1,6
116922,7,1,6
116923,7,1,6
116924,7,1,6
116925,7,1,6
116944,13,7,6
116945,13,7,6
116946,13,7,6
116947,18,18,0
116948,18,18,0
116949,16,16,0
116950,16,15,1
116951,16,15,1
116952,16,15,1
116953,16,15,1
116954,22,22,0
116963,17,16,1
116973,17,16,1
116974,15,0,15
116975,18,18,0
116976,16,16,0
116977,4,0,4
116978,17,16,1
116979,17,16,1
116980,17,16,1
116981,17,16,1
116982,17,16,1
116983,17,16,1
116984,17,16,1
116985,17,16,1
116986,15,15,0
116987,11,8,3
116988,9,3,6
116989,9,3,6
116994,11,8,3
116995,11,8,3
116996,7,2,5
116998,11,8,3
116999,11,8,3
117000,28,28,0
117002,10,10,0
117003,28,28,0
117004,28,28,0
117013,2,1,1
117014,4,2,2
117015,8,2,6
117016,9,0,9
117017,9,0,9
117018,6,2,4
117019,9,0,9
117022,3,2,1
117023,8,2,6
117024,2,1,1
117043,2,2,0
117076,97,71,26
117077,97,71,26
117078,115,79,36
117079,115,79,36
117080,15,8,7
117081,19,13,6
117082,19,13,6
117083,19,13,6
117084,19,13,6
117085,16,11,5
117086,10,8,2
117087,7,5,2
117088,7,5,2
117089,7,5,2
117090,7,5,2
117091,9,7,2
117092,9,7,2
117093,11,0,11
117094,11,0,11
117095,9,7,2
117098,9,7,2
117099,72,37,35
117100,72,37,35
117101,72,37,35
117102,28,25,3
117103,12,10,2
117104,15,10,5
117105,15,10,5
117106,15,10,5
117107,5,5,0
117108,5,5,0
117109,11,9,2
117110,72,37,35
117111,72,37,35
117112,2,2,0
117113,2,2,0
117114,2,2,0
117115,2,2,0
117116,1,1,0
117117,1,1,0
117119,1,1,0
117120,1,1,0
117121,28,22,6
117122,4,3,1
117123,5,1,4
117124,19,13,6
117125,15,8,7
117126,14,10,4
117127,28,25,3
117128,28,25,3
117129,28,25,3
117130,28,25,3
117131,28,25,3
117132,28,25,3
117133,28,25,3
117134,28,25,3
117135,110,64,46
117136,227,154,73
117137,39,29,10
117138,42,33,9
117139,42,33,9
117140,1,0,1
117141,42,33,9
117142,42,33,9
117143,34,29,5
117144,65,38,27
117145,65,38,27
117146,90,61,29
117147,4,4,0
117148,3,3,0
117149,3,3,0
117150,65,38,27
117151,17,13,4
117152,17,13,4
117153,11,7,4
117154,11,7,4
117155,90,61,29
117156,28,17,11
117157,3,3,0
117158,3,2,1
117159,12,7,5
117160,90,61,29
117161,90,61,29
117162,90,61,29
117163,67,50,17
117165,67,50,17
117166,17,17,0
117167,17,17,0
117168,9,9,0
117169,9,9,0
117170,174,120,54
117171,29,26,3
117172,29,26,3
117173,29,26,3
117174,29,26,3
117175,29,26,3
117176,29,26,3
117177,29,26,3
117178,29,26,3
117179,29,26,3
117180,23,9,14
117181,4,3,1
117182,29,26,3
117183,29,26,3
117184,29,26,3
117185,10,9,1
117186,10,9,1
117187,8,7,1
117188,23,6,17
117190,1,1,0
117191,1,1,0
117194,11,10,1
117198,29,26,3
117199,174,120,54
117201,137,70,67
117202,137,70,67
117203,137,70,67
117204,137,70,67
117205,258,141,117
117206,258,141,117
117207,258,141,117
117208,216,150,66
117209,216,150,66
117212,44,37,7
117215,44,37,7
117216,11,7,4
117217,24,23,1
117218,11,11,0
117219,24,23,1
117220,21,14,7
117221,30,21,9
117222,28,21,7
117223,28,21,7
117224,26,19,7
117225,59,29,30
117226,59,29,30
117227,59,29,30
117228,69,41,28
117229,5,4,1
117230,7,7,0
117231,59,29,30
117232,1,0,1
117233,1,0,1
117234,22,16,6
117235,69,41,28
117243,24,17,7
117244,69,41,28
117245,69,41,28
117246,69,41,28
117247,69,41,28
117248,69,41,28
117249,69,41,28
117250,69,41,28
117251,17,7,10
117252,2,0,2
117253,11,5,6
117254,11,0,11
117255,11,0,11
117256,12,1,11
117257,12,1,11
117258,17,7,10
117259,12,1,11
117260,12,1,11
117261,12,1,11
117262,37,36,1
117263,2,2,0
117264,2,2,0
117265,11,11,0
117266,11,11,0
117267,2,0,2
117268,6,5,1
117269,6,5,1
117270,13,11,2
117275,2,2,0
117276,2,2,0
117277,2,2,0
117278,13,11,2
117279,6,0,6
117280,6,0,6
117281,8,8,0
117282,37,36,1
117283,13,11,2
117284,13,11,2
117285,13,11,2
117286,13,11,2
117287,19,10,9
117288,19,10,9
117289,15,2,13
117290,15,2,13
117291,15,2,13
117292,20,12,8
117293,20,12,8
117294,25,20,5
117295,20,15,5
117296,39,25,14
117297,39,25,14
117298,39,25,14
117299,40,35,5
117300,8,8,0
117301,8,8,0
117302,8,8,0
117303,8,8,0
117304,5,5,0
117305,39,25,14
117306,39,25,14
117311,40,35,5
117312,40,35,5
117313,40,35,5
117314,40,35,5
117315,40,35,5
117316,2,0,2
117318,112,82,30
117320,17,8,9
117321,17,8,9
117322,10,7,3
117323,17,8,9
117324,10,7,3
117325,10,7,3
117326,10,7,3
117327,10,7,3
117328,10,7,3
117329,10,7,3
117330,10,7,3
117331,20,7,13
117332,20,7,13
117333,16,11,5
117334,15,9,6
117335,15,9,6
117336,15,9,6
117337,16,11,5
117338,20,7,13
117339,16,11,5
117340,20,14,6
117342,20,7,13
117343,20,7,13
117344,1,1,0
117345,20,14,6
117346,6,0,6
117347,9,8,1
117348,4,1,3
117349,20,14,6
117350,20,14,6
117351,20,14,6
117352,20,14,6
117364,27,23,4
117365,103,81,22
117366,2,0,2
117367,103,81,22
117368,103,81,22
117369,52,46,6
117370,52,46,6
117371,119,102,17
117372,8,7,1
117373,8,7,1
117374,23,19,4
117377,49,31,18
117378,63,52,11
117379,38,32,6
117380,112,82,30
117381,69,53,16
117382,69,53,16
117383,26,19,7
117384,26,21,5
117390,24,19,5
117391,53,27,26
117392,53,27,26
117395,2,1,1
117396,2,1,1
117397,43,30,13
117398,2,2,0
117399,5,5,0
117400,53,27,26
117401,53,27,26
117402,26,21,5
117458,35,22,13
117466,43,30,13
117467,43,30,13
117468,43,30,13
117471,43,30,13
117472,43,30,13
117473,43,30,13
117474,43,30,13
117475,2,2,0
117476,43,30,13
117477,43,30,13
117478,43,30,13
117479,112,82,30
117483,5,5,0
117484,5,5,0
117486,5,5,0
117487,5,5,0
117490,24,22,2
117494,24,22,2
117499,6,6,0
117500,6,6,0
117503,24,18,6
117504,13,4,9
117505,13,4,9
117507,24,24,0
117508,24,24,0
117509,13,9,4
117510,24,18,6
117511,71,58,13
117512,71,58,13
117514,3,3,0
117515,71,58,13
117516,71,58,13
117518,1,1,0
117519,1,1,0
117520,8,8,0
117521,5,4,1
117522,5,4,1
117537,1,0,1
117538,1,0,1
117539,291,176,115
117540,32,25,7
117541,55,48,7
117542,55,48,7
117543,55,48,7
117544,41,30,11
117545,41,30,11
117546,20,12,8
117547,20,12,8
117548,41,30,11
117549,7,6,1
117550,126,102,24
117551,10,8,2
117552,10,8,2
117553,126,102,24
117554,77,68,9
117555,18,16,2
117556,33,29,4
117557,33,29,4
117558,33,29,4
117559,18,16,2
117560,12,11,1
117561,19,17,2
117562,126,102,24
117563,5,2,3
117564,56,50,6
117565,56,50,6
117566,31,26,5
117567,77,68,9
117568,77,68,9
117569,77,68,9
117570,77,68,9
117571,77,68,9
117572,77,68,9
117573,57,49,8
117574,57,49,8
117575,46,33,13
117576,46,33,13
117577,13,9,4
117578,13,9,4
117579,46,33,13
117580,105,80,25
117581,105,80,25
117582,45,35,10
117583,45,35,10
117584,45,35,10
117585,45,35,10
117586,21,14,7
117587,11,6,5
117588,45,35,10
117589,181,149,32
117590,21,10,11
117591,145,124,21
117592,8,8,0
117593,145,124,21
117596,181,149,32
117597,181,149,32
117598,181,149,32
117607,3,3,0
117609,1,1,0
117613,4,2,2
117614,16,7,9
117618,89,66,23
117619,89,66,23
117623,89,66,23
117624,89,66,23
117626,11,9,2
117627,11,9,2
117628,181,149,32
117629,181,149,32
117630,16,7,9
117631,291,176,115
117632,291,176,115
117633,14,7,7
117634,14,7,7
117635,14,7,7
117636,14,7,7
117637,14,7,7
117638,3,0,3
117639,14,7,7
117640,14,7,7
117641,14,7,7
117642,36,16,20
117643,11,9,2
117644,15,12,3
117645,15,12,3
117646,15,12,3
117647,11,9,2
117648,36,16,20
117649,22,20,2
117650,4,2,2
117651,11,8,3
117652,11,8,3
117653,14,7,7
117654,14,7,7
117657,14,11,3
117658,14,11,3
117659,14,11,3
117660,11,6,5
117661,11,6,5
117662,3,0,3
117663,3,0,3
117664,11,6,5
117665,28,8,20
117668,28,8,20
117669,28,8,20
117670,12,8,4
117671,2,1,1
117672,4,3,1
117673,13,9,4
117674,14,7,7
117675,13,12,1
117676,1,1,0
117677,1,1,0
117678,1,1,0
117679,1,1,0
117683,13,12,1
117684,14,7,7
117685,291,176,115
117686,60,43,17
117687,69,53,16
117688,69,53,16
117689,87,65,22
117690,15,11,4
117691,15,11,4
117694,22,18,4
117695,18,14,4
117696,22,18,4
117697,12,11,1
117698,12,11,1
117699,121,99,22
117700,27,18,9
117701,27,18,9
117704,121,99,22
117705,13,6,7
117710,2,0,2
117711,2,0,2
117712,6,3,3
117713,92,77,15
117714,92,77,15
117715,92,77,15
117716,12,12,0
117717,1,0,1
117718,15,14,1
117719,12,12,0
117720,5,5,0
117721,5,5,0
117722,5,5,0
117723,5,5,0
117724,5,5,0
117725,5,5,0
117726,5,5,0
117727,5,5,0
117728,5,5,0
117729,5,5,0
117730,87,65,22
117731,87,65,22
117732,91,77,14
117733,91,77,14
117734,91,77,14
117735,91,77,14
117737,187,121,66
117738,187,121,66
117739,12,8,4
117740,160,114,46
117741,8,7,1
117742,187,121,66
117743,187,121,66
117744,3,1,2
117745,3,1,2
117746,23,20,3
117747,160,114,46
117748,97,72,25
117749,2,2,0
117753,97,72,25
117754,97,72,25
117755,1,0,1
117756,1,0,1
117757,1,0,1
117758,1,0,1
117759,67,57,10
117760,30,25,5
117761,30,25,5
117762,30,25,5
117763,30,25,5
117764,5,2,3
117765,5,2,3
117767,67,57,10
117768,67,57,10
117769,26,21,5
117770,38,27,11
117771,13,11,2
117772,17,15,2
117773,17,15,2
117774,17,15,2
117775,17,15,2
117776,10,9,1
117777,97,72,25
117778,16,13,3
117779,16,13,3
117780,13,8,5
117781,13,8,5
117782,5,2,3
117783,5,2,3
117784,13,8,5
117785,35,22,13
117786,35,22,13
117787,35,22,13
117788,3,3,0
117789,13,9,4
117790,1,0,1
117791,1,1,0
117792,1,1,0
117793,97,72,25
117794,14,9,5
117795,19,12,7
117796,5,2,3
117797,5,2,3
117798,19,12,7
117799,19,12,7
117800,15,10,5
117801,15,10,5
117803,27,11,16
117804,27,11,16
117805,27,11,16
117806,13,8,5
117807,27,11,16
117808,27,11,16
117809,3,3,0
117812,13,8,5
117813,13,8,5
117814,6,4,2
117815,6,4,2
117816,187,121,66
117817,187,121,66
117819,9,1,8
117823,5,5,0
117824,5,5,0
117825,80,68,12
117827,2,2,0
117829,80,68,12
117830,80,68,12
117831,4,4,0
117832,4,4,0
117833,91,77,14
117836,4,4,0
117837,4,4,0
117838,3,3,0
117841,4,4,0
117844,3,3,0
117850,91,77,14
117851,3,3,0
117852,3,3,0
117853,3,3,0
117854,3,3,0
117862,187,121,66
117863,6,3,3
117868,9,1,8
117869,16,12,4
117870,12,9,3
117871,12,9,3
117872,12,9,3
117873,12,9,3
117874,15,12,3
117878,62,53,9
117879,62,53,9
117880,21,9,12
117881,8,8,0
117882,9,9,0
117883,9,9,0
117884,9,9,0
117885,9,9,0
117886,8,8,0
117887,8,8,0
117888,8,8,0
117889,62,53,9
117890,2,1,1
117891,24,5,19
117892,2,1,1
117893,3,3,0
117894,15,12,3
117895,62,53,9
117896,62,53,9
117905,62,53,9
117906,3,0,3
117907,16,12,4
117908,9,3,6
117909,21,9,12
117910,21,9,12
117911,21,9,12
117912,21,9,12
117924,59,46,13
117925,59,46,13
117928,160,114,46
117929,160,114,46
117930,160,114,46
117931,160,114,46
117932,160,114,46
117933,160,114,46
117934,160,114,46
117935,160,114,46
117936,160,114,46
117937,160,114,46
117939,1,0,1
117946,10,7,3
117948,2,0,2
117952,43,33,10
117960,14,11,3
117961,1,0,1
117962,1,0,1
117963,19,16,3
117964,12,11,1
117967,37,35,2
117968,37,35,2
117971,21,18,3
117984,2,2,0
117999,2,2,0
118003,10,8,2
118004,10,8,2
118005,10,8,2
118012,10,10,0
118013,10,10,0
118014,34,21,13
118015,34,21,13
118019,177,144,33
118021,20,16,4
118022,24,17,7
118023,24,17,7
118024,23,17,6
118025,23,17,6
118026,8,4,4
118027,8,4,4
118028,23,17,6
118029,33,17,16
118030,33,17,16
118031,33,17,16
118032,34,29,5
118033,33,17,16
118034,34,29,5
118037,16,12,4
118047,2,2,0
118048,2,2,0
118051,16,12,4
118055,34,29,5
118056,34,29,5
118057,34,29,5
118058,34,29,5
118060,177,144,33
118061,19,13,6
118062,19,13,6
118063,4,4,0
118064,4,4,0
118067,2,2,0
118068,2,2,0
118069,2,2,0
118070,2,2,0
118075,4,4,0
118076,4,4,0
118078,39,38,1
118079,39,38,1
118080,2,1,1
118081,1,0,1
118082,2,2,0
118083,2,2,0
118084,2,2,0
118085,2,2,0
118086,177,144,33
118087,9,9,0
118093,5,2,3
118104,2,2,0
118105,2,2,0
118106,22,12,10
118107,22,12,10
118111,45,39,6
118112,45,39,6
118113,132,104,28
118114,132,104,28
118124,211,158,53
118125,66,42,24
118126,86,64,22
118127,86,64,22
118128,86,64,22
118129,64,47,17
118130,10,8,2
118131,141,98,43
118132,141,98,43
118133,141,98,43
118134,149,120,29
118135,32,29,3
118136,19,18,1
118137,21,20,1
118138,10,9,1
118139,10,9,1
118140,141,98,43
118141,141,98,43
118142,149,120,29
118143,11,8,3
118144,211,158,53
118145,149,120,29
118146,149,120,29
118147,149,120,29
118148,149,120,29
118149,44,36,8
118150,44,36,8
118153,95,74,21
118154,95,74,21
118155,9,8,1
118156,9,8,1
118157,95,74,21
118158,85,74,11
118159,10,9,1
118162,95,74,21
118163,95,74,21
118164,16,14,2
118166,16,14,2
118168,85,74,11
118169,10,10,0
118170,10,10,0
118171,10,10,0
118174,10,7,3
118175,10,7,3
118177,2,0,2
118179,2,0,2
118180,31,23,8
118181,17,16,1
118182,1,1,0
118183,1,1,0
118186,31,23,8
118194,85,74,11
118195,85,74,11
118196,85,74,11
118197,85,74,11
118198,112,82,30
118199,112,82,30
118200,69,53,16
118201,69,53,16
118202,69,53,16
118203,69,53,16
118204,207,161,46
118205,54,44,10
118215,6,4,2
118216,6,4,2
118217,2,2,0
118219,7,4,3
118220,6,4,2
118221,8,4,4
118222,8,4,4
118223,9,7,2
118224,1,0,1
118227,9,7,2
118233,5,4,1
118234,37,29,8
118235,37,29,8
118236,5,3,2
118237,6,5,1
118238,6,5,1
118239,2,2,0
118240,1,0,1
118244,2,0,2
118245,2,0,2
118246,92,87,5
118247,5,3,2
118248,33,32,1
118249,92,87,5
118250,7,6,1
118251,7,6,1
118252,1,1,0
118253,4,2,2
118254,3,3,0
118263,42,39,3
118264,42,39,3
118265,42,39,3
118266,1,0,1
118267,10,6,4
118268,10,6,4
118269,3,1,2
118271,216,150,66
118276,109,99,10
118277,22,22,0
118278,40,37,3
118279,9,9,0
118280,11,11,0
118281,9,9,0
118282,12,12,0
118288,12,12,0
118289,12,12,0
118290,12,12,0
118291,12,12,0
118292,12,12,0
118293,12,12,0
118294,12,12,0
118301,64,58,6
118303,36,31,5
118304,13,11,2
118305,37,28,9
118306,5,4,1
118307,36,31,5
118308,30,29,1
118309,30,29,1
118310,30,29,1
118311,30,29,1
118312,30,29,1
118313,30,29,1
118314,30,29,1
118315,22,18,4
118316,22,18,4
118356,4,2,2
118357,10,10,0
118358,26,26,0
118359,26,26,0
118360,9,3,6
118361,9,3,6
118362,2,0,2
118363,29,25,4
118364,15,13,2
118366,40,24,16
118367,40,24,16
118368,22,20,2
118374,19,17,2
118375,22,20,2
118376,22,20,2
118377,22,20,2
118378,22,20,2
118379,22,20,2
118380,22,20,2
118381,22,20,2
118382,22,20,2
118383,22,18,4
118384,22,18,4
118386,71,49,22
118387,71,49,22
118388,71,49,22
118389,103,91,12
118390,71,49,22
118391,71,49,22
118392,46,28,18
118406,10,4,6
118407,10,4,6
118408,103,91,12
118409,103,91,12
118410,39,27,12
118411,39,27,12
118414,39,27,12
118415,58,45,13
118420,74,67,7
118421,74,67,7
118422,111,94,17
118423,111,94,17
118424,24,13,11
118425,24,23,1
118426,24,23,1
118429,24,23,1
118434,7,5,2
118435,1,0,1
118436,1,0,1
118439,55,49,6
118440,55,49,6
118441,24,13,11
118442,24,13,11
118443,3,2,1
118460,99,72,27
118461,54,45,9
118462,54,45,9
118463,78,65,13
118464,78,65,13
118465,78,65,13
118466,78,65,13
118467,78,65,13
118468,54,45,9
118469,104,90,14
118470,78,65,13
118471,78,65,13
118472,104,90,14
118473,104,90,14
118474,44,31,13
118475,12,11,1
118476,12,11,1
118477,12,11,1
118478,27,22,5
118479,27,22,5
118480,40,34,6
118481,19,12,7
118482,19,12,7
118483,46,38,8
118484,46,38,8
118485,46,38,8
118486,99,72,27
118487,64,55,9
118488,186,134,52
118490,62,54,8
118491,81,70,11
118492,81,70,11
118493,81,70,11
118494,81,70,11
118495,51,42,9
118496,51,42,9
118497,4,2,2
118498,98,56,42
118499,98,56,42
118503,17,7,10
118504,98,56,42
118505,133,114,19
118506,15,13,2
118507,20,14,6
118508,20,14,6
118509,20,14,6
118510,20,14,6
118511,15,13,2
118512,4,0,4
118513,4,0,4
118514,4,0,4
118515,13,11,2
118516,9,9,0
118517,9,9,0
118518,1,0,1
118519,7,4,3
118520,11,11,0
118521,11,11,0
118522,98,56,42
118523,98,56,42
118524,20,15,5
118525,20,15,5
118526,6,6,0
118527,6,6,0
118528,133,114,19
118529,45,28,17
118530,12,9,3
118531,13,9,4
118532,13,9,4
118533,13,9,4
118534,15,10,5
118535,15,10,5
118536,5,2,3
118537,5,2,3
118538,15,10,5
118539,16,5,11
118542,16,5,11
118543,13,9,4
118544,16,5,11
118545,13,9,4
118546,4,1,3
118547,13,9,4
118548,10,7,3
118551,54,47,7
118552,54,47,7
118553,54,47,7
118554,186,134,52
118556,3,1,2
118557,62,54,8
118558,29,21,8
118559,133,114,19
118560,133,114,19
118561,133,114,19
118562,133,114,19
118563,133,114,19
118564,133,114,19
118565,133,114,19
118566,133,114,19
118567,133,114,19
118568,133,114,19
118569,43,32,11
118570,6,1,5
118571,6,1,5
118573,5,1,4
118576,5,1,4
118579,6,1,5
118580,6,1,5
118583,6,2,4
118586,55,47,8
118587,55,47,8
118588,55,47,8
118589,55,47,8
118590,34,26,8
118591,58,33,25
118592,58,33,25
118593,58,33,25
118610,58,33,25
118611,54,46,8
118612,9,9,0
118613,9,9,0
118614,9,9,0
118615,9,9,0
118616,9,9,0
118617,9,9,0
118618,10,10,0
118619,9,9,0
118620,9,9,0
118621,58,33,25
118622,58,33,25
118627,14,8,6
118628,1,1,0
118629,7,7,0
118630,7,7,0
118631,2,2,0
118632,54,46,8
118633,19,13,6
118635,6,5,1
118636,35,28,7
118637,7,5,2
118638,43,32,11
118639,22,16,6
118640,54,46,8
118641,54,46,8
118642,54,46,8
118643,54,46,8
118644,39,32,7
118645,28,22,6
118646,32,26,6
118647,46,39,7
118648,46,39,7
118649,46,39,7
118651,14,11,3
118652,14,11,3
118653,31,21,10
118654,31,21,10
118656,10,6,4
118657,10,6,4
118658,10,6,4
118660,31,21,10
118661,31,21,10
118662,2,2,0
118663,6,2,4
118664,6,2,4
118665,8,5,3
118666,8,5,3
118667,6,2,4
118668,8,5,3
118669,8,5,3
118670,90,61,29
118673,17,17,0
118674,17,17,0
118675,83,76,7
118676,9,6,3
118677,11,4,7
118678,12,7,5
118679,12,7,5
118682,12,7,5
118683,22,16,6
118684,13,11,2
118685,1,0,1
118686,1,0,1
118687,10,8,2
118688,10,8,2
118689,10,8,2
118690,10,8,2
118691,11,11,0
118692,3,3,0
118693,3,3,0
118694,10,9,1
118697,4,0,4
118698,4,0,4
118699,1,0,1
118700,1,0,1
118701,13,11,2
118702,6,1,5
118703,10,9,1
118704,10,9,1
118705,10,9,1
118706,10,9,1
118707,22,16,6
118708,22,16,6
118709,16,12,4
118710,16,9,7
118711,16,9,7
118712,16,9,7
118713,16,9,7
118714,14,12,2
118715,15,2,13
118716,15,2,13
118717,11,8,3
118722,1,0,1
118724,1,0,1
118725,16,12,4
118726,11,8,3
118727,2,0,2
118728,16,12,4
118729,4,0,4
118730,11,8,3
118731,11,8,3
118732,11,8,3
118740,45,29,16
118741,45,29,16
118746,7,5,2
118747,10,8,2
118748,10,8,2
118752,10,8,2
118753,10,8,2
118758,7,5,2
118759,9,9,0
118760,9,9,0
118761,33,20,13
118762,91,43,48
118763,14,2,12
118764,14,2,12
118770,10,7,3
118771,8,0,8
118772,11,6,5
118773,11,5,6
118774,11,5,6
118775,8,0,8
118776,2,0,2
118777,2,0,2
118778,8,0,8
118779,7,3,4
118782,7,3,4
118783,8,0,8
118784,7,3,4
118785,7,3,4
118786,1,1,0
118787,1,1,0
118788,12,8,4
118789,9,7,2
118790,9,7,2
118791,5,0,5
118792,5,0,5
118793,3,2,1
118795,3,2,1
118796,4,0,4
118797,17,15,2
118798,15,12,3
118799,15,12,3
118800,15,12,3
118801,15,12,3
118802,17,15,2
118803,18,2,16
118804,18,2,16
118805,9,7,2
118808,17,15,2
118809,4,0,4
118810,9,7,2
118811,9,7,2
118812,9,7,2
118813,9,7,2
118814,9,7,2
118815,9,7,2
118816,9,7,2
118817,9,7,2
118818,10,8,2
118819,11,2,9
118820,11,2,9
118821,6,4,2
118827,6,4,2
118828,6,4,2
118829,6,4,2
118830,6,4,2
118831,1,0,1
118832,12,6,6
118833,24,8,16
118834,24,8,16
118835,3,2,1
118836,16,3,13
118837,2,1,1
118838,1,1,0
118839,3,2,1
118840,24,8,16
118841,3,3,0
118842,16,3,13
118844,15,7,8
118845,16,3,13
118846,16,3,13
118847,16,3,13
118856,2,0,2
118862,36,16,20
118871,1,0,1
118872,1,0,1
118873,25,17,8
118874,5,1,4
118880,5,1,4
118881,15,8,7
118882,1,1,0
118883,186,134,52
118884,186,134,52
118885,49,33,16
118886,8,6,2
118887,59,45,14
118888,59,45,14
118889,50,38,12
118890,177,138,39
118891,14,13,1
118892,14,13,1
118893,177,138,39
118894,104,88,16
118895,17,17,0
118896,32,32,0
118897,16,14,2
118898,82,67,15
118899,43,31,12
118900,15,10,5
118901,104,88,16
118902,104,88,16
118903,104,88,16
118904,104,88,16
118905,104,88,16
118906,104,88,16
118907,104,88,16
118908,104,88,16
118909,104,88,16
118910,104,88,16
118911,1,1,0
118920,138,97,41
118921,22,20,2
118924,72,63,9
118925,6,5,1
118926,6,5,1
118929,2,0,2
118930,2,0,2
118931,18,17,1
118932,18,17,1
118944,14,14,0
118945,40,26,14
118946,40,26,14
118947,9,4,5
118948,9,8,1
118949,9,8,1
118950,8,4,4
118951,8,4,4
118952,11,7,4
118953,11,7,4
118954,11,7,4
118955,5,3,2
118959,28,13,15
118961,9,1,8
118962,9,1,8
118963,9,1,8
118964,9,1,8
118965,9,1,8
118966,9,1,8
118970,3,3,0
118971,2,2,0
118972,13,4,9
118977,6,6,0
118978,6,6,0
118979,56,52,4
118980,63,55,8
118981,63,55,8
118991,64,53,11
118992,17,9,8
118993,82,53,29
118994,82,53,29
118995,82,53,29
118997,61,43,18
118998,61,43,18
118999,7,7,0
119000,7,7,0
119001,251,174,77
119002,251,174,77
119003,3,2,1
119004,12,6,6
119006,12,6,6
119007,251,174,77
119020,87,64,23
119021,3,0,3
119022,124,107,17
119023,69,61,8
119024,69,61,8
119025,79,65,14
119026,251,174,77
119027,251,174,77
119028,17,13,4
119029,17,13,4
119030,87,64,23
119031,24,21,3
119032,24,21,3
119033,19,18,1
119034,53,27,26
119035,46,45,1
119036,3,2,1
119037,46,45,1
119038,11,8,3
119039,46,45,1
119040,46,45,1
119041,46,45,1
119043,13,9,4
119044,13,9,4
119045,13,8,5
119046,13,8,5
119047,5,2,3
119048,5,2,3
119049,13,8,5
119052,11,3,8
119055,11,3,8
119056,12,9,3
119060,11,3,8
119061,10,7,3
119062,3,1,2
119063,12,9,3
119064,58,42,16
119065,58,42,16
119066,42,33,9
119067,42,33,9
119068,19,16,3
119071,11,11,0
119072,20,7,13
119073,20,7,13
119074,43,24,19
119075,73,46,27
119076,87,64,23
119077,87,64,23
119078,87,64,23
119079,87,64,23
119094,6,1,5
119095,6,1,5
119097,6,1,5
119098,6,1,5
119105,7,4,3
119110,5,2,3
119111,11,9,2
119112,11,9,2
119114,22,10,12
119115,22,10,12
119116,3,3,0
119117,3,3,0
119118,19,15,4
119119,19,15,4
119120,8,3,5
119124,24,17,7
119125,24,17,7
119126,4,3,1
119129,11,3,8
119131,9,6,3
119132,5,2,3
119133,11,3,8
119134,9,6,3
119135,11,3,8
119136,5,2,3
119137,5,2,3
119138,5,2,3
119139,5,2,3
119142,3,0,3
119146,16,11,5
119147,16,11,5
119148,16,11,5
119149,16,11,5
119151,16,11,5
119152,16,11,5
119158,2,0,2
119159,4,2,2
119160,4,2,2
119166,3,0,3
119168,3,0,3
119171,3,0,3
119179,3,3,0
119180,3,3,0
119216,20,15,5
119217,19,14,5
119218,19,14,5
119219,19,14,5
119220,21,15,6
119221,25,6,19
119222,25,6,19
119223,18,9,9
119229,25,6,19
119232,18,9,9
119233,10,0,10
119241,1,0,1
119242,18,9,9
119243,18,9,9
119244,18,9,9
119245,18,9,9
119246,18,9,9
119247,18,9,9
119248,18,9,9
119249,18,9,9
119252,153,99,54
119253,153,99,54
119254,145,124,21
119255,5,5,0
119256,145,124,21
119257,5,5,0
119267,15,13,2
119268,3,1,2
119275,15,13,2
119276,11,11,0
119277,11,11,0
119281,104,97,7
119283,186,134,52
119284,186,134,52
119285,119,108,11
119286,119,108,11
119287,8,5,3
119288,8,5,3
119290,14,6,8
119291,14,6,8
119293,18,6,12
119294,3,0,3
119295,3,0,3
119297,3,0,3
119298,3,0,3
119299,18,6,12
119300,18,6,12
119301,16,8,8
119302,13,0,13
119303,13,0,13
119304,13,0,13
119305,13,0,13
119307,13,0,13
119308,13,5,8
119314,13,0,13
119315,13,0,13
119316,13,0,13
119317,1,1,0
119318,14,6,8
119319,14,6,8
119320,13,5,8
119321,13,5,8
119322,13,5,8
119323,13,11,2
119324,13,12,1
119325,13,12,1
119326,13,12,1
119327,13,12,1
119328,11,11,0
119329,2,1,1
119330,12,5,7
119331,1,1,0
119332,12,5,7
119333,8,8,0
119334,20,16,4
119335,22,14,8
119336,22,14,8
119337,22,14,8
119338,22,14,8
119339,22,17,5
119340,24,19,5
119341,12,5,7
119342,2,2,0
119343,5,1,4
119344,16,11,5
119345,2,1,1
119346,11,11,0
119349,22,14,8
119350,22,14,8
119351,23,19,4
119352,30,8,22
119353,22,17,5
119354,2,0,2
119355,1,1,0
119359,20,16,4
119360,30,8,22
119361,30,8,22
119362,30,8,22
119363,19,15,4
119364,19,15,4
119365,19,15,4
119366,19,15,4
119367,19,15,4
119368,19,15,4
119369,8,5,3
119370,8,5,3
119371,3,1,2
119372,5,1,4
119373,8,8,0
119374,8,8,0
119375,8,8,0
119376,8,8,0
119377,29,8,21
119378,29,8,21
119379,29,8,21
119380,29,8,21
119381,9,5,4
119382,9,5,4
119383,9,5,4
119385,9,5,4
119386,9,5,4
119387,9,5,4
119388,9,5,4
119389,8,6,2
119390,1,0,1
119392,1,0,1
119395,6,6,0
119396,6,6,0
119397,6,6,0
119398,119,108,11
119399,4,2,2
119400,4,2,2
119401,4,2,2
119402,4,2,2
119404,2,0,2
119405,2,0,2
119406,21,10,11
119407,21,10,11
119408,6,4,2
119409,6,4,2
119410,4,2,2
119424,4,2,2
119428,17,9,8
119429,9,9,0
119431,4,4,0
119433,2,2,0
119437,2,2,0
119441,105,98,7
119442,105,98,7
119443,30,16,14
119444,30,16,14
119445,5,2,3
119450,3,0,3
119451,3,0,3
119452,5,2,3
119453,104,90,14
119454,104,90,14
119455,33,20,13
119456,181,149,32
119457,145,124,21
119458,181,149,32
119459,181,149,32
119460,107,95,12
119463,177,138,39
119466,5,5,0
119467,5,5,0
119468,35,21,14
119477,35,21,14
119478,59,45,14
119479,177,138,39
119480,177,138,39
119481,104,88,16
119482,6,6,0
119483,6,6,0
119484,177,138,39
119485,177,138,39
119486,15,6,9
119487,82,67,15
119488,33,18,15
119489,82,67,15
119490,82,67,15
119491,82,67,15
119492,82,67,15
119493,22,22,0
119494,177,138,39
119495,4,0,4
119496,4,2,2
119497,24,23,1
119498,35,31,4
119499,2,0,2
119500,7,5,2
119501,7,5,2
119503,35,31,4
119504,25,19,6
119505,17,12,5
119511,23,17,6
119512,23,17,6
119513,23,17,6
119514,3,0,3
119515,18,13,5
119516,18,13,5
119517,18,13,5
119518,31,13,18
119519,31,13,18
119520,47,33,14
119521,6,5,1
119522,3,3,0
119523,3,3,0
119524,4,4,0
119525,31,13,18
119526,47,33,14
119529,18,13,5
119530,17,12,5
119531,3,0,3
119532,47,33,14
119533,9,7,2
119534,9,7,2
119536,3,2,1
119537,3,2,1
119538,15,15,0
119548,15,15,0
119549,33,33,0
119571,33,33,0
119574,8,2,6
119575,5,3,2
119576,8,2,6
119577,5,3,2
119578,30,28,2
119579,6,4,2
119580,6,4,2
119581,6,4,2
119582,2,2,0
119589,24,23,1
119590,15,15,0
119591,15,15,0
119592,15,15,0
119593,15,15,0
119594,15,15,0
119595,15,15,0
119596,145,124,21
119602,145,124,21
119603,177,144,33
119604,81,52,29
119605,1,1,0
119606,1,1,0
119617,23,21,2
119618,23,21,2
119650,68,52,16
119651,68,52,16
119652,68,52,16
119654,68,52,16
119655,177,144,33
119656,12,10,2
119657,63,51,12
119658,63,51,12
119659,63,51,12
119660,54,41,13
119661,54,41,13
119662,118,73,45
119663,118,73,45
119664,6,2,4
119665,6,2,4
119670,118,73,45
119671,118,73,45
119672,118,73,45
119673,25,20,5
119674,25,20,5
119675,132,104,28
119676,56,40,16
119677,56,40,16
119678,56,40,16
119679,56,40,16
119680,56,40,16
119681,32,25,7
119682,32,25,7
119683,56,40,16
119684,56,40,16
119685,32,25,7
119686,6,1,5
119700,6,1,5
119701,33,21,12
119704,33,21,12
119705,13,9,4
119706,45,20,25
119707,11,9,2
119708,13,10,3
119709,13,10,3
119710,13,10,3
119711,13,10,3
119712,11,9,2
119713,45,20,25
119714,26,15,11
119715,2,1,1
119716,11,9,2
119717,11,9,2
119718,56,40,16
119719,56,40,16
119720,56,40,16
119721,23,11,12
119722,23,11,12
119723,56,40,16
119724,45,39,6
119725,21,7,14
119726,56,40,16
119728,13,4,9
119729,173,154,19
119730,173,154,19
119762,10,10,0
119763,10,10,0
119764,36,35,1
119765,36,35,1
119766,51,41,10
119767,51,41,10
119768,51,41,10
119769,51,41,10
119770,51,41,10
119771,51,41,10
119772,51,41,10
119773,51,41,10
119774,36,35,1
119775,36,35,1
119776,56,39,17
119777,56,39,17
119778,56,39,17
119779,56,39,17
119782,26,24,2
119783,26,24,2
119784,16,8,8
119785,16,8,8
119787,16,8,8
119788,26,24,2
119789,61,54,7
119790,61,54,7
119791,238,164,74
119792,238,164,74
119794,238,164,74
119795,238,164,74
119796,56,37,19
119797,14,11,3
119801,14,11,3
119804,56,37,19
119805,10,7,3
119806,10,7,3
119807,28,21,7
119809,10,8,2
119810,10,8,2
119811,26,24,2
119812,9,5,4
119813,9,5,4
119814,13,8,5
119815,13,8,5
119816,8,4,4
119818,13,8,5
119819,13,8,5
119820,6,4,2
119821,6,4,2
119822,6,4,2
119823,6,4,2
119824,13,2,11
119826,9,7,2
119827,13,2,11
119828,9,7,2
119830,26,24,2
119831,8,4,4
119832,8,4,4
119833,12,8,4
119834,12,8,4
119835,25,22,3
119836,25,22,3
119837,7,6,1
119852,7,6,1
119853,37,35,2
119854,37,35,2
119855,37,35,2
119856,37,35,2
119857,54,35,19
119858,15,10,5
119859,13,10,3
119860,2,0,2
119861,13,10,3
119862,12,10,2
119863,12,10,2
119864,18,3,15
119865,13,11,2
119868,18,3,15
119869,12,10,2
119871,10,8,2
119872,10,8,2
119876,10,8,2
119877,10,8,2
119878,13,11,2
119879,15,10,5
119880,12,10,2
119881,54,35,19
119882,7,7,0
119886,81,59,22
119887,81,59,22
119888,12,6,6
119889,117,86,31
119890,117,86,31
119891,117,86,31
119892,117,86,31
119893,76,46,30
119894,14,6,8
119895,238,164,74
119896,238,164,74
119897,2,2,0
119901,7,7,0
119902,7,7,0
119903,11,8,3
119904,11,8,3
119905,238,164,74
119906,96,81,15
119907,18,15,3
119908,25,21,4
119909,25,21,4
119910,25,21,4
119911,25,21,4
119912,11,11,0
119913,15,13,2
119914,15,13,2
119915,238,164,74
119916,238,164,74
119917,112,77,35
119918,41,32,9
119919,23,17,6
119920,85,64,21
119921,3,3,0
119923,3,3,0
119927,6,2,4
119928,81,59,22
119929,12,3,9
119930,112,77,35
119931,112,77,35
119932,112,77,35
119933,112,77,35
119934,96,81,15
119935,96,81,15
119936,96,81,15
119937,96,81,15
119938,187,137,50
119939,238,164,74
119940,238,164,74
119942,28,23,5
119943,28,23,5
119944,28,23,5
119945,28,23,5
119946,15,8,7
119947,11,10,1
119948,28,23,5
119949,28,23,5
119951,3,2,1
119952,3,2,1
119953,3,2,1
119954,15,6,9
119957,2,1,1
119958,37,24,13
119959,37,24,13
119960,37,24,13
119961,5,5,0
119962,36,26,10
119963,36,26,10
119964,36,26,10
119965,10,4,6
119966,10,4,6
119967,36,26,10
119968,36,26,10
119969,66,29,37
119970,66,29,37
119971,66,29,37
119972,66,29,37
119973,66,29,37
119974,66,29,37
119975,66,29,37
119976,4,4,0
119977,4,4,0
119978,4,4,0
119979,4,4,0
119980,47,34,13
119981,47,23,24
119982,47,23,24
119986,17,6,11
119987,17,6,11
119988,47,23,24
119989,47,23,24
119990,47,23,24
119991,47,23,24
119996,4,2,2
119997,20,10,10
119999,20,10,10
120002,3,1,2
120003,30,10,20
120004,9,7,2
120005,10,6,4
120006,10,6,4
120007,10,6,4
120008,10,6,4
120009,9,7,2
120010,30,10,20
120011,12,9,3
120012,2,1,1
120013,3,1,2
120014,11,7,4
120015,11,7,4
120016,47,23,24
120017,47,23,24
120018,17,6,11
120019,47,23,24
120028,34,25,9
120029,17,7,10
120030,47,23,24
120031,187,137,50
120032,187,137,50
120033,187,137,50
120034,11,9,2
120035,11,9,2
120037,173,154,19
120038,173,154,19
120039,18,10,8
120040,18,10,8
120041,33,31,2
120042,33,31,2
120043,53,52,1
120044,53,52,1
120047,53,52,1
120048,53,52,1
120049,7,7,0
120050,53,52,1
120051,53,52,1
120052,23,13,10
120053,5,4,1
120054,5,4,1
120055,53,52,1
120056,53,52,1
120060,21,13,8
120061,4,2,2
120062,4,2,2
120063,4,2,2
120064,4,2,2
120065,4,2,2
120077,18,10,8
120078,18,10,8
120091,1,1,0
120105,40,32,8
120106,32,20,12
120107,11,9,2
120108,11,9,2
120109,32,20,12
120110,1,1,0
120111,23,19,4
120112,138,97,41
120113,138,97,41
120122,22,20,2
120123,22,20,2
120124,110,83,27
120125,4,4,0
120126,4,4,0
120143,62,54,8
120144,4,4,0
120145,4,3,1
120146,3,3,0
120147,3,3,0
120148,46,30,16
120152,15,12,3
120153,6,5,1
120154,6,5,1
120155,2,2,0
120156,19,10,9
120157,3,3,0
120163,8,6,2
120165,101,88,13
120166,2,2,0
120172,71,58,13
120173,35,28,7
120174,38,31,7
120175,38,31,7
120176,38,31,7
120177,29,22,7
120178,71,58,13
120179,71,58,13
120180,69,61,8
120181,12,12,0
120182,19,19,0
120183,19,19,0
120184,12,12,0
120185,71,58,13
120186,14,14,0
120187,21,17,4
120188,7,6,1
120189,30,22,8
120190,71,58,13
120191,69,61,8
120192,69,61,8
120193,69,61,8
120194,3,3,0
120195,3,3,0
120196,24,23,1
120197,24,23,1
120199,127,85,42
120202,127,85,42
120208,22,21,1
120209,14,13,1
120211,23,9,14
120212,23,9,14
120214,251,174,77
120215,251,174,77
120216,251,174,77
120217,7,5,2
120224,4,2,2
120225,18,13,5
120226,18,13,5
120227,3,1,2
120230,3,1,2
120231,1,1,0
120232,1,1,0
120236,1,1,0
120237,1,1,0
120238,113,92,21
120240,8,8,0
120241,8,8,0
120250,23,14,9
120251,22,22,0
120252,22,22,0
120256,10,10,0
120257,10,10,0
120258,12,11,1
120286,87,64,23
120287,67,50,17
120288,67,50,17
120289,43,24,19
120290,43,24,19
120291,43,24,19
120292,43,24,19
120293,43,24,19
120298,67,50,17
120299,67,50,17
120300,7,3,4
120301,7,3,4
120302,5,3,2
120303,3,1,2
120304,3,0,3
120305,3,0,3
120306,17,13,4
120307,17,13,4
120308,23,19,4
120309,26,22,4
120310,26,22,4
120311,26,22,4
120312,26,22,4
120313,27,20,7
120314,27,20,7
120315,6,3,3
120316,6,3,3
120317,6,3,3
120318,6,3,3
120319,27,20,7
120320,5,4,1
120321,43,23,20
120322,2,2,0
120323,2,2,0
120324,43,23,20
120325,43,39,4
120326,6,6,0
120327,8,8,0
120328,8,8,0
120329,8,8,0
120330,6,6,0
120331,43,23,20
120332,26,22,4
120333,26,22,4
120334,4,4,0
120335,4,4,0
120336,43,39,4
120337,6,0,6
120342,5,4,1
120347,1,0,1
120350,10,4,6
120351,43,39,4
120352,43,39,4
120353,43,39,4
120354,43,39,4
120355,2,2,0
120356,1,1,0
120357,1,1,0
120360,34,24,10
120361,34,24,10
120363,46,31,15
120364,47,36,11
120365,47,36,11
120366,47,36,11
120367,47,36,11
120368,26,6,20
120369,20,16,4
120370,18,14,4
120371,18,14,4
120372,18,14,4
120373,18,14,4
120374,21,17,4
120375,26,6,20
120378,26,6,20
120379,12,8,4
120384,26,6,20
120387,12,8,4
120391,22,18,4
120392,20,16,4
120393,12,8,4
120394,12,8,4
120395,12,8,4
120396,12,8,4
120397,12,8,4
120398,12,8,4
120399,12,8,4
120400,12,8,4
120403,39,31,8
120404,11,9,2
120409,40,33,7
120410,87,47,40
120411,87,47,40
120412,87,47,40
120413,67,54,13
120414,13,12,1
120415,16,14,2
120416,16,14,2
120417,16,14,2
120418,16,14,2
120419,13,12,1
120420,10,9,1
120421,2,1,1
120422,3,1,2
120423,13,10,3
120424,13,10,3
120425,87,47,40
120426,87,47,40
120427,47,36,11
120428,47,36,11
120429,67,54,13
120430,67,54,13
120460,54,47,7
120461,3,2,1
120462,4,2,2
120464,10,6,4
120465,46,31,15
120466,12,6,6
120467,67,54,13
120468,67,54,13
120469,67,54,13
120470,67,54,13
120471,67,54,13
120472,67,54,13
120473,67,54,13
120474,67,54,13
120475,113,92,21
120476,113,92,21
120477,163,125,38
120478,3,3,0
120479,3,3,0
120496,10,8,2
120497,10,8,2
120498,1,0,1
120499,4,0,4
120509,3,0,3
120510,6,4,2
120511,6,4,2
120512,47,37,10
120513,34,27,7
120519,3,2,1
120520,3,2,1
120522,3,2,1
120531,34,27,7
120532,34,27,7
120533,40,29,11
120534,40,29,11
120535,163,125,38
120537,6,5,1
120538,6,5,1
120540,23,19,4
120543,9,7,2
120544,6,6,0
120545,6,6,0
120546,4,4,0
120547,6,6,0
120548,6,6,0
120551,5,4,1
120553,5,4,1
120560,2,2,0
120561,2,2,0
120564,12,8,4
120565,12,8,4
120566,2,2,0
120567,12,8,4
120568,12,8,4
120569,9,5,4
120570,10,2,8
120571,10,2,8
120572,10,2,8
120573,10,2,8
120574,5,1,4
120575,5,1,4
120576,5,1,4
120599,19,15,4
120602,19,13,6
120603,19,13,6
120604,19,13,6
120605,23,15,8
120611,18,0,18
120612,18,0,18
120613,16,6,10
120617,18,0,18
120618,16,6,10
120619,10,0,10
120620,19,15,4
120627,5,2,3
120628,16,6,10
120629,16,6,10
120630,16,6,10
120631,16,6,10
120632,16,6,10
120633,16,6,10
120634,16,6,10
120635,16,6,10
120639,13,8,5
120641,13,8,5
120643,15,14,1
120646,42,20,22
120647,42,20,22
120649,17,11,6
120650,21,15,6
120651,21,15,6
120652,14,8,6
120653,42,20,22
120654,22,15,7
120655,4,4,0
120656,4,4,0
120657,42,20,22
120658,42,20,22
120659,42,20,22
120660,4,1,3
120663,37,16,21
120678,22,15,7
120679,22,15,7
120692,35,34,1
120698,21,21,0
120699,21,21,0
120701,7,7,0
120702,7,7,0
120704,11,7,4
120705,11,7,4
120706,9,6,3
120707,16,12,4
120708,16,12,4
120709,18,13,5
120710,1,0,1
120712,1,0,1
120713,7,5,2
120716,4,2,2
120725,18,13,5
120733,33,25,8
120734,33,25,8
120735,18,18,0
120738,4,4,0
120746,18,18,0
120747,25,22,3
120748,164,112,52
120749,2,0,2
120750,164,112,52
120751,164,112,52
120753,60,50,10
120754,60,50,10
120760,1,0,1
120761,1,0,1
120771,14,5,9
120772,14,5,9
120773,251,174,77
120774,12,12,0
120775,94,69,25
120776,94,69,25
120777,2,1,1
120778,2,1,1
120788,8,5,3
120789,14,10,4
120794,153,99,54
120795,153,99,54
120796,10,4,6
120797,34,26,8
120798,17,14,3
120800,20,15,5
120801,20,15,5
120802,20,15,5
120803,17,16,1
120804,2,0,2
120805,2,0,2
120809,2,0,2
120810,34,26,8
120811,34,26,8
120812,23,11,12
120813,8,8,0
120814,7,7,0
120815,7,7,0
120816,7,7,0
120817,7,7,0
120818,34,26,8
120819,26,10,16
120820,1,0,1
120821,20,19,1
120822,17,14,3
120823,4,0,4
120824,23,11,12
120825,23,11,12
120826,23,11,12
120827,23,11,12
120828,23,11,12
120829,23,11,12
120830,23,11,12
120831,23,11,12
120832,50,42,8
120833,117,95,22
120835,2,2,0
120841,5,3,2
120844,5,3,2
120845,2,0,2
120846,2,0,2
120847,24,17,7
120848,24,17,7
120849,24,17,7
120850,24,17,7
120851,24,17,7
120852,87,64,23
120853,10,8,2
120854,10,8,2
120855,10,8,2
120856,11,8,3
120857,8,7,1
120858,25,11,14
120866,25,11,14
120867,4,1,3
120868,2,1,1
120869,25,11,14
120870,5,3,2
120871,7,4,3
120872,46,29,17
120873,36,11,25
120880,19,11,8
120881,38,19,19
120882,38,19,19
120883,4,3,1
120884,4,3,1
120885,4,3,1
120886,45,18,27
120888,20,15,5
120889,20,15,5
120890,12,7,5
120891,45,18,27
120892,45,18,27
120893,18,10,8
120894,4,0,4
120895,4,0,4
120896,45,18,27
120897,4,0,4
120898,4,0,4
120901,18,10,8
120902,20,12,8
120903,20,12,8
120904,20,14,6
120909,20,14,6
120910,28,20,8
120911,2,0,2
120912,2,0,2
120913,45,18,27
120914,18,10,8
120922,3,1,2
120923,26,15,11
120924,13,4,9
120925,13,4,9
120926,13,4,9
120927,13,4,9
120930,8,0,8
120931,8,0,8
120936,34,16,18
120937,15,12,3
120938,15,12,3
120941,14,4,10
120946,45,18,27
120947,45,18,27
120948,2,2,0
120949,4,4,0
120950,21,7,14
120951,21,7,14
120952,3,0,3
120953,3,0,3
120955,1,1,0
120956,11,3,8
120957,11,3,8
120958,8,0,8
120960,1,1,0
120961,1,1,0
120962,4,2,2
120964,2,2,0
120969,4,0,4
120971,7,2,5
120974,7,2,5
120975,14,4,10
120976,14,9,5
120977,14,4,10
120978,13,7,6
120979,13,7,6
120980,13,7,6
120981,14,9,5
120982,14,4,10
120983,14,4,10
120984,14,9,5
120986,14,4,10
120987,3,0,3
120988,14,9,5
120989,14,9,5
120990,14,9,5
120991,14,9,5
120992,14,9,5
121022,14,10,4
121024,14,10,4
121028,92,86,6
121029,9,9,0
121032,5,0,5
121033,5,0,5
121034,8,0,8
121035,8,0,8
121040,8,0,8
121042,8,0,8
121053,2,2,0
121054,2,2,0
121055,6,2,4
121056,6,2,4
121057,3,1,2
121061,3,1,2
121062,3,1,2
121086,1,1,0
121087,1,1,0
121088,3,3,0
121089,11,3,8
121090,11,3,8
121091,92,86,6
121092,92,86,6
121093,16,15,1
121094,16,15,1
121097,92,86,6
121098,26,26,0
121099,26,26,0
121100,7,7,0
121117,100,84,16
121118,6,5,1
121119,100,84,16
121120,22,19,3
121121,22,19,3
121122,12,8,4
121123,12,8,4
121125,101,69,32
121126,101,69,32
121129,101,69,32
121130,101,69,32
121131,101,69,32
121132,10,3,7
121133,10,3,7
121134,101,69,32
121135,28,15,13
121141,28,15,13
121142,27,24,3
121144,32,27,5
121145,32,27,5
121146,32,27,5
121147,32,27,5
121148,31,23,8
121149,31,23,8
121150,31,23,8
121151,9,4,5
121152,9,4,5
121153,9,4,5
121154,9,4,5
121155,31,23,8
121156,31,23,8
121157,51,13,38
121158,51,13,38
121159,25,21,4
121160,25,21,4
121170,51,13,38
121171,1,1,0
121172,1,1,0
121173,3,2,1
121175,3,2,1
121176,29,24,5
121177,25,21,4
121178,25,21,4
121179,33,30,3
121180,6,2,4
121181,25,21,4
121182,25,21,4
121183,25,21,4
121184,25,21,4
121185,25,21,4
121186,25,21,4
121187,25,21,4
121188,25,21,4
121189,61,41,20
121190,61,41,20
121191,62,42,20
121192,62,42,20
121193,39,37,2
121194,39,37,2
121195,101,69,32
121196,101,69,32
121197,1,1,0
121198,1,1,0
121199,101,69,32
121200,101,69,32
121201,101,69,32
121202,101,69,32
121204,4,4,0
121205,4,4,0
121233,24,23,1
121234,107,99,8
121235,7,6,1
121236,34,28,6
121237,34,28,6
121242,13,8,5
121243,15,10,5
121244,15,10,5
121245,13,8,5
121246,4,0,4
121249,13,8,5
121250,18,2,16
121251,18,2,16
121252,18,2,16
121253,10,6,4
121258,18,2,16
121259,1,1,0
121260,1,1,0
121261,10,6,4
121262,13,8,5
121263,6,3,3
121264,10,6,4
121265,10,6,4
121266,10,6,4
121267,10,6,4
121268,107,99,8
121269,10,7,3
121271,3,1,2
121272,10,7,3
121273,11,9,2
121283,107,99,8
121287,49,39,10
121297,5,4,1
121298,5,4,1
121300,5,4,1
121301,5,4,1
121333,14,9,5
121334,2,0,2
121335,14,9,5
121362,30,25,5
121366,30,25,5
121367,107,99,8
121389,44,42,2
121402,20,14,6
121403,18,10,8
121404,18,10,8
121405,18,10,8
121406,18,10,8
121407,20,13,7
121408,27,9,18
121409,27,9,18
121411,27,9,18
121412,27,13,14
121413,7,7,0
121414,7,7,0
121415,7,7,0
121416,7,7,0
121417,6,6,0
121418,1,1,0
121419,7,7,0
121420,7,7,0
121421,27,9,18
121422,27,9,18
121423,27,13,14
121425,17,12,5
121426,4,0,4
121427,27,13,14
121428,27,13,14
121429,27,13,14
121430,27,13,14
121431,44,42,2
121432,64,51,13
121433,18,13,5
121434,18,13,5
121436,18,13,5
121437,18,13,5
121438,64,51,13
121439,64,51,13
121440,42,39,3
121443,58,52,6
121444,58,52,6
121445,20,7,13
121446,12,7,5
121447,12,5,7
121448,12,5,7
121449,12,5,7
121450,10,5,5
121451,10,5,5
121452,3,0,3
121453,10,5,5
121454,20,7,13
121455,20,7,13
121456,3,0,3
121457,12,8,4
121458,3,0,3
121459,3,0,3
121460,20,7,13
121462,58,52,6
121463,107,98,9
121464,58,52,6
121465,58,52,6
121466,58,52,6
121467,58,52,6
121468,64,51,13
121469,64,51,13
121470,25,18,7
121471,25,18,7
121472,25,18,7
121474,2,2,0
121475,2,2,0
121476,24,23,1
121477,18,13,5
121478,107,98,9
121479,107,98,9
121480,107,98,9
121522,174,148,26
121523,174,148,26
121525,27,23,4
121526,27,23,4
121527,12,8,4
121528,12,8,4
121530,31,25,6
121531,5,3,2
121532,5,3,2
121533,39,34,5
121534,39,34,5
121535,32,28,4
121536,31,25,6
121537,54,31,23
121538,54,31,23
121539,54,31,23
121540,66,55,11
121541,11,11,0
121542,54,31,23
121543,10,10,0
121544,10,10,0
121545,10,10,0
121546,66,55,11
121547,4,3,1
121548,27,22,5
121549,10,8,2
121550,66,55,11
121551,66,55,11
121552,66,55,11
121553,66,55,11
121554,66,55,11
121555,66,55,11
121556,66,55,11
121557,66,55,11
121558,24,19,5
121559,40,24,16
121560,40,24,16
121562,22,16,6
121563,29,23,6
121564,29,23,6
121565,29,23,6
121566,29,23,6
121567,20,15,5
121568,2,0,2
121569,40,24,16
121570,20,14,6
121571,41,35,6
121572,9,9,0
121573,8,8,0
121574,8,8,0
121575,8,8,0
121576,8,8,0
121577,8,8,0
121578,8,8,0
121580,11,11,0
121581,40,24,16
121582,40,24,16
121583,7,7,0
121584,7,7,0
121585,3,3,0
121586,3,3,0
121588,3,3,0
121589,41,35,6
121590,22,16,6
121591,6,3,3
121592,4,3,1
121593,11,7,4
121594,41,35,6
121595,18,18,0
121596,18,18,0
121597,55,49,6
121598,65,62,3
121599,65,62,3
121600,3,1,2
121601,10,4,6
121602,7,1,6
121603,10,4,6
121604,65,62,3
121605,65,62,3
121606,38,35,3
121607,38,35,3
121608,11,8,3
121609,11,8,3
121610,38,35,3
121611,53,53,0
121612,53,53,0
121613,73,68,5
121614,9,9,0
121615,11,11,0
121616,11,11,0
121617,11,11,0
121618,9,9,0
121619,9,9,0
121620,9,9,0
121621,9,9,0
121622,10,10,0
121623,53,53,0
121624,65,62,3
121625,65,62,3
121626,25,17,8
121627,25,17,8
121628,17,15,2
121629,17,15,2
121630,73,68,5
121631,24,13,11
121632,40,40,0
121633,55,49,6
121634,28,21,7
121635,73,68,5
121636,73,68,5
121637,73,68,5
121638,73,68,5
121639,73,68,5
121640,73,68,5
121641,73,68,5
121642,73,68,5
121643,35,35,0
121646,10,6,4
121648,10,6,4
121657,35,35,0
121661,174,148,26
121662,174,148,26
121663,174,148,26
121664,5,5,0
121665,12,12,0
121682,8,4,4
121687,18,10,8
121688,4,3,1
121691,4,3,1
121692,6,6,0
121693,6,6,0
121700,6,6,0
121701,6,6,0
121702,6,6,0
121703,6,6,0
121710,2,2,0
121711,6,0,6
121712,2,2,0
121713,2,2,0
121718,144,116,28
121719,144,116,28
121720,144,116,28
121721,4,2,2
121722,4,2,2
121723,24,19,5
121724,24,19,5
121725,24,19,5
121726,25,18,7
121727,25,18,7
121728,4,1,3
121729,4,1,3
121730,25,18,7
121731,49,24,25
121732,49,24,25
121733,49,24,25
121734,49,24,25
121735,49,24,25
121736,31,25,6
121737,35,14,21
121738,35,14,21
121739,35,14,21
121740,35,14,21
121741,35,14,21
121742,13,12,1
121745,3,2,1
121746,20,2,18
121747,20,2,18
121748,10,7,3
121749,11,6,5
121750,11,6,5
121751,11,6,5
121752,11,6,5
121753,10,7,3
121754,20,2,18
121755,12,8,4
121756,2,1,1
121757,3,1,2
121758,11,7,4
121759,11,7,4
121760,35,14,21
121761,35,14,21
121762,23,17,6
121763,144,116,28
121764,11,3,8
121765,35,14,21
121766,22,22,0
121767,22,22,0
121769,186,134,52
121770,186,134,52
121771,71,61,10
121772,186,134,52
121773,186,134,52
121774,107,94,13
121775,107,94,13
121777,107,94,13
121778,107,94,13
121779,10,9,1
121780,10,9,1
121781,211,158,53
121782,19,7,12
121783,19,7,12
121784,19,7,12
121787,4,4,0
121792,2,2,0
121793,2,2,0
121794,89,78,11
121795,89,78,11
121796,48,43,5
121797,10,9,1
121798,36,34,2
121799,14,13,1
121800,17,14,3
121801,17,14,3
121802,17,14,3
121803,17,14,3
121804,22,17,5
121805,36,34,2
121806,36,34,2
121807,30,22,8
121808,9,9,0
121809,14,14,0
121810,14,14,0
121811,14,14,0
121812,14,14,0
121813,17,17,0
121814,36,34,2
121815,2,0,2
121816,2,0,2
121817,17,14,3
121818,30,22,8
121819,28,26,2
121820,36,34,2
121821,14,13,1
121822,10,6,4
121823,30,22,8
121824,30,22,8
121825,30,22,8
121826,30,22,8
121827,3,1,2
121828,3,1,2
121829,8,8,0
121830,46,38,8
121831,25,22,3
121832,25,22,3
121833,3,1,2
121835,3,1,2
121837,25,22,3
121838,46,38,8
121842,32,28,4
121843,11,11,0
121844,11,11,0
121845,76,49,27
121846,76,49,27
121847,76,49,27
121848,70,67,3
121849,15,15,0
121850,12,12,0
121851,12,12,0
121852,2,2,0
121853,70,67,3
121854,4,4,0
121864,7,7,0
121865,7,7,0
121866,20,18,2
121867,70,67,3
121868,70,67,3
121869,70,67,3
121870,70,67,3
121871,70,67,3
121872,70,67,3
121873,70,67,3
121874,70,67,3
121875,211,158,53
121876,15,5,10
121877,2,0,2
121878,2,0,2
121879,15,5,10
121880,34,26,8
121881,6,1,5
121882,47,31,16
121883,47,31,16
121884,47,31,16
121885,47,31,16
121886,38,27,11
121887,38,27,11
121888,38,27,11
121889,15,9,6
121890,15,9,6
121891,38,27,11
121892,38,27,11
121893,55,15,40
121894,55,15,40
121895,6,4,2
121896,6,4,2
121897,55,15,40
121898,53,27,26
121899,9,8,1
121900,13,10,3
121901,13,10,3
121902,13,10,3
121903,11,10,1
121904,9,6,3
121905,7,6,1
121906,55,15,40
121907,55,15,40
121908,47,31,16
121909,8,8,0
121910,8,8,0
121911,8,8,0
121912,9,9,0
121913,5,5,0
121914,47,31,16
121915,11,5,6
121916,11,5,6
121917,11,5,6
121918,5,5,0
121919,5,5,0
121920,5,5,0
121921,7,7,0
121922,7,7,0
121924,53,27,26
121925,34,28,6
121926,3,3,0
121927,3,3,0
121928,34,26,8
121929,18,8,10
121930,53,27,26
121931,53,27,26
121932,53,27,26
121933,53,27,26
121934,53,27,26
121935,53,27,26
121936,53,27,26
121937,53,27,26
121938,53,27,26
121939,53,27,26
121940,25,20,5
121941,25,20,5
121942,25,20,5
121943,7,4,3
121944,7,4,3
121945,30,21,9
121946,30,21,9
121947,7,4,3
121948,7,4,3
121949,30,21,9
121950,35,10,25
121952,35,10,25
121953,35,10,25
121957,27,22,5
121958,3,2,1
121959,5,3,2
121960,18,2,16
121961,11,7,4
121962,11,5,6
121963,11,5,6
121964,11,5,6
121965,11,5,6
121966,11,7,4
121967,18,2,16
121968,12,9,3
121969,3,1,2
121970,4,1,3
121971,13,8,5
121972,13,8,5
121973,35,14,21
121974,7,4,3
121975,7,4,3
121976,35,14,21
121977,22,17,5
121978,35,14,21
121979,46,43,3
121980,46,43,3
121981,46,43,3
121982,3,3,0
121983,35,10,25
121984,35,10,25
121985,27,22,5
121986,27,22,5
121987,27,22,5
121988,27,22,5
121989,27,22,5
121990,27,22,5
121991,55,46,9
121992,12,8,4
121995,12,8,4
121996,12,8,4
121997,12,8,4
121998,12,8,4
121999,12,9,3
122000,30,13,17
122001,30,13,17
122002,8,8,0
122003,8,8,0
122004,7,7,0
122005,7,7,0
122006,7,7,0
122007,7,7,0
122008,8,8,0
122009,9,8,1
122010,2,1,1
122011,3,1,2
122012,9,8,1
122013,9,8,1
122014,30,13,17
122015,19,14,5
122016,2,1,1
122017,2,1,1
122018,13,9,4
122019,55,46,9
122020,2,0,2
122021,12,8,4
122022,5,1,4
122023,8,8,0
122024,8,8,0
122025,8,8,0
122026,8,8,0
122027,29,20,9
122028,10,8,2
122029,63,48,15
122030,63,48,15
122031,45,32,13
122032,3,3,0
122033,100,76,24
122034,100,76,24
122035,100,76,24
122036,104,76,28
122037,16,16,0
122038,16,16,0
122039,16,16,0
122040,11,11,0
122041,9,9,0
122042,100,76,24
122043,100,76,24
122044,104,76,28
122045,41,31,10
122046,7,7,0
122047,41,31,10
122048,7,5,2
122049,7,5,2
122050,104,76,28
122051,104,76,28
122052,104,76,28
122053,104,76,28
122054,74,61,13
122055,74,61,13
122056,141,98,43
122057,29,14,15
122058,16,12,4
122059,14,10,4
122060,14,10,4
122061,14,10,4
122062,14,11,3
122063,14,11,3
122066,29,14,15
122067,15,12,3
122068,10,7,3
122074,29,14,15
122075,10,7,3
122076,1,0,1
122077,3,0,3
122078,10,7,3
122079,10,7,3
122080,10,7,3
122081,10,7,3
122082,141,98,43
122083,141,98,43
122084,17,17,0
122085,18,17,1
122086,18,17,1
122087,18,17,1
122088,18,17,1
122089,17,17,0
122090,9,9,0
122091,9,9,0
122092,1,0,1
122093,18,17,1
122094,17,17,0
122095,4,0,4
122096,9,9,0
122097,9,9,0
122098,9,9,0
122099,9,9,0
122100,9,9,0
122101,9,9,0
122102,9,9,0
122103,9,9,0
122104,44,26,18
122105,44,26,18
122106,15,13,2
122107,12,10,2
122108,12,10,2
122109,12,10,2
122110,12,10,2
122111,15,13,2
122112,14,0,14
122113,14,0,14
122114,13,11,2
122118,13,11,2
122119,13,11,2
122120,15,13,2
122121,13,11,2
122122,13,11,2
122123,13,11,2
122124,13,11,2
122125,5,1,4
122128,5,1,4
122138,5,1,4
122139,29,27,2
122140,29,27,2
122141,10,4,6
122142,10,4,6
122143,10,4,6
122144,8,6,2
122145,10,1,9
122146,10,1,9
122147,9,6,3
122148,2,1,1
122149,10,6,4
122150,7,6,1
122151,9,4,5
122152,9,4,5
122153,9,4,5
122154,9,4,5
122155,7,6,1
122156,16,6,10
122157,9,7,2
122158,10,8,2
122159,19,15,4
122160,34,27,7
122161,34,27,7
122162,8,2,6
122163,8,2,6
122164,8,2,6
122165,8,2,6
122169,34,27,7
122170,34,27,7
122171,30,18,12
122172,41,34,7
122173,41,34,7
122174,41,34,7
122175,30,23,7
122176,3,2,1
122177,3,2,1
122178,6,5,1
122179,81,54,27
122180,81,54,27
122181,81,54,27
122182,4,3,1
122183,4,3,1
122184,80,72,8
122185,80,72,8
122186,12,12,0
122187,24,24,0
122188,24,24,0
122189,7,7,0
122190,80,72,8
122191,81,54,27
122192,81,54,27
122193,8,8,0
122194,9,9,0
122195,7,7,0
122196,3,3,0
122197,3,3,0
122198,3,3,0
122199,3,3,0
122200,3,3,0
122201,12,12,0
122202,12,12,0
122203,80,72,8
122204,27,13,14
122205,27,10,17
122206,23,16,7
122207,28,21,7
122208,28,21,7
122209,2,0,2
122210,28,21,7
122211,28,21,7
122212,16,11,5
122213,16,11,5
122214,16,11,5
122215,18,13,5
122216,27,10,17
122217,27,10,17
122218,23,17,6
122220,27,10,17
122221,23,17,6
122222,1,0,1
122223,22,16,6
122224,27,10,17
122225,23,16,7
122226,4,0,4
122227,23,17,6
122228,3,2,1
122229,3,2,1
122230,44,25,19
122231,3,3,0
122232,44,25,19
122233,1,1,0
122234,1,1,0
122235,27,20,7
122236,4,3,1
122237,1,0,1
122267,1,0,1
122268,24,19,5
122269,4,1,3
122271,80,72,8
122272,25,22,3
122273,74,61,13
122276,47,44,3
122277,47,44,3
122278,47,44,3
122279,4,4,0
122280,4,4,0
122281,30,19,11
122282,30,19,11
122283,19,10,9
122284,19,10,9
122285,19,2,17
122288,5,4,1
122289,5,4,1
122290,7,0,7
122291,6,3,3
122292,1,0,1
122293,1,0,1
122294,7,4,3
122295,6,3,3
122296,19,2,17
122297,148,120,28
122298,148,120,28
122299,148,120,28
122302,10,5,5
122303,10,5,5
122304,10,6,4
122305,37,25,12
122306,37,25,12
122309,37,25,12
122310,2,2,0
122315,1,1,0
122316,3,3,0
122317,148,120,28
122318,148,120,28
122319,148,120,28
122322,74,56,18
122323,13,11,2
122324,13,11,2
122325,13,11,2
122326,11,8,3
122327,11,8,3
122328,3,0,3
122329,3,0,3
122330,11,8,3
122335,74,56,18
122336,74,56,18
122337,74,56,18
122338,48,40,8
122339,5,3,2
122340,25,22,3
122341,19,13,6
122342,27,19,8
122343,27,19,8
122344,27,19,8
122345,27,19,8
122346,19,13,6
122347,37,18,19
122348,37,18,19
122349,37,18,19
122350,37,18,19
122351,19,13,6
122352,19,13,6
122353,74,56,18
122354,74,56,18
122355,74,56,18
122356,74,56,18
122357,9,5,4
122358,9,5,4
122359,2,0,2
122360,2,0,2
122364,2,0,2
122365,2,0,2
122366,14,5,9
122367,74,56,18
122368,211,158,53
122369,211,158,53
122378,2,2,0
122379,2,1,1
122380,2,1,1
122387,2,2,0
122388,8,5,3
122448,2,2,0
122467,6,5,1
122468,8,3,5
122469,47,35,12
122470,17,5,12
122471,3,3,0
122472,17,4,13
122473,2,0,2
122474,17,5,12
122475,19,19,0
122486,4,0,4
122496,3,0,3
122497,3,0,3
122498,3,0,3
122499,27,13,14
122500,27,13,14
122501,6,2,4
122514,2,0,2
122526,6,6,0
122527,6,6,0
122528,28,25,3
122529,3,2,1
122530,3,2,1
122531,7,0,7
122532,3,2,1
122533,3,2,1
122536,6,0,6
122537,7,0,7
122538,6,0,6
122539,7,0,7
122540,7,0,7
122541,7,0,7
122542,3,0,3
122543,3,0,3
122544,3,0,3
122545,3,0,3
122546,8,2,6
122547,8,2,6
122551,1,0,1
122552,23,18,5
122580,8,8,0
122581,8,8,0
122582,8,8,0
122583,8,8,0
122584,6,6,0
122585,6,6,0
122586,6,6,0
122589,3,2,1
122590,6,2,4
122591,7,4,3
122592,7,4,3
122593,6,1,5
122594,6,1,5
122595,7,4,3
122596,3,3,0
122597,3,3,0
122598,3,3,0
122599,3,3,0
122600,6,4,2
122601,9,4,5
122602,9,4,5
122603,3,1,2
122604,3,1,2
122605,3,1,2
122606,3,1,2
122607,4,4,0
122609,4,4,0
122610,133,112,21
122633,117,113,4
122641,133,112,21
122642,7,4,3
122657,7,4,3
122658,7,4,3
122660,7,4,3
122661,37,30,7
122662,37,30,7
122663,2,2,0
122664,2,2,0
122665,6,3,3
122666,19,12,7
122667,19,12,7
122669,23,21,2
122670,27,19,8
122671,27,19,8
122672,12,6,6
122674,12,6,6
122675,12,6,6
122676,12,6,6
122677,12,6,6
122678,4,4,0
122680,19,12,7
122694,22,22,0
122724,7,4,3
122725,7,4,3
122726,6,3,3
122727,12,8,4
122728,4,1,3
122729,12,8,4
122731,12,8,4
122732,3,2,1
122733,3,2,1
122743,10,10,0
122744,8,7,1
122746,8,7,1
122747,11,9,2
122748,61,59,2
122749,61,59,2
122750,9,7,2
122751,9,7,2
122752,211,158,53
122753,86,64,22
122754,64,47,17
122755,64,47,17
122756,14,9,5
122757,10,8,2
122758,10,8,2
122759,9,4,5
122760,10,8,2
122761,10,8,2
122762,57,44,13
122763,57,44,13
122764,141,98,43
122765,141,98,43
122766,141,98,43
122767,149,120,29
122768,32,29,3
122769,32,29,3
122770,10,9,1
122771,149,120,29
122774,53,40,13
122775,57,44,13
122776,57,44,13
122777,211,158,53
122778,28,22,6
122779,149,120,29
122780,149,120,29
122781,149,120,29
122782,149,120,29
122783,38,21,17
122792,5,1,4
122793,5,1,4
122800,8,2,6
122807,38,21,17
122817,28,17,11
122835,6,1,5
122838,6,1,5
122866,2,1,1
122867,17,7,10
122868,17,7,10
122869,5,2,3
122870,17,7,10
122871,5,2,3
122872,5,2,3
122873,5,2,3
122874,5,2,3
122875,5,2,3
122876,5,2,3
122887,3,0,3
122888,3,0,3
122894,8,2,6
122895,8,2,6
122898,6,0,6
122899,6,0,6
122902,39,19,20
122903,39,19,20
122906,3,0,3
122908,3,0,3
122911,64,34,30
122912,28,14,14
122913,5,1,4
122914,28,14,14
122915,2,2,0
122917,23,14,9
122918,7,3,4
122921,5,4,1
122922,5,4,1
122923,7,1,6
122927,6,2,4
122928,6,2,4
122929,4,0,4
122930,6,2,4
122931,6,2,4
122932,4,0,4
122933,4,0,4
122934,4,0,4
122935,41,17,24
122936,41,17,24
122937,2,0,2
122938,2,0,2
122939,2,0,2
122940,2,0,2
122963,1,0,1
122965,52,13,39
122966,1,1,0
122967,1,0,1
122968,5,4,1
122969,5,4,1
122983,20,7,13
122992,18,7,11
123015,1,1,0
123019,26,13,13
123020,26,13,13
123021,26,13,13
123032,26,13,13
123036,11,5,6
123037,11,5,6
123040,5,4,1
123041,5,4,1
123045,2,2,0
123060,1,1,0
123116,7,4,3
123117,4,0,4
123118,7,4,3
123119,7,5,2
123130,9,1,8
123131,9,1,8
123132,5,3,2
123134,5,3,2
123137,5,3,2
123143,8,7,1
123144,8,7,1
123145,10,8,2
123146,1,0,1
123147,2,0,2
123148,17,7,10
123149,17,7,10
123150,8,8,0
123151,15,6,9
123152,15,6,9
123153,8,5,3
123154,15,6,9
123155,1,1,0
123156,1,1,0
123158,1,1,0
123159,1,1,0
123160,1,1,0
123161,1,1,0
123162,5,1,4
123163,5,1,4
123164,5,1,4
123165,5,1,4
123167,5,1,4
123177,2,0,2
123178,2,0,2
123207,19,4,15
123209,19,4,15
123212,14,14,0
123213,14,14,0
123215,18,14,4
123216,18,14,4
123217,24,20,4
123218,24,20,4
123254,42,25,17
123255,42,25,17
123256,42,25,17
123257,15,8,7
123258,15,8,7
123259,17,14,3
123261,2,2,0
123262,2,2,0
123273,2,2,0
123275,17,14,3
123280,29,20,9
123286,29,20,9
123290,13,13,0
123291,26,15,11
123292,26,15,11
123294,15,7,8
123295,5,5,0
123296,3,1,2
123317,3,1,2
123319,5,5,0
123320,5,5,0
123321,5,5,0
123322,5,5,0
123332,7,3,4
123333,5,2,3
123334,5,2,3
123335,3,3,0
123336,6,1,5
123337,6,1,5
123338,3,2,1
123339,4,2,2
123340,4,1,3
123341,4,1,3
123342,6,1,5
123343,6,1,5
123344,3,2,1
123345,3,2,1
123356,14,3,11
123357,14,3,11
123359,10,3,7
123360,6,1,5
123362,6,1,5
123363,3,2,1
123364,5,2,3
123365,5,2,3
123366,1,1,0
123367,25,15,10
123368,25,15,10
123370,1,1,0
123371,1,1,0
123372,7,0,7
123374,7,0,7
123376,1,0,1
123377,1,0,1
123378,17,10,7
123384,21,16,5
123385,8,6,2
123386,4,4,0
123387,21,16,5
123394,16,5,11
123395,16,5,11
123400,42,26,16
123401,6,5,1
123402,42,26,16
123417,18,15,3
123418,20,15,5
123419,20,15,5
123420,18,13,5
123421,18,13,5
123422,18,13,5
123423,5,0,5
123424,5,0,5
123425,18,13,5
123426,18,13,5
123430,22,3,19
123431,22,3,19
123432,30,18,12
123436,30,18,12
123437,17,15,2
123438,18,15,3
123441,30,18,12
123442,30,18,12
123443,30,18,12
123444,30,18,12
123447,26,19,7
123448,15,12,3
123449,17,14,3
123450,17,14,3
123453,16,2,14
123454,16,2,14
123455,16,2,14
123456,12,9,3
123457,12,9,3
123458,12,9,3
123459,12,9,3
123460,12,9,3
123461,12,9,3
123462,12,9,3
123463,12,9,3
123465,29,13,16
123469,1,1,0
123470,1,1,0
123471,14,11,3
123472,14,11,3
123473,29,13,16
123474,29,13,16
123475,21,9,12
123476,21,9,12
123477,9,9,0
123478,29,13,16
123479,21,9,12
123480,21,9,12
123481,21,9,12
123482,21,9,12
123483,3,3,0
123484,6,2,4
123489,4,2,2
123490,1,0,1
123492,4,4,0
123493,4,4,0
123494,18,14,4
123495,14,12,2
123496,4,2,2
123497,13,12,1
123498,13,12,1
123499,13,12,1
123500,13,12,1
123501,13,13,0
123502,18,14,4
123503,18,14,4
123504,21,15,6
123508,18,14,4
123509,4,4,0
123510,4,4,0
123512,21,15,6
123513,2,0,2
123514,16,14,2
123515,14,12,2
123516,6,2,4
123517,21,15,6
123518,21,15,6
123519,21,15,6
123520,21,15,6
123521,18,14,4
123523,30,19,11
123524,30,19,11
123528,16,8,8
123533,2,0,2
123534,2,0,2
123536,2,0,2
123537,2,0,2
123541,17,7,10
123554,13,6,7
123555,13,6,7
123558,10,7,3
123559,10,7,3
123570,1,0,1
123585,17,3,14
123586,13,8,5
123587,13,8,5
123588,13,7,6
123589,13,7,6
123590,3,0,3
123591,3,0,3
123592,13,7,6
123593,17,3,14
123594,17,3,14
123595,8,5,3
123596,2,1,1
123597,2,1,1
123598,8,5,3
123599,8,5,3
123600,8,5,3
123601,8,5,3
123602,1,0,1
123604,14,11,3
123605,14,11,3
123613,4,2,2
123614,4,2,2
123615,7,1,6
123616,4,2,2
123617,4,2,2
123618,7,1,6
123619,11,11,0
123627,29,21,8
123628,29,21,8
123629,16,9,7
123630,29,21,8
123631,6,3,3
123632,6,3,3
123633,13,5,8
123646,16,9,7
123647,16,9,7
123648,16,9,7
123649,16,9,7
123650,16,9,7
123651,16,9,7
123652,16,9,7
123653,16,9,7
123694,6,3,3
123695,16,11,5
123696,16,11,5
123697,2,0,2
123705,2,0,2
123706,2,0,2
123707,11,10,1
123709,4,3,1
123718,4,0,4
123719,11,10,1
123720,11,10,1
123746,36,12,24
123747,36,12,24
123748,10,4,6
123749,36,12,24
123750,14,11,3
123751,14,11,3
123752,8,7,1
123754,10,4,6
123755,7,6,1
123756,1,0,1
123757,1,0,1
123760,13,12,1
123761,13,12,1
123762,13,12,1
123763,13,12,1
123764,3,1,2
123765,16,11,5
123772,16,11,5
123775,10,4,6
123776,10,4,6
123777,10,4,6
123778,10,4,6
123779,10,4,6
123780,10,4,6
123781,10,4,6
123782,10,4,6
123784,2,0,2
123785,50,26,24
123786,50,26,24
123787,58,26,32
123788,58,26,32
123858,235,180,55
123859,235,180,55
123860,52,43,9
123861,49,41,8
123862,29,10,19
123863,29,10,19
123864,49,41,8
123865,49,41,8
123866,43,32,11
123867,43,32,11
123868,18,10,8
123869,18,10,8
123870,43,32,11
123871,11,8,3
123873,11,8,3
123875,50,30,20
123914,8,8,0
123915,22,13,9
123916,22,13,9
123917,22,13,9
123918,30,11,19
123919,10,8,2
123920,14,12,2
123921,14,12,2
123922,14,12,2
123923,14,12,2
123924,10,8,2
123925,30,11,19
123926,11,9,2
123927,3,1,2
123928,12,9,3
123929,12,9,3
123930,22,13,9
123931,10,7,3
123932,10,7,3
123933,10,7,3
123934,8,5,3
123935,20,6,14
123936,20,6,14
123937,20,6,14
123938,10,6,4
123939,2,1,1
123940,3,2,1
123941,11,7,4
123942,22,13,9
123943,22,13,9
123944,19,10,9
123946,19,10,9
123947,3,0,3
123948,22,13,9
124192,1,1,0
124193,1,1,0
124194,22,13,9
124195,19,10,9
124196,67,47,20
124209,6,4,2
124210,1,0,1
124212,1,0,1
124213,14,10,4
124214,14,10,4
124244,1,0,1
124245,1,0,1
124246,8,2,6
124269,94,61,33
124270,94,61,33
124271,34,25,9
124272,7,7,0
124273,8,8,0
124274,8,8,0
124275,8,8,0
124276,8,8,0
124277,94,61,33
124278,17,14,3
124279,17,14,3
124280,9,9,0
124281,9,9,0
124282,9,9,0
124283,9,9,0
124288,34,25,9
124289,22,16,6
124290,33,21,12
124291,20,15,5
124292,33,5,28
124293,33,5,28
124294,33,5,28
124295,20,15,5
124296,3,3,0
124297,1,1,0
124298,1,1,0
124299,33,5,28
124300,33,5,28
124301,12,10,2
124302,12,10,2
124306,24,17,7
124311,20,15,5
124312,20,15,5
124313,20,15,5
124314,20,15,5
124315,20,15,5
124316,20,15,5
124317,20,15,5
124318,20,15,5
124319,20,15,5
124320,20,15,5
124321,67,47,20
124322,19,16,3
124323,34,25,9
124324,34,25,9
124325,34,25,9
124326,34,25,9
124327,47,35,12
124328,47,35,12
124349,5,2,3
124350,1,0,1
124357,1,1,0
124359,5,5,0
124360,5,5,0
124363,10,8,2
124364,10,8,2
124365,235,180,55
124366,235,180,55
124367,235,180,55
124368,235,180,55
124369,69,57,12
124370,82,57,25
124371,82,57,25
124372,82,57,25
124373,1,0,1
124374,235,180,55
124375,235,180,55
124376,235,180,55
124377,12,10,2
124378,12,10,2
124379,63,39,24
124380,21,17,4
124382,9,7,2
124383,11,9,2
124384,11,9,2
124385,11,9,2
124386,11,9,2
124387,18,8,10
124388,18,8,10
124389,10,8,2
124390,21,17,4
124391,11,9,2
124392,11,9,2
124393,11,9,2
124395,7,2,5
124396,7,2,5
124397,13,5,8
124398,13,5,8
124399,7,2,5
124400,7,2,5
124401,13,5,8
124402,15,3,12
124403,15,3,12
124404,9,7,2
124405,1,0,1
124406,11,8,3
124407,21,17,4
124434,1,1,0
124435,1,1,0
124438,11,9,2
124439,21,17,4
124474,83,52,31
124512,83,52,31
124513,83,52,31
124514,35,22,13
124515,10,9,1
124517,4,3,1
124518,7,5,2
124519,10,9,1
124520,10,9,1
124521,10,9,1
124522,10,9,1
124523,42,27,15
124524,10,8,2
124525,10,8,2
124526,10,8,2
124527,12,8,4
124528,12,8,4
124529,5,2,3
124530,5,2,3
124531,12,8,4
124532,21,6,15
124535,21,6,15
124536,13,9,4
124537,13,9,4
124538,83,52,31
124539,83,52,31
124540,83,52,31
124541,23,15,8
124542,23,15,8
124543,23,15,8
124544,23,15,8
124548,83,52,31
124549,38,21,17
124550,38,21,17
124551,38,21,17
124552,28,13,15
124553,48,14,34
124554,34,22,12
124555,34,22,12
124556,34,22,12
124557,26,18,8
124558,26,18,8
124559,26,18,8
124560,26,18,8
124561,26,18,8
124562,7,0,7
124563,7,0,7
124564,7,0,7
124565,7,0,7
124566,26,18,8
124567,26,18,8
124568,48,14,34
124569,48,14,34
124570,48,14,34
124571,2,1,1
124572,2,1,1
124573,2,1,1
124574,1,1,0
124575,1,1,0
124576,1,1,0
124577,36,30,6
124579,24,13,11
124580,24,13,11
124581,24,13,11
124582,24,13,11
124583,24,13,11
124584,24,13,11
124585,24,13,11
124586,3,2,1
124587,4,3,1
124588,19,5,14
124589,24,13,11
124590,24,13,11
124591,24,13,11
124592,15,2,13
124593,1,0,1
124594,24,13,11
124595,31,24,7
124596,10,8,2
124597,12,6,6
124598,12,6,6
124599,12,6,6
124600,12,6,6
124601,10,8,2
124602,44,26,18
124603,19,17,2
124606,11,8,3
124607,11,8,3
124608,14,2,12
124609,24,13,11
124610,24,18,6
124611,24,18,6
124612,24,18,6
124613,24,18,6
124614,11,7,4
124615,11,7,4
124616,11,7,4
124617,11,7,4
124651,4,0,4
124655,4,0,4
124656,2,0,2
124658,8,7,1
124663,11,11,0
124664,6,6,0
124665,6,6,0
124666,45,26,19
124667,13,9,4
124668,13,9,4
124673,3,0,3
124674,3,0,3
124676,3,0,3
124677,3,0,3
124749,13,9,4
124794,12,12,0
124796,7,5,2
124797,7,5,2
124798,7,5,2
124799,8,0,8
124800,8,0,8
124801,5,3,2
124802,5,3,2
124803,5,3,2
124804,16,14,2
124805,13,13,0
124806,13,13,0
124807,13,13,0
124808,13,13,0
124809,13,10,3
124810,13,10,3
124811,4,0,4
124812,4,0,4
124813,13,10,3
124816,8,4,4
124817,8,4,4
124818,13,12,1
124819,16,12,4
124820,3,0,3
124821,2,0,2
124822,7,3,4
124824,7,3,4
124825,7,3,4
124826,7,3,4
124827,7,3,4
124828,7,3,4
124829,7,3,4
124830,7,3,4
124831,7,3,4
124832,7,3,4
124833,7,3,4
124834,8,2,6
124835,8,2,6
124836,23,10,13
124837,7,7,0
124838,10,10,0
124839,10,10,0
124840,10,10,0
124841,10,10,0
124842,7,7,0
124843,14,12,2
124844,16,11,5
124845,8,8,0
124846,8,2,6
124847,16,6,10
124848,13,13,0
124849,6,3,3
124850,6,3,3
124851,1,0,1
124852,23,10,13
124853,23,10,13
124854,23,10,13
124855,11,7,4
124856,11,7,4
124857,7,2,5
124858,11,4,7
124859,11,4,7
124860,11,4,7
124861,8,1,7
124862,8,1,7
124863,11,4,7
124864,11,4,7
124865,14,4,10
124866,14,4,10
124867,11,8,3
124868,7,5,2
124869,7,5,2
124870,5,3,2
124871,5,0,5
124875,5,0,5
124879,11,8,3
124880,13,6,7
124881,14,11,3
124884,14,9,5
124885,14,9,5
124886,14,9,5
124887,14,9,5
124888,15,12,3
124889,17,0,17
124890,17,0,17
124891,2,2,0
124892,5,5,0
124903,2,2,0
124904,17,0,17
124905,2,2,0
124906,13,9,4
124907,6,1,5
124908,2,1,1
124909,16,12,4
124912,13,6,7
124914,14,11,3
124915,6,2,4
124916,13,9,4
124917,13,9,4
124918,13,9,4
124919,13,9,4
124920,20,16,4
124922,17,13,4
124923,17,13,4
124924,17,13,4
124925,17,13,4
124926,19,16,3
124927,19,0,19
124928,19,0,19
124929,11,7,4
124934,19,0,19
124935,11,7,4
124936,11,1,10
124937,2,1,1
124942,20,16,4
124943,1,0,1
124944,4,0,4
124945,11,7,4
124946,11,7,4
124947,11,7,4
124948,11,7,4
124949,11,7,4
124950,11,7,4
124952,11,7,4
124953,11,7,4
124958,14,12,2
124959,12,10,2
124960,12,10,2
124961,12,10,2
124962,12,10,2
124963,15,13,2
124964,17,2,15
124965,17,2,15
124966,10,8,2
124972,10,8,2
124973,15,13,2
124974,14,12,2
124975,10,8,2
124976,10,8,2
124977,10,8,2
124978,10,8,2
124979,12,10,2
124980,12,10,2
124981,10,6,4
124982,10,6,4
124983,2,0,2
124984,2,0,2
124987,16,11,5
124988,16,11,5
124989,17,15,2
124991,10,8,2
124992,9,7,2
124993,9,7,2
124994,9,7,2
124995,9,7,2
124996,12,10,2
124999,11,2,9
125000,11,2,9
125001,9,7,2
125002,9,7,2
125003,9,7,2
125004,10,7,3
125005,10,7,3
125006,2,1,1
125017,2,2,0
125019,2,2,0
125032,134,92,42
125033,134,92,42
125034,134,92,42
125052,60,39,21
125068,2,2,0
125069,2,2,0
125070,2,2,0
125071,2,2,0
125072,5,4,1
125112,4,2,2
125130,7,5,2
125131,7,5,2
125133,5,5,0
125155,134,92,42
125156,43,28,15
125157,43,28,15
125169,134,92,42
125176,134,92,42
125185,82,57,25
125186,82,57,25
125187,29,20,9
125203,7,0,7
125214,6,2,4
125215,12,7,5
125217,16,8,8
125218,16,8,8
125219,8,2,6
125220,8,2,6
125221,4,2,2
125222,16,8,8
125223,16,8,8
125224,6,6,0
125226,7,0,7
125227,7,0,7
125228,5,1,4
125230,7,0,7
125235,5,1,4
125237,10,8,2
125238,2,0,2
125239,10,10,0
125240,5,1,4
125252,13,12,1
125254,13,12,1
125255,19,10,9
125256,19,10,9
125257,19,10,9
125258,14,3,11
125259,5,3,2
125260,7,5,2
125261,7,5,2
125262,14,3,11
125263,5,3,2
125264,19,10,9
125265,6,4,2
125266,6,4,2
125267,6,4,2
125268,6,4,2
125269,13,2,11
125272,13,2,11
125273,6,4,2
125274,19,10,9
125275,2,0,2
125276,27,17,10
125278,19,10,9
125279,4,2,2
125280,4,2,2
125287,90,65,25
125288,90,65,25
125290,90,65,25
125291,90,65,25
125295,42,25,17
125296,9,4,5
125297,19,5,14
125298,19,5,14
125299,21,16,5
125304,42,25,17
125310,21,16,5
125311,21,13,8
125312,90,65,25
125313,33,18,15
125315,33,18,15
125334,4,2,2
125385,4,4,0
125392,2,0,2
125393,2,0,2
125405,4,4,0
125412,6,2,4
125413,6,2,4
125437,5,3,2
125438,3,2,1
125439,3,2,1
125448,10,7,3
125449,4,2,2
125450,10,8,2
125451,9,7,2
125452,9,7,2
125453,10,7,3
125454,10,7,3
125455,2,0,2
125456,11,0,11
125457,11,0,11
125458,7,5,2
125461,4,2,2
125462,7,5,2
125463,7,5,2
125464,7,5,2
125465,3,3,0
125466,4,2,2
125476,4,4,0
125487,4,4,0
125496,13,7,6
125497,11,7,4
125498,11,3,8
125499,11,3,8
125500,6,2,4
125501,6,2,4
125502,6,2,4
125505,6,2,4
125506,6,2,4
125507,6,2,4
125509,11,3,8
125517,11,3,8
125540,134,92,42
125544,10,6,4
125545,12,9,3
125546,11,7,4
125547,11,7,4
125548,11,7,4
125549,11,7,4
125550,13,10,3
125551,13,0,13
125552,13,0,13
125553,12,8,4
125556,12,8,4
125557,12,10,2
125558,10,6,4
125559,12,9,3
125560,6,2,4
125561,12,8,4
125563,27,22,5
125564,27,22,5
125565,1,1,0
125566,1,1,0
125574,1,1,0
125575,1,1,0
125576,1,1,0
125577,12,9,3
125578,11,8,3
125579,11,8,3
125580,11,8,3
125581,5,2,3
125582,5,2,3
125583,15,8,7
125584,15,8,7
125585,5,2,3
125586,5,2,3
125587,15,8,7
125588,14,1,13
125589,14,1,13
125590,2,2,0
125600,14,1,13
125601,19,16,3
125602,19,16,3
125603,1,0,1
125604,14,10,4
125605,12,9,3
125606,2,2,0
125607,2,2,0
125608,2,2,0
125609,2,2,0
125622,31,22,9
125629,4,2,2
125630,3,1,2
125631,10,6,4
125632,13,8,5
125633,31,22,9
125634,31,22,9
125636,15,8,7
125637,15,8,7
125638,15,8,7
125640,9,4,5
125641,9,4,5
125642,15,6,9
125643,15,6,9
125644,15,6,9
125645,7,2,5
125646,7,2,5
125647,7,2,5
125648,7,2,5
125649,15,6,9
125650,15,6,9
125651,15,1,14
125652,15,1,14
125653,15,1,14
125654,15,10,5
125655,3,2,1
125656,4,3,1
125657,16,10,6
125658,8,7,1
125659,9,5,4
125660,9,5,4
125661,9,5,4
125662,9,5,4
125663,8,7,1
125664,23,10,13
125665,12,9,3
125666,1,0,1
125667,10,8,2
125668,10,8,2
125706,22,14,8
125709,22,14,8
125710,10,6,4
125724,235,180,55
125725,94,61,33
125731,13,10,3
125732,11,8,3
125733,11,8,3
125734,11,8,3
125735,13,10,3
125736,25,10,15
125737,25,10,15
125738,11,8,3
125742,25,10,15
125743,11,8,3
125744,11,8,3
125745,11,8,3
125746,11,8,3
125748,3,0,3
125749,3,0,3
125750,5,0,5
125751,5,0,5
125752,5,0,5
125753,25,23,2
125760,7,4,3
125761,7,4,3
125781,7,4,3
125782,7,4,3
125787,9,4,5
125788,18,14,4
125789,18,14,4
125790,18,14,4
125791,18,16,2
125792,23,2,21
125793,23,2,21
125794,19,16,3
125795,3,0,3
125796,18,15,3
125797,20,16,4
125798,6,5,1
125799,8,4,4
125800,8,4,4
125801,25,16,9
125802,7,5,2
125803,6,4,2
125804,6,4,2
125805,9,4,5
125806,11,9,2
125807,11,9,2
125808,11,9,2
125809,11,9,2
125810,11,9,2
125811,11,9,2
125812,11,9,2
125813,11,9,2
125814,18,15,3
125815,9,4,5
125816,9,4,5
125827,7,3,4
125828,7,3,4
125835,94,61,33
125836,94,61,33
125838,4,2,2
125839,1,0,1
125840,1,0,1
125841,23,15,8
125842,2,0,2
125843,12,10,2
125844,17,15,2
125845,17,15,2
125846,17,15,2
125847,15,13,2
125848,26,14,12
125851,26,14,12
125852,17,15,2
125854,17,15,2
125855,17,15,2
125856,17,15,2
125857,17,15,2
125859,235,180,55
125860,4,4,0
125861,10,8,2
125862,21,17,4
125863,24,22,2
125864,21,17,4
125865,24,22,2
125866,24,22,2
125868,3,1,2
125871,3,1,2
125872,52,43,9
125873,26,18,8
125874,1,0,1
125875,1,0,1
125876,41,27,14
125877,41,27,14
125878,41,27,14
125879,26,16,10
125882,23,14,9
125883,23,14,9
125884,7,5,2
125885,11,7,4
125886,6,5,1
125887,5,5,0
125889,5,5,0
125890,11,8,3
125891,11,8,3
125892,7,2,5
125893,69,57,12
125901,69,57,12
125902,69,57,12
125903,69,57,12
125906,6,0,6
125907,6,0,6
125935,9,5,4
125938,2,1,1
125939,2,1,1
125941,12,5,7
125945,3,2,1
125951,2,2,0
125952,2,2,0
125975,8,6,2
125976,8,6,2
126008,2,2,0
126029,3,1,2
126030,4,0,4
126031,4,0,4
126032,4,0,4
126033,2,1,1
126034,9,8,1
126036,11,1,10
126037,4,3,1
126040,4,3,1
126041,9,8,1
126042,9,8,1
126043,4,3,1
126044,4,3,1
126045,4,3,1
126046,4,3,1
126047,3,1,2
126050,3,0,3
126051,9,7,2
126052,3,0,3
126053,1,1,0
126054,1,1,0
126055,1,1,0
126056,1,1,0
126057,1,1,0
126058,1,1,0
126059,1,1,0
126063,23,5,18
126064,2,0,2
126065,2,0,2
126066,2,0,2
126074,20,12,8
126076,20,12,8
126077,16,13,3
126078,23,5,18
126079,23,5,18
126080,16,3,13
126081,16,3,13
126082,16,3,13
126083,16,3,13
126084,16,3,13
126085,16,3,13
126086,16,3,13
126087,16,3,13
126088,16,3,13
126089,16,3,13
126090,16,3,13
126099,6,6,0
126115,74,54,20
126116,74,54,20
126133,88,73,15
126136,12,8,4
126137,12,8,4
126138,6,2,4
126139,6,2,4
126140,6,2,4
126141,6,2,4
126142,12,8,4
126143,12,8,4
126146,60,50,10
126147,59,42,17
126166,105,98,7
126167,105,98,7
126171,8,7,1
126172,105,98,7
126173,105,98,7
126174,105,98,7
126175,107,97,10
126176,107,97,10
126177,107,97,10
126178,14,12,2
126179,23,19,4
126180,23,19,4
126181,23,19,4
126182,14,12,2
126183,12,11,1
126184,3,0,3
126185,15,12,3
126186,15,12,3
126187,107,97,10
126188,103,89,14
126189,103,89,14
126190,21,6,15
126191,21,6,15
126192,13,6,7
126193,13,6,7
126194,38,17,21
126195,38,17,21
126196,18,10,8
126201,8,8,0
126202,8,8,0
126205,4,4,0
126206,6,2,4
126207,6,2,4
126213,21,18,3
126214,6,4,2
126215,31,27,4
126216,31,27,4
126217,31,27,4
126218,31,27,4
126219,27,23,4
126220,14,10,4
126221,86,78,8
126222,9,9,0
126223,19,19,0
126224,19,16,3
126225,19,19,0
126226,19,16,3
126227,6,4,2
126228,6,4,2
126229,6,6,0
126230,4,4,0
126231,4,4,0
126232,8,8,0
126233,2,2,0
126234,86,78,8
126235,13,7,6
126236,6,5,1
126237,3,1,2
126238,3,1,2
126239,19,17,2
126240,21,18,3
126241,11,7,4
126242,86,78,8
126243,86,78,8
126244,86,78,8
126245,86,78,8
126246,8,6,2
126247,8,5,3
126248,12,12,0
126249,12,12,0
126250,12,12,0
126251,12,12,0
126252,12,12,0
126253,12,12,0
126254,10,10,0
126255,13,13,0
126259,13,13,0
126263,10,10,0
126264,13,13,0
126265,13,13,0
126266,13,13,0
126267,18,16,2
126268,5,3,2
126270,5,3,2
126275,2,0,2
126287,2,0,2
126295,2,2,0
126316,2,0,2
126317,2,0,2
126318,3,1,2
126319,3,1,2
126320,6,4,2
126331,4,3,1
126332,11,10,1
126333,4,3,1
126334,17,9,8
126335,19,11,8
126336,14,11,3
126337,14,11,3
126338,11,6,5
126339,11,6,5
126340,3,0,3
126341,3,0,3
126342,11,6,5
126343,22,10,12
126344,22,10,12
126345,22,10,12
126346,11,8,3
126347,2,1,1
126348,14,10,4
126349,19,11,8
126350,19,11,8
126351,15,10,5
126352,15,10,5
126353,15,10,5
126354,15,10,5
126355,19,11,8
126356,19,11,8
126362,3,3,0
126363,3,3,0
126386,5,5,0
126387,5,5,0
126388,2,0,2
126389,2,0,2
126392,3,1,2
126415,3,1,2
126416,3,3,0
126421,5,5,0
126459,18,14,4
126460,2,2,0
126461,2,2,0
126470,5,5,0
126472,5,5,0
126474,93,76,17
126483,93,76,17
126485,4,4,0
126486,4,4,0
126487,22,18,4
126489,22,19,3
126490,22,19,3
126491,22,19,3
126492,22,19,3
126493,20,18,2
126503,37,16,21
126504,37,16,21
126505,19,16,3
126506,9,9,0
126507,9,9,0
126508,9,9,0
126509,9,9,0
126510,9,9,0
126511,9,9,0
126512,9,9,0
126513,9,9,0
126514,9,9,0
126515,19,16,3
126516,16,6,10
126517,3,2,1
126518,21,18,3
126519,2,0,2
126520,22,18,4
126521,5,1,4
126522,19,16,3
126523,19,16,3
126524,19,16,3
126525,19,16,3
126526,19,16,3
126527,19,16,3
126529,19,16,3
126530,19,16,3
126535,2,1,1
126536,2,1,1
126545,7,7,0
126546,7,7,0
126547,3,0,3
126548,2,0,2
126549,3,0,3
126569,2,2,0
126570,2,2,0
126571,7,5,2
126576,11,9,2
126578,6,6,0
126579,82,81,1
126582,21,16,5
126583,82,81,1
126584,2,0,2
126585,2,0,2
126587,2,0,2
126588,2,0,2
126589,7,2,5
126590,7,2,5
126591,10,6,4
126609,5,5,0
126610,5,5,0
126615,2,2,0
126617,16,16,0
126618,21,16,5
126619,12,5,7
126620,12,5,7
126621,1,1,0
126622,1,1,0
126625,13,8,5
126626,5,4,1
126627,8,7,1
126628,11,7,4
126629,11,7,4
126630,11,7,4
126631,13,9,4
126632,12,5,7
126633,12,5,7
126634,21,16,5
126637,9,9,0
126639,9,9,0
126642,21,16,5
126643,22,10,12
126644,69,50,19
126645,134,92,42
126646,134,92,42
126647,5,5,0
126648,134,92,42
126649,8,8,0
126650,8,8,0
126651,134,92,42
126652,235,180,55
126653,252,143,109
126654,252,143,109
126655,252,143,109
126656,252,143,109
126659,227,146,81
126660,91,76,15
126661,53,42,11
126662,53,42,11
126666,17,15,2
126670,12,8,4
126671,12,8,4
126672,12,8,4
126673,13,10,3
126674,18,5,13
126675,18,5,13
126676,8,5,3
126680,18,5,13
126681,8,5,3
126682,14,10,4
126683,3,0,3
126684,8,5,3
126685,8,5,3
126686,8,5,3
126687,8,5,3
126694,22,12,10
126695,22,12,10
126696,25,14,11
126697,19,12,7
126699,46,23,23
126700,46,23,23
126703,14,10,4
126706,14,10,4
126707,52,32,20
126709,46,23,23
126710,46,23,23
126711,5,0,5
126713,5,0,5
126714,6,2,4
126717,21,12,9
126723,52,32,20
126724,52,32,20
126725,52,32,20
126726,52,32,20
126727,8,5,3
126729,8,5,3
126730,12,10,2
126731,12,10,2
126732,12,10,2
126733,12,10,2
126734,12,10,2
126735,11,4,7
126736,3,3,0
126737,3,3,0
126738,12,10,2
126739,12,10,2
126740,2,0,2
126744,12,6,6
126745,153,119,34
126748,28,24,4
126749,86,68,18
126750,86,68,18
126751,53,39,14
126752,130,90,40
126753,130,90,40
126754,130,90,40
126755,188,144,44
126756,29,27,2
126757,48,42,6
126758,48,42,6
126759,48,42,6
126760,130,90,40
126761,130,90,40
126762,21,17,4
126763,8,7,1
126764,22,16,6
126766,22,16,6
126767,22,16,6
126768,22,16,6
126769,22,16,6
126770,188,144,44
126771,8,8,0
126772,51,39,12
126778,7,3,4
126779,7,3,4
126780,188,144,44
126781,188,144,44
126782,188,144,44
126784,188,144,44
126785,1,0,1
126787,1,0,1
126791,32,26,6
126792,33,26,7
126793,28,24,4
126794,35,29,6
126795,3,3,0
126796,28,24,4
126797,28,24,4
126798,28,24,4
126799,153,119,34
126800,37,25,12
126813,1,0,1
126814,1,0,1
126815,1,1,0
126816,77,73,4
126818,77,73,4
126819,77,73,4
126821,6,5,1
126822,77,73,4
126823,82,75,7
126824,2,1,1
126826,94,89,5
126829,50,45,5
126830,82,75,7
126831,94,89,5
126832,6,6,0
126833,6,6,0
126834,5,1,4
126835,5,1,4
126840,5,1,4
126841,1,0,1
126842,252,162,90
126843,252,162,90
126845,64,46,18
126848,12,9,3
126849,11,8,3
126850,11,8,3
126851,12,2,10
126852,12,2,10
126853,12,2,10
126854,6,3,3
126855,6,3,3
126856,6,3,3
126857,6,3,3
126858,6,3,3
126859,6,3,3
126860,75,63,12
126861,75,63,12
126862,75,63,12
126864,54,45,9
126865,54,45,9
126866,122,86,36
126867,122,86,36
126871,75,63,12
126872,75,63,12
126873,122,86,36
126874,145,120,25
126875,16,16,0
126876,20,19,1
126877,20,19,1
126878,20,19,1
126879,10,10,0
126880,10,10,0
126881,122,86,36
126882,122,86,36
126884,14,13,1
126886,14,13,1
126887,3,3,0
126888,145,120,25
126889,72,62,10
126892,57,40,17
126893,57,40,17
126894,23,12,11
126895,145,120,25
126896,145,120,25
126897,145,120,25
126898,145,120,25
126899,145,120,25
126900,145,120,25
126901,145,120,25
126902,145,120,25
126903,179,135,44
126904,66,51,15
126905,90,62,28
126906,90,62,28
126907,90,62,28
126908,90,62,28
126909,66,51,15
126910,203,131,72
126911,84,69,15
126912,17,12,5
126913,63,49,14
126914,63,49,14
126915,252,162,90
126916,22,17,5
126917,22,17,5
126918,22,17,5
126919,14,9,5
126920,67,50,17
126921,67,50,17
126922,67,50,17
126923,13,8,5
126924,21,15,6
126925,5,4,1
126926,4,3,1
126927,24,18,6
126928,252,162,90
126929,8,8,0
126930,8,8,0
126932,50,37,13
126933,101,82,19
126934,50,37,13
126938,29,19,10
126939,175,131,44
126940,175,131,44
126941,57,47,10
126942,57,47,10
126947,169,123,46
126948,20,10,10
126949,20,10,10
126952,14,6,8
126959,175,131,44
126960,169,123,46
126962,50,39,11
126968,2,2,0
126969,2,2,0
126970,8,8,0
126971,8,8,0
126972,8,8,0
126973,8,8,0
126974,50,39,11
126975,10,9,1
126976,1,0,1
126977,27,25,2
126978,13,13,0
126979,12,11,1
126980,12,11,1
126981,40,37,3
126982,5,4,1
126983,5,4,1
126985,7,7,0
126986,40,37,3
126987,40,37,3
126988,40,37,3
126989,50,39,11
126990,50,39,11
126991,6,3,3
126992,13,6,7
126993,6,3,3
126994,13,6,7
126995,13,6,7
126996,9,6,3
126997,41,36,5
126998,169,123,46
126999,169,123,46
127000,169,123,46
127001,169,123,46
127006,2,2,0
127010,2,2,0
127011,2,2,0
127012,7,5,2
127014,2,0,2
127028,2,0,2
127032,7,5,2
127033,2,1,1
127034,43,32,11
127036,14,11,3
127037,14,11,3
127038,14,11,3
127039,16,13,3
127040,15,0,15
127041,15,0,15
127042,15,0,15
127043,7,4,3
127045,7,4,3
127046,7,4,3
127047,7,4,3
127048,7,4,3
127049,7,4,3
127050,7,4,3
127051,7,4,3
127052,7,4,3
127053,7,4,3
127055,1,0,1
127057,16,13,3
127082,16,13,3
127084,182,132,50
127087,88,63,25
127088,80,77,3
127089,61,40,21
127090,61,40,21
127091,80,77,3
127092,80,77,3
127093,80,77,3
127094,4,1,3
127095,4,1,3
127096,7,2,5
127097,1,0,1
127098,1,0,1
127100,6,2,4
127103,12,8,4
127104,18,13,5
127105,7,5,2
127106,7,5,2
127107,7,5,2
127108,7,5,2
127110,18,13,5
127115,13,10,3
127116,13,10,3
127117,19,15,4
127118,13,10,3
127119,18,14,4
127120,21,18,3
127121,21,18,3
127122,19,16,3
127123,55,37,18
127124,55,37,18
127125,55,37,18
127126,27,24,3
127127,4,4,0
127128,27,24,3
127130,27,24,3
127131,13,12,1
127132,13,12,1
127133,56,46,10
127134,15,11,4
127135,8,8,0
127136,7,7,0
127139,56,46,10
127140,56,50,6
127141,7,6,1
127142,65,62,3
127143,65,62,3
127144,47,42,5
127145,47,42,5
127146,8,6,2
127147,8,6,2
127148,122,99,23
127149,122,99,23
127150,136,131,5
127151,23,23,0
127152,5,3,2
127153,122,99,23
127154,9,9,0
127155,9,9,0
127156,27,24,3
127157,136,131,5
127158,136,131,5
127159,136,131,5
127160,136,131,5
127161,136,131,5
127162,136,131,5
127163,136,131,5
127164,136,131,5
127165,136,131,5
127166,136,131,5
127167,1,0,1
127168,182,132,50
127170,182,132,50
127171,118,73,45
127172,118,73,45
127173,7,6,1
127174,7,6,1
127175,3,1,2
127177,4,4,0
127178,4,4,0
127179,4,4,0
127180,4,4,0
127181,12,6,6
127185,39,32,7
127186,39,32,7
127187,39,38,1
127188,39,38,1
127189,27,25,2
127190,90,68,22
127191,182,132,50
127192,182,132,50
127194,2,2,0
127195,2,2,0
127196,2,2,0
127197,2,2,0
127198,137,95,42
127199,68,51,17
127200,7,5,2
127201,2,0,2
127202,7,5,2
127209,81,67,14
127210,81,67,14
127211,81,67,14
127212,81,67,14
127213,60,46,14
127214,60,46,14
127215,8,6,2
127216,8,6,2
127217,14,13,1
127218,14,13,1
127219,137,95,42
127220,137,95,42
127221,137,95,42
127226,9,8,1
127227,9,8,1
127229,137,95,42
127230,145,130,15
127231,15,15,0
127232,22,21,1
127233,22,21,1
127234,22,21,1
127235,22,21,1
127236,15,15,0
127237,11,10,1
127238,1,0,1
127239,17,17,0
127240,137,95,42
127241,137,95,42
127242,137,95,42
127243,20,16,4
127244,20,16,4
127245,23,19,4
127246,23,19,4
127247,4,4,0
127248,145,130,15
127249,60,42,18
127250,60,42,18
127251,60,42,18
127252,60,42,18
127253,60,42,18
127254,60,42,18
127255,26,4,22
127256,50,42,8
127258,13,10,3
127259,13,10,3
127260,13,10,3
127261,12,9,3
127262,35,19,16
127263,35,19,16
127264,19,16,3
127268,35,19,16
127271,50,42,8
127272,19,16,3
127273,19,16,3
127275,21,11,10
127276,21,11,10
127277,7,4,3
127278,21,11,10
127279,60,42,18
127280,60,42,18
127282,13,10,3
127283,15,12,3
127284,15,12,3
127285,15,12,3
127286,14,11,3
127287,31,11,20
127288,31,11,20
127289,31,11,20
127290,14,9,5
127294,5,0,5
127295,5,0,5
127297,14,9,5
127298,14,9,5
127299,14,9,5
127300,14,9,5
127301,60,42,18
127302,63,53,10
127303,11,11,0
127304,12,11,1
127305,12,11,1
127306,12,11,1
127307,12,11,1
127308,11,11,0
127309,10,10,0
127312,10,10,0
127313,24,24,0
127314,24,24,0
127315,10,10,0
127316,10,10,0
127317,5,1,4
127318,24,24,0
127319,5,4,1
127320,20,15,5
127321,145,130,15
127322,145,130,15
127323,145,130,15
127324,145,130,15
127325,145,130,15
127326,145,130,15
127327,145,130,15
127328,145,130,15
127329,145,130,15
127330,145,130,15
127331,90,73,17
127332,90,73,17
127333,26,24,2
127334,13,8,5
127335,15,10,5
127336,15,10,5
127337,15,10,5
127338,14,9,5
127339,14,5,9
127340,14,5,9
127341,14,5,9
127342,13,8,5
127346,14,5,9
127347,14,5,9
127348,13,8,5
127349,26,24,2
127350,13,8,5
127351,13,8,5
127353,85,73,12
127371,13,8,5
127373,75,63,12
127374,15,8,7
127375,15,8,7
127376,10,7,3
127377,23,7,16
127378,23,7,16
127379,14,8,6
127380,75,63,12
127381,3,0,3
127382,14,8,6
127383,14,8,6
127384,14,8,6
127385,14,8,6
127386,14,12,2
127387,14,12,2
127390,218,158,60
127391,218,158,60
127393,25,18,7
127394,42,28,14
127395,42,28,14
127396,42,28,14
127397,42,28,14
127398,36,26,10
127399,87,58,29
127400,87,58,29
127401,81,46,35
127402,13,12,1
127403,16,13,3
127404,16,13,3
127405,16,13,3
127406,16,13,3
127407,13,12,1
127408,12,11,1
127409,12,12,0
127410,12,12,0
127411,3,2,1
127412,4,2,2
127413,13,11,2
127414,13,11,2
127415,87,58,29
127416,81,46,35
127417,10,6,4
127418,4,2,2
127419,4,2,2
127421,3,0,3
127422,7,4,3
127423,2,2,0
127425,2,2,0
127426,30,25,5
127427,3,1,2
127428,10,4,6
127429,81,46,35
127430,81,46,35
127431,218,158,60
127432,4,4,0
127433,4,4,0
127434,2,2,0
127435,2,2,0
127436,218,158,60
127437,218,158,60
127438,137,111,26
127439,137,111,26
127440,61,56,5
127443,19,15,4
127444,28,21,7
127445,28,21,7
127446,28,21,7
127447,22,18,4
127448,66,47,19
127449,66,47,19
127450,46,31,15
127451,46,31,15
127452,20,9,11
127453,20,9,11
127454,19,15,4
127455,46,31,15
127456,105,85,20
127457,105,85,20
127458,24,10,14
127459,105,85,20
127460,105,85,20
127461,105,85,20
127462,105,85,20
127463,19,5,14
127466,13,10,3
127467,19,5,14
127468,4,1,3
127469,4,1,3
127470,4,1,3
127471,64,57,7
127472,21,10,11
127473,7,4,3
127474,21,10,11
127475,105,85,20
127476,105,85,20
127477,9,6,3
127478,9,6,3
127479,7,5,2
127480,31,11,20
127482,31,11,20
127483,15,11,4
127484,105,85,20
127485,19,13,6
127486,19,13,6
127489,75,63,12
127490,75,63,12
127491,75,63,12
127492,11,7,4
127493,11,7,4
127494,7,4,3
127495,34,11,23
127497,72,60,12
127498,72,60,12
127500,8,8,0
127501,3,2,1
127502,17,12,5
127503,11,9,2
127504,9,2,7
127505,9,2,7
127506,9,2,7
127507,9,2,7
127508,4,0,4
127510,4,0,4
127511,60,51,9
127512,60,51,9
127517,60,51,9
127518,60,51,9
127521,14,9,5
127522,14,9,5
127523,14,9,5
127524,14,9,5
127525,14,9,5
127526,16,6,10
127527,16,6,10
127528,16,6,10
127529,11,6,5
127531,16,6,10
127532,16,6,10
127533,11,6,5
127534,11,6,5
127535,11,6,5
127536,11,6,5
127537,25,22,3
127538,10,8,2
127539,10,8,2
127540,10,8,2
127543,19,10,9
127549,5,5,0
127550,5,5,0
127551,183,169,14
127552,183,169,14
127553,183,169,14
127554,183,169,14
127555,183,169,14
127556,183,169,14
127557,183,169,14
127558,183,169,14
127559,183,169,14
127560,183,169,14
127561,227,146,81
127564,53,44,9
127565,89,75,14
127566,89,75,14
127567,89,75,14
127568,89,75,14
127569,54,46,8
127570,146,108,38
127571,146,108,38
127572,40,31,9
127573,8,6,2
127574,8,6,2
127575,146,108,38
127576,179,150,29
127577,22,20,2
127578,42,39,3
127579,42,39,3
127580,146,108,38
127581,146,108,38
127582,179,150,29
127583,37,12,25
127585,49,42,7
127586,22,16,6
127587,179,150,29
127588,179,150,29
127589,179,150,29
127590,179,150,29
127591,179,150,29
127592,179,150,29
127593,179,150,29
127594,179,150,29
127596,52,43,9
127599,10,6,4
127600,10,6,4
127601,23,16,7
127602,23,16,7
127603,23,16,7
127604,52,43,9
127613,52,45,7
127614,31,26,5
127617,13,9,4
127618,13,9,4
127619,31,26,5
127620,31,26,5
127621,8,4,4
127625,18,10,8
127626,31,26,5
127627,8,4,4
127628,8,4,4
127629,8,4,4
127630,8,4,4
127631,8,4,4
127632,8,4,4
127633,8,4,4
127634,8,4,4
127635,169,130,39
127636,29,20,9
127637,14,13,1
127638,20,17,3
127639,9,6,3
127640,9,6,3
127641,20,17,3
127642,58,46,12
127643,58,46,12
127644,9,8,1
127645,9,8,1
127646,6,4,2
127647,6,4,2
127648,41,24,17
127649,41,24,17
127650,41,24,17
127652,21,18,3
127655,7,5,2
127656,62,53,9
127657,62,53,9
127658,59,44,15
127659,33,28,5
127660,33,28,5
127661,5,3,2
127662,5,3,2
127663,24,20,4
127664,8,6,2
127665,24,20,4
127670,169,130,39
127671,4,4,0
127683,20,13,7
127685,24,12,12
127686,24,12,12
127687,25,17,8
127690,49,23,26
127691,49,23,26
127692,49,23,26
127693,31,11,20
127694,3,1,2
127695,49,23,26
127696,49,23,26
127697,31,11,20
127698,21,15,6
127714,21,15,6
127717,31,11,20
127718,31,11,20
127719,31,11,20
127720,31,11,20
127721,31,11,20
127722,31,11,20
127725,2,0,2
127726,53,43,10
127727,3,2,1
127728,3,2,1
127731,1,0,1
127732,6,2,4
127733,4,1,3
127734,4,1,3
127735,4,1,3
127736,6,1,5
127737,4,1,3
127738,6,1,5
127745,12,3,9
127746,12,3,9
127747,12,3,9
127748,12,3,9
127757,89,85,4
127759,1,1,0
127760,76,64,12
127761,76,64,12
127762,76,64,12
127763,9,9,0
127764,89,76,13
127779,1,1,0
127780,1,1,0
127791,89,76,13
127792,6,6,0
127793,6,6,0
127797,230,180,50
127803,230,180,50
127805,46,36,10
127806,46,36,10
127807,29,23,6
127808,76,60,16
127809,76,60,16
127810,76,60,16
127811,76,60,16
127812,5,4,1
127813,5,4,1
127814,12,6,6
127815,25,15,10
127816,67,60,7
127817,16,9,7
127818,27,14,13
127819,27,14,13
127820,21,15,6
127821,179,135,44
127822,179,135,44
127823,179,135,44
127824,179,135,44
127825,31,23,8
127826,36,27,9
127827,36,27,9
127828,33,25,8
127829,92,51,41
127830,92,51,41
127831,92,51,41
127832,92,51,41
127833,46,38,8
127834,5,5,0
127835,92,51,41
127836,92,51,41
127837,179,135,44
127838,179,135,44
127839,179,135,44
127840,10,10,0
127843,10,10,0
127847,46,38,8
127848,46,38,8
127849,46,38,8
127850,46,38,8
127851,89,76,13
127852,105,82,23
127853,105,82,23
127854,105,82,23
127855,105,82,23
127856,105,82,23
127857,5,5,0
127858,105,82,23
127859,105,82,23
127860,2,2,0
127863,105,82,23
127864,105,82,23
127866,78,63,15
127867,73,51,22
127868,13,13,0
127869,73,51,22
127870,25,23,2
127871,8,4,4
127872,8,4,4
127905,182,132,50
127906,2,2,0
127907,2,2,0
127908,13,10,3
127909,13,13,0
127910,11,11,0
127911,11,11,0
127917,5,5,0
127920,5,5,0
127921,5,5,0
127922,5,5,0
127923,5,5,0
127924,5,5,0
127925,5,5,0
127926,5,5,0
127927,5,5,0
127929,9,5,4
127930,7,3,4
127931,7,3,4
127932,7,3,4
127933,9,5,4
127934,12,5,7
127935,12,5,7
127936,12,5,7
127937,10,10,0
127938,12,5,7
127939,10,6,4
127941,10,10,0
127943,10,10,0
127944,41,41,0
127945,8,4,4
127946,8,4,4
127947,9,5,4
127948,8,2,6
127949,8,2,6
127950,8,2,6
127951,8,3,5
127952,8,2,6
127953,8,3,5
127954,8,3,5
127955,41,41,0
127956,41,41,0
127961,27,25,2
127962,27,25,2
127963,27,25,2
127964,11,4,7
127965,27,25,2
127966,27,25,2
127967,182,132,50
127968,69,51,18
127969,69,51,18
127970,69,51,18
127971,5,2,3
127972,5,2,3
127977,61,49,12
127978,83,41,42
127980,83,41,42
127981,21,14,7
127982,18,10,8
127983,21,14,7
127984,21,14,7
127985,64,58,6
127986,14,11,3
127989,17,11,6
127990,20,9,11
127991,59,45,14
127992,15,8,7
127993,59,45,14
127994,40,30,10
127995,40,30,10
127996,40,30,10
127997,27,17,10
127998,47,25,22
127999,47,25,22
128000,47,25,22
128001,47,25,22
128002,50,31,19
128003,50,31,19
128004,50,31,19
128006,50,31,19
128007,50,31,19
128008,4,0,4
128009,4,0,4
128011,26,12,14
128012,26,12,14
128013,26,12,14
128014,26,12,14
128015,182,132,50
128016,94,66,28
128017,94,66,28
128018,94,66,28
128019,94,66,28
128020,94,66,28
128021,94,66,28
128022,94,66,28
128023,94,66,28
128024,59,45,14
128025,7,7,0
128026,50,49,1
128027,17,13,4
128028,7,4,3
128029,2,2,0
128030,6,5,1
128035,27,26,1
128036,27,26,1
128037,27,26,1
128038,17,17,0
128040,19,13,6
128041,19,13,6
128042,50,36,14
128047,66,52,14
128048,66,52,14
128049,66,52,14
128050,66,52,14
128051,52,37,15
128052,52,37,15
128053,11,6,5
128054,11,6,5
128055,52,37,15
128060,1,0,1
128061,1,0,1
128068,118,73,45
128069,118,73,45
128070,118,73,45
128071,103,75,28
128072,16,13,3
128073,20,15,5
128074,20,15,5
128075,20,15,5
128076,20,15,5
128077,16,13,3
128078,11,10,1
128079,2,1,1
128080,11,10,1
128081,11,10,1
128082,118,73,45
128083,118,73,45
128084,103,75,28
128085,1,1,0
128086,31,17,14
128087,10,8,2
128088,58,50,8
128089,8,7,1
128090,8,7,1
128091,8,1,7
128092,50,36,14
128093,23,16,7
128094,103,75,28
128095,103,75,28
128096,103,75,28
128097,103,75,28
128098,103,75,28
128099,103,75,28
128100,103,75,28
128101,38,38,0
128102,38,38,0
128103,38,38,0
128104,38,38,0
128105,38,38,0
128106,38,38,0
128107,38,38,0
128108,38,38,0
128110,38,38,0
128111,38,38,0
128115,203,131,72
128116,80,61,19
128117,51,32,19
128118,27,15,12
128132,63,51,12
128133,63,51,12
128134,23,14,9
128135,16,12,4
128136,16,12,4
128137,16,12,4
128140,16,12,4
128141,5,3,2
128142,5,3,2
128143,5,3,2
128144,5,3,2
128145,5,3,2
128146,5,3,2
128147,18,15,3
128150,17,14,3
128151,17,14,3
128152,29,9,20
128153,29,9,20
128154,15,10,5
128163,29,9,20
128164,15,10,5
128165,7,1,6
128166,2,1,1
128169,19,15,4
128171,23,14,9
128172,4,0,4
128173,15,10,5
128174,15,10,5
128175,15,10,5
128176,15,10,5
128177,11,9,2
128178,11,9,2
128181,2,2,0
128182,75,50,25
128183,75,50,25
128184,21,10,11
128185,21,10,11
128186,21,10,11
128187,21,10,11
128188,21,10,11
128189,21,10,11
128190,15,4,11
128191,3,2,1
128192,3,2,1
128193,21,10,11
128194,21,10,11
128195,7,5,2
128196,7,5,2
128197,5,3,2
128198,14,2,12
128199,14,2,12
128200,21,10,11
128201,66,51,15
128203,13,9,4
128204,90,62,28
128205,90,62,28
128206,53,39,14
128207,53,39,14
128208,90,62,28
128210,58,46,12
128213,16,10,6
128214,19,9,10
128215,19,9,10
128216,19,9,10
128217,16,11,5
128218,26,3,23
128219,26,3,23
128222,22,7,15
128224,26,3,23
128225,26,3,23
128226,5,0,5
128227,5,0,5
128228,16,11,5
128229,16,10,6
128230,5,1,4
128231,22,7,15
128232,22,7,15
128233,22,7,15
128234,22,7,15
128235,203,131,72
128236,203,131,72
128243,1,1,0
128244,55,43,12
128245,55,43,12
128246,203,131,72
128247,84,69,15
128248,16,10,6
128249,9,5,4
128250,203,131,72
128251,203,131,72
128254,7,4,3
128255,7,4,3
128256,6,5,1
128257,6,5,1
128258,47,38,9
128259,84,69,15
128260,76,50,26
128261,76,50,26
128265,5,3,2
128266,5,3,2
128267,1,1,0
128268,1,1,0
128269,1,1,0
128270,1,1,0
128271,5,3,2
128272,5,3,2
128273,29,20,9
128274,29,20,9
128275,16,16,0
128276,15,15,0
128277,15,15,0
128278,16,14,2
128279,16,14,2
128280,3,0,3
128281,3,0,3
128282,16,14,2
128285,8,8,0
128287,8,8,0
128288,16,16,0
128290,8,8,0
128291,8,8,0
128292,8,8,0
128293,8,8,0
128294,8,8,0
128295,8,8,0
128296,8,8,0
128297,8,8,0
128298,76,50,26
128299,76,50,26
128300,12,2,10
128301,12,2,10
128310,2,2,0
128311,63,49,14
128339,84,69,15
128340,84,69,15
128341,84,69,15
128342,84,69,15
128343,3,2,1
128344,3,2,1
128345,3,2,1
128347,3,3,0
128348,3,3,0
128349,191,123,68
128350,1,1,0
128352,8,8,0
128353,8,8,0
128354,56,30,26
128356,26,16,10
128357,27,18,9
128358,27,18,9
128363,25,18,7
128364,56,30,26
128365,56,30,26
128366,56,30,26
128367,40,27,13
128368,6,5,1
128369,6,5,1
128370,4,4,0
128371,4,4,0
128372,56,30,26
128373,3,3,0
128375,40,27,13
128379,8,2,6
128380,7,5,2
128381,24,16,8
128382,24,16,8
128385,56,30,26
128386,19,12,7
128387,7,4,3
128388,40,27,13
128389,40,27,13
128390,40,27,13
128391,40,27,13
128392,143,116,27
128394,9,9,0
128395,9,9,0
128398,2,2,0
128399,2,2,0
128400,2,2,0
128401,2,2,0
128402,9,9,0
128403,9,9,0
128404,21,12,9
128405,7,6,1
128406,7,6,1
128411,7,6,1
128412,7,6,1
128413,12,4,8
128414,12,4,8
128419,3,1,2
128433,26,21,5
128434,26,21,5
128447,122,86,36
128448,122,86,36
128449,122,86,36
128454,122,86,36
128458,6,0,6
128459,63,51,12
128462,8,8,0
128463,8,8,0
128464,8,8,0
128465,8,8,0
128466,11,9,2
128467,6,0,6
128481,2,0,2
128490,2,2,0
128491,16,12,4
128494,157,132,25
128495,16,12,4
128496,16,12,4
128497,157,132,25
128502,2,1,1
128503,4,3,1
128504,33,22,11
128505,90,55,35
128506,90,55,35
128507,47,33,14
128508,11,11,0
128509,1,1,0
128515,87,46,41
128516,41,27,14
128517,41,27,14
128518,53,31,22
128519,53,31,22
128522,8,8,0
128523,8,8,0
128524,179,135,44
128527,1,1,0
128534,45,35,10
128536,78,63,15
128537,78,63,15
128538,67,50,17
128539,67,50,17
128540,191,123,68
128544,68,61,7
128545,4,1,3
128546,4,3,1
128547,6,4,2
128548,6,4,2
128554,21,9,12
128572,4,0,4
128573,4,0,4
128574,3,1,2
128576,3,1,2
128577,6,2,4
128578,3,0,3
128591,191,123,68
128592,4,4,0
128593,4,4,0
128594,4,4,0
128595,4,4,0
128596,3,0,3
128597,2,0,2
128598,2,0,2
128614,35,22,13
128615,1,0,1
128616,19,15,4
128617,18,10,8
128618,18,10,8
128619,14,2,12
128630,111,78,33
128633,38,30,8
128634,38,30,8
128635,111,78,33
128636,2,1,1
128639,38,24,14
128640,38,24,14
128641,10,9,1
128642,11,9,2
128643,11,9,2
128644,11,9,2
128645,11,9,2
128646,10,9,1
128647,9,9,0
128649,9,9,0
128650,9,9,0
128651,31,25,6
128652,31,25,6
128653,31,25,6
128654,31,25,6
128655,31,25,6
128656,31,25,6
128657,31,25,6
128658,38,24,14
128659,38,24,14
128660,38,24,14
128661,38,24,14
128662,38,24,14
128664,38,24,14
128665,6,0,6
128666,6,0,6
128670,6,0,6
128671,6,0,6
128672,5,0,5
128673,5,0,5
128674,5,0,5
128675,50,33,17
128676,50,33,17
128685,60,51,9
128686,60,51,9
128687,43,38,5
128688,4,1,3
128689,43,38,5
128690,43,38,5
128691,2,2,0
128692,2,2,0
128693,23,9,14
128694,23,9,14
128695,1,1,0
128696,1,1,0
128698,24,10,14
128699,24,10,14
128700,24,10,14
128701,24,10,14
128702,24,10,14
128703,24,10,14
128704,24,10,14
128705,22,16,6
128708,122,99,23
128711,58,52,6
128712,83,65,18
128713,58,52,6
128716,3,2,1
128717,3,2,1
128718,11,5,6
128719,11,5,6
128722,1,0,1
128723,15,12,3
128724,13,1,12
128725,13,1,12
128727,5,2,3
128728,13,1,12
128730,15,11,4
128731,5,2,3
128732,5,2,3
128733,5,2,3
128734,5,2,3
128735,5,2,3
128736,5,2,3
128737,5,2,3
128738,5,2,3
128747,12,8,4
128749,3,3,0
128750,3,3,0
128751,12,8,4
128756,179,135,44
128757,72,66,6
128758,9,9,0
128759,9,9,0
128760,59,41,18
128761,179,135,44
128762,179,135,44
128763,53,38,15
128764,179,135,44
128765,31,23,8
128766,36,27,9
128767,36,27,9
128773,33,25,8
128774,92,51,41
128777,92,51,41
128778,46,38,8
128779,31,21,10
128792,1,0,1
128793,1,0,1
128794,12,6,6
128795,46,38,8
128796,46,38,8
128797,81,76,5
128798,86,66,20
128799,38,27,11
128800,38,27,11
128801,13,13,0
128802,3,0,3
128803,31,25,6
128804,38,30,8
128805,38,30,8
128806,38,30,8
128807,38,30,8
128808,33,27,6
128809,111,78,33
128810,111,78,33
128811,111,78,33
128812,77,70,7
128813,13,13,0
128814,111,78,33
128815,12,6,6
128816,77,70,7
128817,134,91,43
128818,79,56,23
128819,9,6,3
128820,9,6,3
128821,19,14,5
128822,19,14,5
128823,115,81,34
128824,115,81,34
128825,13,11,2
128826,12,10,2
128827,12,10,2
128828,13,11,2
128829,22,6,16
128832,22,6,16
128833,8,5,3
128836,1,1,0
128837,1,1,0
128838,8,5,3
128839,14,11,3
128840,8,5,3
128841,8,5,3
128842,8,5,3
128843,8,5,3
128844,8,5,3
128845,115,81,34
128846,115,81,34
128848,45,34,11
128849,45,34,11
128850,45,34,11
128851,79,56,23
128852,24,13,11
128853,134,91,43
128854,134,91,43
128870,2,1,1
128871,7,0,7
128882,134,91,43
128883,120,84,36
128884,10,9,1
128885,21,16,5
128886,21,16,5
128887,21,16,5
128888,21,16,5
128889,10,9,1
128890,11,9,2
128891,3,1,2
128892,3,1,2
128893,13,10,3
128894,13,10,3
128895,134,91,43
128896,134,91,43
128897,115,81,34
128898,115,81,34
128899,19,6,13
128900,19,6,13
128901,8,8,0
128902,8,8,0
128903,7,7,0
128904,7,7,0
128905,120,84,36
128906,32,10,22
128907,9,5,4
128908,3,3,0
128910,3,3,0
128912,76,63,13
128913,134,91,43
128914,21,11,10
128915,79,56,23
128916,15,6,9
128917,120,84,36
128918,120,84,36
128919,120,84,36
128920,120,84,36
128921,120,84,36
128922,120,84,36
128923,120,84,36
128924,120,84,36
128925,120,84,36
128926,120,84,36
128927,19,16,3
128928,5,3,2
128929,5,3,2
128931,6,4,2
128932,64,58,6
128933,18,17,1
128934,6,6,0
128935,6,6,0
128936,6,6,0
128937,2,2,0
128938,2,2,0
128939,6,4,2
128940,6,2,4
128941,6,2,4
128942,6,4,2
128943,6,4,2
128944,6,4,2
128945,18,17,1
128946,39,34,5
128947,5,3,2
128948,5,3,2
128949,63,55,8
128950,63,55,8
128951,63,55,8
128952,42,39,3
128953,112,80,32
128954,112,80,32
128955,91,81,10
128956,18,17,1
128957,18,17,1
128958,18,17,1
128959,5,4,1
128960,2,0,2
128961,5,4,1
128962,7,7,0
128963,12,12,0
128964,6,6,0
128965,91,81,10
128966,40,36,4
128967,25,17,8
128968,25,17,8
128970,25,17,8
128971,25,17,8
128974,25,17,8
128975,25,17,8
128978,39,34,5
128979,12,8,4
128980,91,81,10
128981,91,81,10
128982,91,81,10
128983,91,81,10
128984,91,81,10
128985,91,81,10
128986,91,81,10
128987,91,81,10
128988,29,28,1
128989,8,8,0
128993,29,28,1
128994,14,12,2
128995,10,8,2
128996,8,6,2
128997,8,6,2
128998,8,6,2
128999,10,8,2
129002,11,0,11
129005,11,0,11
129006,7,5,2
129008,7,5,2
129009,7,5,2
129010,7,5,2
129011,14,12,2
129013,20,12,8
129014,5,2,3
129015,19,9,10
129016,36,19,17
129017,36,19,17
129018,46,23,23
129019,36,19,17
129020,36,19,17
129021,46,23,23
129022,46,23,23
129023,46,23,23
129024,46,23,23
129025,46,23,23
129026,46,23,23
129027,46,23,23
129057,9,9,0
129059,9,9,0
129075,169,130,39
129076,169,130,39
129077,8,7,1
129078,1,0,1
129079,1,0,1
129080,1,1,0
129081,8,7,1
129082,12,7,5
129085,91,83,8
129086,91,83,8
129087,91,83,8
129088,15,10,5
129089,5,4,1
129090,22,14,8
129091,22,14,8
129092,16,5,11
129093,16,5,11
129094,22,14,8
129095,22,14,8
129097,91,83,8
129100,2,2,0
129101,7,6,1
129102,40,40,0
129103,40,40,0
129110,91,73,18
129112,1,0,1
129113,32,18,14
129114,32,18,14
129115,8,5,3
129116,1,0,1
129117,7,5,2
129118,10,2,8
129119,4,2,2
129120,10,2,8
129122,4,2,2
129123,4,2,2
129124,4,2,2
129125,40,21,19
129126,40,21,19
129127,40,21,19
129128,14,10,4
129129,16,11,5
129130,16,11,5
129131,15,11,4
129132,21,7,14
129133,21,7,14
129134,21,7,14
129135,21,17,4
129136,21,7,14
129137,21,17,4
129138,18,12,6
129139,18,12,6
129140,2,0,2
129141,21,17,4
129142,21,17,4
129143,21,17,4
129144,91,73,18
129145,91,73,18
129146,4,4,0
129147,4,4,0
129149,51,42,9
129151,20,17,3
129152,44,36,8
129153,44,36,8
129154,75,62,13
129158,12,8,4
129161,25,20,5
129162,25,20,5
129163,16,16,0
129166,12,12,0
129167,12,12,0
129168,12,12,0
129169,6,2,4
129170,17,12,5
129171,17,12,5
129172,5,1,4
129173,5,1,4
129174,17,12,5
129175,10,9,1
129183,10,9,1
129184,7,1,6
129185,2,1,1
129186,15,14,1
129187,16,16,0
129188,10,9,1
129189,10,9,1
129190,10,9,1
129191,10,9,1
129192,66,62,4
129195,16,12,4
129199,8,3,5
129200,8,3,5
129201,44,35,9
129202,31,25,6
129203,31,25,6
129204,31,25,6
129205,31,25,6
129206,5,3,2
129207,5,3,2
129208,5,3,2
129209,30,23,7
129210,30,23,7
129211,3,0,3
129212,3,0,3
129213,30,23,7
129214,55,22,33
129215,55,22,33
129216,30,25,5
129217,30,25,5
129218,55,22,33
129219,30,24,6
129233,55,22,33
129234,55,22,33
129235,3,3,0
129236,3,3,0
129237,2,2,0
129238,2,2,0
129239,30,24,6
129240,13,1,12
129241,2,1,1
129244,34,28,6
129245,5,3,2
129246,44,35,9
129247,9,5,4
129248,30,24,6
129249,30,24,6
129250,30,24,6
129251,30,24,6
129252,30,24,6
129253,30,24,6
129254,30,24,6
129255,30,24,6
129256,30,24,6
129257,30,24,6
129258,66,62,4
129259,66,62,4
129260,13,11,2
129261,66,62,4
129262,66,62,4
129263,13,11,2
129264,13,11,2
129265,29,24,5
129266,9,3,6
129271,157,132,25
129272,157,132,25
129273,16,9,7
129274,16,9,7
129277,157,132,25
129278,32,27,5
129279,32,27,5
129280,27,24,3
129281,51,28,23
129282,51,28,23
129283,51,28,23
129284,12,11,1
129285,7,7,0
129286,7,7,0
129287,30,26,4
129288,26,23,3
129289,15,12,3
129290,15,12,3
129291,27,21,6
129292,157,132,25
129293,30,27,3
129294,30,27,3
129295,30,27,3
129296,30,27,3
129297,30,27,3
129298,30,27,3
129299,30,27,3
129300,30,27,3
129301,12,7,5
129302,32,25,7
129303,32,25,7
129304,13,12,1
129307,13,12,1
129308,45,31,14
129317,13,12,1
129318,13,12,1
129319,13,12,1
129320,13,12,1
129336,5,5,0
129340,36,28,8
129341,5,4,1
129342,5,4,1
129343,58,43,15
129344,58,43,15
129345,58,43,15
129346,34,27,7
129347,34,27,7
129348,14,9,5
129349,14,9,5
129350,34,27,7
129351,62,55,7
129352,62,55,7
129353,26,26,0
129354,26,26,0
129355,1,1,0
129356,1,1,0
129359,11,8,3
129362,11,8,3
129363,62,55,7
129364,86,69,17
129365,15,10,5
129366,12,7,5
129367,12,7,5
129368,62,55,7
129369,62,55,7
129370,86,69,17
129371,86,69,17
129372,157,132,25
129373,2,1,1
129374,2,1,1
129375,2,0,2
129376,70,59,11
129377,18,17,1
129378,18,17,1
129379,5,5,0
129381,74,66,8
129385,23,16,7
129386,1,0,1
129387,1,0,1
129388,74,66,8
129389,74,66,8
129390,62,53,9
129391,11,11,0
129392,11,11,0
129393,62,53,9
129394,3,2,1
129397,2,0,2
129398,14,8,6
129399,14,8,6
129402,25,22,3
129409,24,19,5
129411,25,22,3
129412,74,66,8
129413,62,53,9
129414,62,53,9
129415,43,29,14
129416,15,10,5
129417,15,10,5
129418,51,42,9
129419,51,42,9
129420,29,25,4
129421,5,4,1
129422,5,4,1
129423,22,14,8
129424,22,14,8
129425,16,5,11
129426,16,5,11
129427,22,14,8
129428,22,14,8
129429,91,83,8
129430,91,83,8
129431,52,38,14
129432,91,83,8
129433,91,83,8
129434,52,38,14
129435,52,38,14
129436,52,38,14
129437,52,38,14
129438,52,38,14
129439,52,38,14
129440,52,38,14
129441,52,38,14
129442,52,38,14
129444,18,13,5
129445,21,14,7
129446,21,14,7
129447,21,14,7
129448,21,16,5
129450,34,13,21
129451,34,13,21
129453,34,13,21
129454,16,11,5
129457,34,13,21
129458,34,13,21
129459,16,11,5
129460,21,16,5
129461,18,12,6
129465,18,12,6
129466,5,2,3
129467,5,2,3
129468,16,11,5
129469,16,11,5
129470,16,11,5
129471,16,11,5
129472,123,97,26
129474,53,43,10
129475,4,4,0
129476,36,30,6
129477,36,30,6
129478,36,30,6
129479,27,23,4
129480,27,23,4
129481,5,2,3
129482,5,2,3
129483,27,23,4
129484,58,30,28
129485,58,30,28
129486,8,7,1
129487,8,7,1
129488,57,53,4
129489,7,6,1
129490,6,6,0
129491,6,6,0
129492,7,3,4
129493,23,20,3
129494,23,20,3
129495,10,9,1
129496,12,8,4
129497,12,8,4
129498,12,8,4
129499,12,8,4
129500,10,9,1
129501,34,19,15
129502,11,9,2
129503,11,10,1
129504,123,97,26
129505,28,26,2
129506,28,26,2
129507,28,26,2
129508,28,26,2
129509,28,26,2
129510,28,26,2
129511,28,26,2
129512,28,26,2
129513,23,20,3
129514,123,97,26
129515,2,2,0
129518,123,97,26
129521,39,28,11
129522,5,3,2
129525,35,25,10
129526,32,25,7
129527,2,2,0
129528,2,2,0
129529,5,5,0
129532,12,8,4
129533,12,8,4
129534,11,4,7
129535,11,4,7
129536,12,8,4
129538,11,4,7
129539,11,4,7
129542,12,8,4
129543,12,8,4
129544,12,8,4
129545,12,8,4
129548,42,25,17
129549,25,21,4
129554,25,21,4
129557,4,3,1
129558,4,3,1
129568,123,97,26
129576,39,29,10
129577,39,29,10
129578,39,29,10
129579,39,29,10
129580,4,4,0
129581,4,4,0
129582,123,97,26
129586,3,3,0
129587,18,12,6
129588,18,12,6
129589,20,14,6
129590,20,14,6
129591,20,14,6
129592,18,14,4
129593,3,0,3
129594,3,0,3
129595,18,12,6
129596,23,6,17
129597,23,6,17
129600,23,6,17
129601,25,14,11
129602,25,14,11
129603,18,15,3
129604,18,15,3
129605,25,14,11
129606,25,14,11
129607,25,14,11
129608,25,14,11
129609,3,3,0
129612,5,5,0
129613,8,8,0
129614,7,7,0
129615,6,6,0
129616,6,6,0
129617,13,13,0
129618,13,13,0
129619,123,97,26
129620,14,9,5
129621,14,9,5
129622,14,9,5
129623,14,9,5
129624,14,9,5
129628,24,19,5
129629,22,16,6
129630,22,16,6
129631,22,16,6
129632,22,16,6
129633,24,17,7
129634,24,17,7
129635,3,0,3
129636,3,0,3
129637,24,17,7
129638,27,2,25
129639,27,2,25
129640,27,2,25
129641,16,11,5
129647,27,2,25
129648,27,2,25
129649,1,1,0
129650,16,11,5
129651,1,0,1
129652,24,18,6
129653,5,1,4
129654,16,11,5
129655,16,11,5
129656,16,11,5
129657,16,11,5
129658,16,11,5
129659,16,11,5
129660,16,11,5
129661,16,11,5
129662,14,9,5
129663,23,16,7
129664,23,16,7
129668,85,80,5
129669,1,0,1
129670,169,130,39
129677,75,69,6
129678,93,86,7
129679,2,2,0
129680,2,2,0
129681,2,2,0
129683,2,2,0
129699,26,24,2
129700,26,24,2
129703,26,24,2
129706,30,28,2
129707,30,28,2
129708,26,24,2
129720,10,8,2
129721,35,30,5
129722,63,56,7
129723,63,56,7
129724,63,56,7
129725,63,56,7
129726,41,33,8
129727,41,33,8
129728,4,1,3
129729,4,1,3
129730,41,33,8
129731,95,62,33
129732,95,62,33
129735,95,62,33
129736,82,72,10
129737,82,72,10
129738,17,17,0
129739,20,20,0
129740,20,20,0
129741,20,20,0
129742,20,20,0
129743,17,17,0
129744,10,10,0
129745,3,1,2
129746,17,16,1
129747,17,16,1
129748,82,72,10
129749,95,62,33
129750,95,62,33
129751,12,8,4
129752,82,72,10
129753,22,3,19
129754,6,5,1
129755,39,33,6
129757,35,30,5
129758,10,6,4
129759,82,72,10
129760,82,72,10
129761,82,72,10
129762,82,72,10
129763,82,72,10
129764,82,72,10
129765,82,72,10
129766,82,72,10
129767,186,142,44
129768,186,142,44
129769,80,74,6
129770,186,142,44
129771,74,51,23
129772,74,51,23
129773,9,8,1
129774,9,8,1
129775,8,6,2
129776,8,6,2
129777,8,6,2
129778,8,6,2
129779,49,45,4
129780,49,45,4
129781,28,25,3
129782,99,72,27
129783,99,72,27
129784,99,72,27
129785,69,64,5
129786,69,64,5
129787,69,64,5
129788,69,64,5
129789,69,64,5
129790,69,64,5
129791,69,64,5
129793,3,3,0
129794,3,3,0
129806,32,32,0
129807,32,32,0
129808,19,19,0
129809,19,19,0
129811,1,1,0
129812,66,55,11
129813,66,55,11
129814,136,104,32
129819,24,20,4
129820,24,20,4
129821,4,3,1
129822,4,1,3
129823,2,2,0
129824,1,0,1
129843,1,0,1
129844,4,2,2
129845,4,2,2
129846,31,29,2
129847,2,0,2
129848,2,0,2
129849,108,85,23
129850,6,4,2
129852,2,0,2
129853,2,0,2
129856,8,4,4
129857,8,4,4
129861,14,9,5
129862,23,18,5
129863,22,16,6
129864,22,16,6
129865,22,16,6
129866,22,16,6
129867,25,18,7
129868,25,18,7
129869,2,0,2
129870,2,0,2
129871,24,2,22
129872,24,2,22
129873,24,2,22
129874,16,10,6
129879,24,2,22
129880,24,2,22
129881,1,1,0
129882,1,1,0
129883,16,10,6
129884,10,0,10
129885,23,18,5
129886,23,18,5
129887,14,9,5
129888,23,18,5
129889,6,2,4
129890,16,10,6
129891,16,10,6
129892,16,10,6
129893,16,10,6
129894,16,10,6
129895,16,10,6
129896,16,10,6
129897,16,10,6
129898,36,23,13
129899,4,1,3
129900,4,1,3
129901,31,22,9
129902,31,22,9
129906,31,22,9
129907,31,22,9
129908,30,23,7
129909,30,23,7
129910,30,23,7
129911,11,6,5
129912,11,6,5
129913,30,23,7
129914,30,23,7
129915,36,23,13
129916,38,10,28
129917,38,10,28
129927,8,2,6
129930,38,10,28
129931,25,19,6
129944,38,10,28
129945,38,10,28
129948,8,4,4
129949,3,3,0
129950,3,3,0
129951,1,1,0
129953,25,19,6
129964,1,1,0
129965,2,1,1
129966,5,4,1
129967,5,0,5
129968,4,3,1
129969,3,2,1
129970,3,2,1
129971,51,45,6
129972,5,2,3
129973,5,2,3
129976,5,2,3
129979,5,2,3
129980,5,2,3
129981,31,25,6
129994,4,3,1
129995,4,3,1
129996,5,2,3
129997,36,23,13
129998,13,9,4
129999,25,19,6
130000,25,19,6
130001,25,19,6
130002,25,19,6
130003,25,19,6
130004,25,19,6
130005,25,19,6
130006,25,19,6
130007,25,19,6
130008,25,19,6
130009,136,104,32
130011,28,18,10
130012,5,3,2
130013,5,3,2
130018,28,18,10
130019,6,4,2
130020,6,4,2
130021,83,55,28
130022,83,55,28
130024,26,20,6
130025,48,41,7
130026,48,41,7
130027,24,19,5
130028,48,41,7
130029,48,41,7
130030,29,23,6
130031,83,55,28
130032,83,55,28
130033,80,67,13
130034,6,6,0
130035,14,14,0
130036,83,55,28
130037,11,10,1
130038,11,10,1
130039,18,13,5
130040,80,67,13
130041,6,5,1
130042,25,19,6
130056,80,67,13
130057,186,142,44
130058,186,142,44
130059,186,142,44
130060,186,142,44
130061,186,142,44
130062,30,24,6
130063,30,24,6
130064,30,24,6
130065,30,24,6
130066,16,14,2
130079,98,82,16
130080,98,82,16
130081,98,82,16
130085,98,82,16
130086,98,82,16
130087,98,82,16
130091,12,6,6
130092,12,6,6
130093,186,142,44
130094,186,142,44
130095,80,74,6
130115,6,4,2
130118,90,65,25
130119,35,25,10
130120,14,11,3
130121,13,10,3
130122,13,10,3
130123,15,12,3
130124,15,2,13
130125,15,2,13
130126,19,15,4
130133,15,2,13
130134,19,15,4
130135,5,0,5
130136,12,9,3
130139,19,15,4
130140,19,15,4
130141,19,15,4
130142,90,55,35
130143,90,55,35
130144,90,55,35
130145,80,54,26
130146,5,4,1
130147,2,2,0
130148,5,5,0
130149,90,55,35
130150,90,55,35
130151,9,9,0
130152,9,9,0
130153,9,9,0
130154,9,9,0
130155,3,3,0
130156,3,3,0
130157,80,54,26
130161,77,66,11
130163,77,66,11
130166,8,2,6
130167,90,65,25
130168,35,16,19
130170,13,6,7
130171,9,6,3
130174,12,4,8
130175,4,0,4
130176,4,0,4
130177,4,0,4
130178,4,0,4
130179,7,3,4
130181,7,3,4
130185,35,16,19
130186,1,1,0
130187,12,4,8
130188,12,4,8
130189,12,4,8
130190,12,4,8
130191,14,8,6
130192,80,54,26
130193,80,54,26
130194,80,54,26
130195,80,54,26
130196,80,54,26
130197,80,54,26
130198,7,6,1
130199,1,0,1
130209,1,0,1
130244,20,8,12
130247,1,1,0
130249,1,1,0
130253,20,8,12
130254,14,9,5
130255,14,9,5
130256,14,9,5
130257,15,9,6
130258,15,9,6
130260,5,2,3
130261,15,9,6
130262,20,8,12
130263,20,8,12
130264,11,6,5
130266,20,8,12
130267,11,6,5
130269,11,6,5
130270,11,6,5
130271,11,6,5
130272,11,6,5
130278,5,5,0
130279,5,5,0
130281,5,5,0
130282,5,5,0
130289,35,26,9
130290,35,26,9
130291,35,26,9
130292,35,26,9
130293,35,26,9
130294,35,26,9
130295,20,2,18
130296,10,7,3
130297,11,8,3
130298,11,8,3
130299,11,8,3
130300,11,8,3
130301,10,7,3
130302,20,2,18
130303,12,9,3
130304,2,1,1
130305,12,10,2
130306,12,10,2
130307,35,26,9
130308,35,26,9
130309,3,3,0
130310,3,3,0
130311,15,8,7
130312,15,8,7
130313,15,8,7
130314,8,5,3
130315,8,5,3
130316,28,3,25
130317,28,3,25
130318,20,7,13
130319,3,2,1
130320,7,3,4
130321,14,10,4
130322,35,26,9
130323,145,72,73
130324,75,46,29
130326,10,6,4
130328,75,46,29
130330,11,7,4
130331,23,15,8
130332,65,39,26
130333,145,72,73
130334,145,72,73
130335,145,72,73
130336,145,72,73
130337,32,23,9
130340,39,31,8
130341,39,31,8
130342,39,31,8
130343,39,31,8
130344,28,20,8
130345,28,20,8
130346,5,2,3
130347,28,20,8
130348,7,5,2
130349,73,40,33
130350,73,40,33
130351,73,40,33
130354,73,40,33
130355,51,45,6
130356,15,15,0
130357,18,18,0
130358,18,18,0
130359,18,18,0
130360,18,18,0
130361,15,15,0
130362,12,11,1
130363,3,2,1
130364,13,13,0
130365,13,13,0
130366,73,40,33
130367,73,40,33
130368,73,40,33
130369,20,16,4
130370,20,16,4
130371,45,37,8
130372,6,5,1
130373,9,6,3
130374,31,23,8
130375,145,72,73
130376,145,72,73
130377,145,72,73
130378,32,23,9
130379,14,6,8
130380,51,45,6
130381,51,45,6
130382,51,45,6
130383,51,45,6
130384,51,45,6
130385,51,45,6
130386,51,45,6
130387,51,45,6
130388,51,45,6
130389,51,45,6
130393,17,14,3
130394,17,14,3
130397,58,42,16
130398,34,21,13
130399,5,5,0
130400,5,5,0
130401,34,21,13
130402,20,12,8
130403,58,42,16
130404,58,42,16
130405,58,42,16
130406,48,34,14
130407,58,42,16
130408,58,42,16
130409,48,34,14
130412,52,28,24
130414,58,42,16
130415,2,0,2
130416,2,0,2
130417,48,34,14
130418,48,34,14
130419,33,27,6
130420,6,4,2
130421,38,32,6
130422,38,32,6
130423,38,32,6
130424,38,32,6
130425,31,24,7
130426,31,24,7
130427,31,24,7
130428,5,0,5
130429,5,0,5
130430,31,24,7
130431,31,24,7
130432,56,27,29
130433,56,27,29
130437,56,27,29
130438,51,45,6
130439,8,8,0
130440,11,11,0
130441,11,11,0
130442,11,11,0
130443,8,8,0
130444,6,6,0
130445,56,27,29
130446,56,27,29
130447,38,32,6
130448,38,32,6
130449,6,6,0
130450,4,4,0
130451,51,45,6
130452,13,1,12
130455,33,28,5
130456,33,27,6
130457,8,2,6
130458,51,45,6
130459,51,45,6
130460,51,45,6
130461,51,45,6
130462,51,45,6
130464,51,45,6
130465,51,45,6
130466,51,45,6
130468,51,45,6
130469,51,45,6
130498,38,32,6
130499,38,32,6
130571,38,32,6
130574,38,32,6
130958,83,60,23
130959,83,60,23
130960,18,13,5
130961,18,13,5
130964,13,9,4
130965,3,1,2
130966,3,1,2
130967,3,1,2
130968,3,1,2
130978,35,25,10
130979,55,42,13
130980,55,42,13
130981,55,42,13
130982,35,27,8
130983,90,65,25
130984,90,65,25
130987,90,65,25
130988,87,69,18
130989,12,12,0
130990,13,13,0
130991,13,13,0
130992,13,13,0
130993,7,7,0
130994,7,7,0
130995,90,65,25
130996,90,65,25
130997,55,42,13
130998,55,42,13
130999,18,14,4
131000,18,14,4
131001,6,6,0
131002,87,69,18
131003,14,8,6
131004,9,4,5
131005,30,20,10
131006,14,9,5
131007,87,69,18
131008,87,69,18
131009,87,69,18
131010,87,69,18
131013,8,6,2
131014,8,6,2
131033,22,4,18
131034,22,16,6
131035,19,14,5
131036,19,14,5
131037,19,14,5
131038,19,14,5
131039,21,17,4
131040,3,1,2
131041,22,4,18
131042,22,4,18
131043,13,8,5
131055,22,4,18
131056,1,1,0
131057,1,1,0
131058,1,1,0
131059,1,1,0
131064,13,8,5
131065,11,1,10
131066,2,1,1
131071,22,17,5
131072,3,1,2
131073,22,16,6
131074,8,4,4
131075,13,8,5
131076,13,8,5
131077,13,8,5
131078,13,8,5
131079,13,8,5
131080,13,8,5
131081,13,8,5
131082,13,8,5
131083,6,5,1
131084,64,52,12
131092,13,7,6
131093,25,19,6
131096,22,16,6
131097,22,16,6
131098,22,16,6
131099,22,16,6
131100,23,18,5
131101,23,18,5
131102,21,0,21
131103,21,0,21
131104,21,0,21
131105,18,10,8
131115,21,0,21
131116,21,0,21
131117,18,10,8
131118,11,1,10
131119,11,1,10
131120,11,1,10
131121,24,19,5
131123,24,19,5
131124,4,3,1
131125,1,0,1
131126,1,0,1
131127,25,19,6
131128,1,0,1
131129,6,0,6
131130,18,10,8
131131,18,10,8
131132,18,10,8
131133,18,10,8
131134,18,10,8
131135,18,10,8
131136,18,10,8
131137,18,10,8
131138,2,2,0
131157,57,46,11
131158,57,46,11
131159,43,19,24
131160,22,20,2
131161,16,12,4
131162,6,6,0
131163,6,6,0
131164,16,9,7
131165,16,9,7
131166,29,18,11
131168,4,2,2
131169,48,30,18
131170,48,30,18
131171,48,30,18
131172,48,30,18
131173,37,24,13
131174,3,2,1
131175,3,2,1
131176,31,20,11
131177,29,18,11
131178,38,19,19
131179,17,15,2
131180,40,27,13
131181,40,27,13
131182,8,7,1
131183,6,5,1
131184,16,9,7
131185,10,7,3
131186,7,5,2
131187,10,7,3
131188,40,27,13
131189,40,27,13
131190,31,19,12
131191,31,19,12
131192,5,1,4
131193,5,1,4
131194,31,19,12
131195,14,10,4
131196,14,10,4
131197,4,0,4
131198,4,0,4
131199,14,10,4
131200,14,10,4
131201,9,6,3
131202,9,6,3
131203,9,6,3
131204,11,8,3
131205,18,8,10
131206,18,8,10
131207,10,7,3
131209,18,8,10
131210,10,7,3
131211,11,8,3
131212,10,7,3
131213,87,46,41
131214,87,46,41
131221,18,12,6
131222,18,12,6
131224,87,46,41
131225,36,25,11
131226,16,13,3
131227,17,12,5
131228,17,12,5
131229,17,12,5
131230,17,12,5
131231,16,13,3
131232,11,10,1
131233,10,9,1
131234,10,9,1
131235,87,46,41
131236,87,46,41
131237,13,11,2
131238,13,11,2
131239,5,2,3
131240,5,2,3
131241,42,31,11
131242,6,2,4
131243,6,2,4
131244,7,3,4
131245,27,19,8
131246,11,9,2
131247,38,19,19
131248,14,9,5
131249,36,25,11
131250,36,25,11
131251,36,25,11
131252,36,25,11
131253,36,25,11
131254,36,25,11
131255,36,25,11
131256,36,25,11
131257,27,14,13
131258,27,14,13
131259,27,14,13
131260,27,14,13
131269,4,4,0
131270,4,4,0
131271,10,10,0
131272,47,33,14
131273,47,33,14
131274,2,2,0
131278,45,31,14
131281,77,64,13
131282,11,11,0
131284,26,21,5
131285,29,21,8
131286,29,21,8
131287,29,21,8
131288,29,21,8
131289,28,21,7
131290,28,21,7
131291,8,5,3
131292,8,5,3
131293,28,21,7
131294,28,7,21
131295,28,7,21
131298,28,7,21
131299,26,20,6
131307,28,7,21
131308,28,7,21
131309,1,1,0
131310,1,1,0
131311,1,1,0
131312,26,20,6
131313,11,0,11
131316,27,22,5
131325,2,2,0
131326,2,2,0
131329,2,2,0
131332,26,21,5
131333,8,4,4
131334,26,20,6
131335,26,20,6
131336,26,20,6
131337,26,20,6
131338,26,20,6
131339,26,20,6
131340,26,20,6
131341,26,20,6
131342,26,20,6
131344,30,21,9
131345,2,1,1
131346,2,1,1
131347,35,23,12
131348,35,23,12
131349,35,23,12
131350,35,23,12
131351,37,26,11
131352,52,28,24
131353,52,28,24
131354,52,28,24
131355,40,30,10
131356,9,7,2
131357,11,8,3
131358,11,8,3
131359,11,8,3
131360,52,28,24
131361,52,28,24
131362,14,6,8
131363,9,9,0
131364,40,30,10
131365,3,1,2
131368,31,21,10
131369,12,6,6
131370,40,30,10
131371,40,30,10
131372,40,30,10
131373,40,30,10
131374,40,30,10
131375,40,30,10
131376,40,30,10
131377,40,30,10
131378,20,14,6
131382,44,33,11
131383,44,33,11
131405,22,18,4
131406,36,29,7
131407,6,4,2
131408,6,4,2
131409,6,4,2
131410,8,6,2
131411,8,1,7
131414,8,1,7
131415,2,2,0
131416,8,4,4
131417,5,0,5
131418,3,1,2
131419,3,1,2
131420,5,0,5
131421,8,4,4
131422,8,4,4
131423,36,29,7
131424,28,21,7
131438,67,50,17
131439,67,50,17
131440,67,50,17
131441,58,58,0
131442,17,16,1
131443,11,10,1
131444,67,50,17
131445,16,16,0
131446,17,13,4
131447,9,7,2
131448,58,58,0
131449,58,58,0
131450,58,58,0
131451,58,58,0
131452,9,8,1
131453,9,7,2
131454,9,8,1
131455,110,45,65
131456,32,24,8
131457,9,8,1
131458,9,8,1
131459,10,8,2
131460,45,38,7
131461,45,38,7
131462,45,38,7
131463,11,7,4
131475,40,37,3
131476,6,5,1
131480,8,8,0
131481,8,8,0
131482,8,8,0
131483,9,9,0
131484,15,12,3
131485,1,1,0
131486,10,3,7
131489,5,5,0
131490,1,0,1
131491,4,1,3
131492,3,1,2
131493,6,0,6
131494,6,0,6
131495,5,5,0
131496,10,3,7
131497,10,3,7
131500,10,3,7
131501,70,53,17
131502,5,4,1
131503,5,4,1
131504,4,1,3
131505,5,4,1
131508,19,14,5
131509,28,23,5
131510,28,23,5
131511,28,23,5
131512,28,23,5
131513,47,28,19
131514,47,28,19
131515,47,28,19
131516,43,37,6
131517,8,8,0
131518,7,7,0
131519,7,7,0
131520,7,7,0
131521,7,7,0
131522,7,7,0
131523,7,7,0
131524,47,28,19
131525,47,28,19
131526,8,8,0
131527,8,8,0
131528,8,8,0
131529,8,8,0
131530,3,3,0
131531,3,3,0
131532,3,3,0
131533,3,3,0
131534,43,37,6
131535,15,3,12
131540,19,14,5
131542,43,37,6
131543,43,37,6
131544,43,37,6
131545,70,53,17
131551,17,12,5
131552,15,12,3
131553,5,4,1
131554,5,4,1
131555,14,14,0
131556,14,14,0
131557,14,14,0
131558,14,14,0
131559,13,13,0
131560,6,6,0
131561,6,6,0
131562,16,16,0
131568,3,3,0
131571,16,16,0
131572,17,12,5
131573,16,16,0
131574,16,16,0
131575,16,16,0
131576,16,16,0
131584,12,9,3
131585,12,9,3
131586,2,2,0
131589,110,45,65
131592,110,45,65
131593,76,54,22
131594,16,8,8
131595,38,22,16
131596,16,16,0
131597,16,16,0
131598,7,7,0
131599,7,7,0
131600,76,54,22
131609,12,10,2
131610,11,10,1
131618,40,37,3
131619,65,42,23
131620,65,42,23
131621,1,0,1
131622,1,0,1
131623,1,0,1
131624,76,54,22
131629,31,26,5
131630,20,17,3
131631,8,7,1
131632,4,1,3
131633,1,0,1
131636,8,7,1
131637,26,19,7
131638,20,14,6
131639,20,14,6
131640,20,14,6
131641,26,20,6
131642,25,3,22
131643,25,3,22
131644,18,12,6
131648,25,3,22
131649,18,12,6
131650,2,0,2
131651,20,14,6
131652,20,14,6
131653,20,14,6
131654,25,3,22
131655,25,3,22
131656,18,12,6
131658,25,3,22
131659,18,12,6
131660,26,19,7
131661,18,12,6
131662,18,12,6
131663,18,12,6
131664,25,19,6
131665,18,12,6
131666,18,12,6
131667,18,12,6
131668,66,48,18
131669,66,48,18
131670,61,53,8
131671,66,48,18
131679,18,16,2
131680,18,16,2
131681,18,16,2
131682,12,7,5
131683,61,53,8
131685,49,40,9
131686,11,6,5
131687,11,6,5
131688,11,6,5
131689,10,1,9
131690,10,1,9
131691,10,6,4
131693,10,1,9
131694,10,1,9
131695,3,0,3
131696,10,6,4
131697,10,6,4
131698,10,6,4
131699,10,6,4
131705,17,13,4
131706,25,20,5
131707,25,20,5
131708,25,20,5
131709,14,11,3
131710,34,23,11
131711,34,23,11
131712,40,37,3
131713,7,7,0
131714,10,10,0
131715,10,10,0
131716,10,10,0
131717,7,7,0
131718,7,7,0
131719,8,8,0
131720,34,23,11
131721,4,1,3
131722,40,37,3
131723,3,2,1
131724,13,9,4
131725,1,0,1
131726,6,3,3
131727,40,37,3
131729,28,25,3
131730,4,4,0
131782,28,25,3
131783,72,47,25
131784,3,0,3
131785,3,0,3
131786,27,21,6
131787,27,21,6
131788,27,21,6
131799,72,47,25
131800,94,67,27
131801,5,5,0
131802,5,5,0
131803,72,47,25
131804,7,6,1
131807,25,17,8
131808,25,17,8
131809,2,1,1
131810,22,15,7
131811,2,1,1
131812,20,12,8
131813,20,12,8
131814,20,12,8
131815,24,15,9
131816,29,8,21
131817,29,8,21
131818,29,8,21
131821,29,8,21
131822,16,9,7
131825,29,8,21
131826,29,8,21
131827,20,12,8
131828,6,1,5
131830,1,1,0
131831,4,0,4
131832,22,15,7
131834,6,2,4
131835,16,9,7
131836,16,9,7
131837,16,9,7
131838,16,9,7
131839,16,9,7
131840,16,9,7
131841,16,9,7
131842,16,9,7
131843,4,4,0
131844,4,4,0
131848,26,20,6
131849,14,12,2
131850,3,2,1
131851,3,2,1
131852,14,13,1
131853,14,13,1
131854,14,13,1
131855,12,12,0
131856,5,5,0
131857,5,5,0
131858,12,11,1
131860,5,5,0
131861,2,2,0
131863,12,11,1
131864,7,0,7
131865,26,20,6
131866,4,1,3
131867,12,11,1
131868,12,11,1
131869,12,11,1
131870,12,11,1
131871,12,11,1
131872,18,12,6
131873,72,47,25
131874,2,2,0
131875,2,2,0
131876,47,34,13
131877,47,34,13
131878,70,53,17
131879,70,53,17
131881,82,64,18
131882,70,53,17
131883,1,0,1
131884,1,0,1
131885,110,45,65
131894,36,26,10
131895,67,52,15
131896,67,52,15
131897,64,50,14
131898,64,50,14
131899,16,10,6
131901,16,10,6
131914,7,7,0
131915,7,7,0
131916,13,11,2
131917,11,9,2
131918,11,9,2
131919,11,9,2
131920,12,10,2
131921,12,10,2
131924,14,2,12
131925,14,2,12
131926,9,7,2
131928,13,11,2
131929,9,7,2
131930,9,7,2
131931,9,7,2
131932,9,7,2
131935,1,0,1
131936,1,0,1
131938,1,0,1
131942,2,0,2
131944,14,10,4
131945,76,54,22
131946,76,54,22
131947,76,54,22
131948,76,54,22
131950,59,43,16
131951,21,11,10
131954,38,36,2
131955,2,2,0
131956,51,48,3
131957,59,43,16
131962,22,18,4
131963,22,18,4
131964,8,6,2
131965,8,6,2
131966,36,26,10
131979,20,18,2
131980,20,18,2
131981,24,22,2
131983,24,22,2
131984,20,18,2
131985,16,7,9
131986,16,7,9
131990,1,1,0
131991,1,1,0
131996,24,18,6
131997,30,19,11
131998,30,19,11
131999,30,19,11
132000,30,19,11
132001,28,22,6
132002,42,20,22
132003,42,20,22
132005,42,20,22
132006,37,30,7
132007,10,10,0
132008,10,10,0
132009,10,10,0
132010,10,10,0
132011,10,10,0
132012,10,10,0
132013,12,11,1
132014,11,11,0
132015,11,11,0
132016,1,0,1
132017,9,9,0
132018,9,9,0
132019,42,20,22
132020,42,20,22
132021,1,1,0
132022,7,3,4
132023,7,3,4
132026,4,4,0
132027,4,4,0
132028,4,4,0
132029,4,4,0
132033,37,30,7
132034,18,7,11
132035,3,2,1
132036,28,21,7
132037,2,0,2
132038,24,18,6
132039,11,7,4
132040,37,30,7
132041,37,30,7
132042,37,30,7
132043,37,30,7
132044,37,30,7
132045,37,30,7
132046,37,30,7
132047,37,30,7
132048,72,38,34
132049,22,20,2
132050,29,23,6
132051,44,42,2
132052,29,23,6
132053,44,42,2
132054,44,42,2
132056,72,38,34
132057,39,39,0
132058,39,39,0
132059,39,39,0
132060,39,39,0
132061,39,39,0
132062,39,39,0
132063,39,39,0
132064,39,39,0
132065,3,3,0
132076,3,3,0
132077,67,41,26
132081,42,38,4
132082,18,18,0
132083,18,18,0
132087,4,0,4
132088,6,0,6
132089,6,0,6
132090,6,0,6
132091,6,0,6
132099,26,21,5
132100,40,34,6
132101,40,34,6
132102,40,34,6
132103,25,24,1
132104,26,21,5
132105,59,43,16
132106,62,51,11
132107,7,7,0
132108,12,12,0
132109,12,12,0
132110,40,34,6
132111,40,34,6
132112,62,51,11
132113,9,4,5
132114,62,51,11
132115,62,51,11
132116,62,51,11
132117,62,51,11
132118,67,41,26
132119,67,41,26
132127,19,18,1
132128,32,29,3
132129,32,29,3
132130,32,29,3
132131,18,17,1
132132,32,28,4
132133,32,28,4
132135,32,28,4
132136,54,50,4
132137,6,5,1
132139,32,28,4
132140,32,28,4
132141,6,6,0
132142,6,6,0
132143,6,6,0
132144,6,6,0
132145,4,2,2
132146,4,2,2
132147,4,2,2
132148,54,50,4
132150,13,12,1
132166,13,12,1
132168,3,2,1
132171,23,20,3
132172,54,50,4
132173,71,25,46
132177,37,29,8
132178,51,27,24
132179,51,27,24
132180,51,27,24
132181,51,27,24
132182,36,30,6
132186,26,19,7
132187,27,19,8
132188,27,19,8
132189,27,19,8
132190,27,19,8
132191,28,19,9
132192,28,19,9
132193,5,2,3
132194,5,2,3
132195,28,19,9
132196,26,5,21
132197,26,5,21
132198,26,5,21
132200,26,5,21
132201,27,20,7
132206,26,5,21
132207,26,5,21
132208,26,5,21
132209,27,20,7
132210,26,19,7
132211,5,1,4
132212,27,20,7
132213,27,20,7
132214,27,20,7
132215,27,20,7
132216,27,20,7
132217,27,20,7
132218,27,20,7
132219,27,20,7
132222,71,25,46
132223,71,25,46
132224,38,17,21
132225,15,9,6
132226,15,9,6
132227,38,17,21
132231,1,1,0
132232,1,1,0
132233,27,17,10
132234,6,4,2
132235,6,4,2
132236,5,0,5
132237,5,0,5
132238,6,4,2
132239,6,4,2
132240,56,42,14
132241,56,42,14
132243,62,55,7
132244,6,4,2
132245,6,4,2
132246,62,55,7
132247,8,8,0
132248,8,8,0
132249,71,25,46
132251,24,18,6
132252,39,26,13
132253,39,26,13
132254,21,15,6
132255,72,46,26
132256,72,46,26
132257,19,13,6
132258,19,13,6
132260,51,31,20
132261,72,46,26
132262,72,46,26
132263,12,8,4
132264,9,6,3
132265,51,31,20
132266,51,31,20
132267,51,31,20
132268,51,31,20
132269,51,31,20
132270,51,31,20
132271,27,18,9
132273,34,24,10
132274,34,24,10
132275,10,7,3
132276,10,7,3
132277,34,24,10
132278,34,24,10
132279,24,20,4
132280,27,18,9
132281,6,3,3
132282,6,3,3
132283,55,32,23
132284,55,32,23
132285,44,28,16
132286,9,9,0
132287,8,8,0
132288,8,8,0
132289,8,8,0
132290,8,8,0
132291,9,9,0
132292,10,9,1
132293,2,1,1
132294,3,1,2
132295,10,9,1
132296,10,9,1
132297,55,32,23
132298,4,4,0
132299,4,4,0
132300,44,28,16
132301,14,4,10
132302,4,3,1
132303,23,19,4
132304,7,4,3
132305,27,18,9
132306,19,5,14
132307,19,5,14
132308,19,5,14
132309,44,28,16
132310,44,28,16
132311,44,28,16
132312,44,28,16
132313,44,28,16
132314,44,28,16
132315,44,28,16
132316,44,28,16
132317,9,0,9
132318,38,17,21
132319,38,17,21
132320,38,17,21
132321,38,17,21
132322,38,17,21
132323,38,17,21
132324,38,17,21
132325,38,17,21
132326,38,17,21
132327,38,17,21
132331,10,0,10
132332,10,0,10
132333,2,0,2
132334,2,0,2
132335,18,11,7
132339,4,0,4
132340,4,0,4
132341,4,0,4
132343,4,0,4
132344,4,0,4
132345,18,11,7
132346,4,0,4
132349,39,24,15
132350,1,0,1
132351,1,0,1
132365,39,24,15
132366,39,24,15
132368,39,24,15
132374,12,9,3
132375,12,9,3
132376,14,9,5
132377,17,7,10
132378,17,7,10
132379,21,16,5
132380,17,7,10
132381,5,0,5
132382,5,0,5
132383,12,9,3
132384,21,16,5
132385,21,16,5
132386,21,16,5
132387,21,16,5
132388,21,14,7
132389,21,14,7
132392,2,0,2
132394,2,0,2
132395,2,2,0
132396,2,2,0
132397,27,18,9
132398,1,0,1
132399,1,0,1
132400,34,29,5
132401,34,29,5
132402,24,17,7
132403,39,24,15
132404,38,33,5
132405,9,9,0
132406,2,2,0
132407,3,3,0
132408,3,3,0
132409,3,3,0
132410,1,1,0
132411,1,1,0
132412,38,33,5
132413,2,2,0
132414,38,33,5
132415,38,33,5
132416,38,33,5
132417,38,33,5
132418,38,33,5
132419,38,33,5
132420,38,33,5
132421,38,33,5
132423,6,2,4
132424,5,2,3
132425,5,2,3
132426,6,2,4
132427,7,3,4
132428,1,0,1
132431,6,3,3
132433,6,2,4
132439,36,26,10
132442,58,48,10
132443,145,72,73
132466,1,1,0
132467,7,5,2
132468,6,4,2
132469,7,5,2
132470,7,7,0
132471,7,7,0
132474,2,0,2
132494,8,6,2
132496,10,10,0
132497,10,10,0
132498,10,10,0
132499,10,10,0
132500,9,7,2
132501,13,11,2
132502,13,11,2
132503,14,12,2
132504,14,0,14
132505,14,0,14
132506,9,7,2
132509,9,7,2
132510,9,7,2
132511,9,7,2
132512,9,7,2
132513,9,7,2
132514,9,7,2
132515,9,7,2
132516,9,7,2
132517,9,7,2
132528,5,5,0
132529,5,5,0
132555,11,11,0
132556,11,11,0
132557,55,41,14
132558,55,41,14
132559,33,32,1
132560,18,13,5
132561,27,20,7
132562,27,20,7
132563,27,20,7
132564,19,12,7
132565,26,14,12
132566,26,14,12
132567,26,14,12
132568,45,38,7
132569,4,4,0
132570,26,14,12
132571,45,38,7
132572,12,6,6
132578,12,6,6
132590,205,166,39
132591,205,166,39
132592,205,166,39
132593,205,166,39
132595,33,30,3
132596,52,45,7
132597,52,45,7
132598,52,45,7
132599,52,45,7
132600,41,30,11
132601,41,30,11
132602,15,6,9
132603,15,6,9
132604,41,18,23
132605,33,30,3
132606,11,11,0
132607,17,10,7
132608,17,10,7
132609,9,6,3
132610,6,2,4
132611,6,2,4
132612,4,0,4
132614,6,2,4
132615,6,2,4
132616,17,10,7
132617,51,29,22
132618,32,18,14
132628,51,29,22
132629,11,11,0
132636,32,18,14
132644,205,166,39
132645,205,166,39
132646,2,0,2
132647,2,0,2
132651,205,166,39
132652,50,37,13
132653,45,41,4
132654,64,54,10
132655,64,54,10
132656,64,54,10
132657,45,41,4
132658,96,90,6
132659,66,61,5
132660,66,61,5
132661,11,9,2
132662,6,3,3
132663,42,36,6
132664,42,36,6
132665,205,166,39
132666,205,166,39
132667,5,5,0
132668,5,5,0
132671,57,33,24
132672,44,24,20
132673,1,0,1
132674,1,0,1
132675,27,25,2
132676,7,2,5
132679,7,2,5
132680,8,7,1
132686,74,59,15
132687,74,59,15
132690,8,6,2
132691,8,6,2
132713,53,31,22
132714,8,8,0
132715,53,31,22
132717,13,11,2
132718,13,11,2
132723,4,4,0
132724,4,4,0
132725,33,26,7
132726,73,45,28
132727,7,7,0
132728,7,7,0
132729,10,8,2
132739,10,8,2
132741,8,8,0
132746,8,8,0
132747,8,8,0
132756,11,8,3
132757,11,8,3
132758,20,15,5
132759,20,15,5
132760,14,6,8
132764,14,6,8
132765,20,15,5
132766,20,15,5
132767,10,9,1
132769,139,98,41
132770,23,20,3
132773,23,20,3
132779,1,1,0
132787,5,1,4
132800,2,0,2
132801,2,0,2
132802,4,0,4
132803,2,0,2
132804,2,0,2
132806,36,29,7
132807,36,29,7
132809,2,2,0
132812,20,15,5
132813,20,15,5
132815,20,15,5
132816,20,15,5
132817,12,4,8
132821,205,166,39
132822,205,166,39
132823,84,64,20
132826,205,166,39
132827,2,2,0
132828,8,7,1
132829,8,7,1
132830,1,1,0
132833,1,1,0
132836,1,1,0
132858,5,4,1
132859,5,4,1
132860,2,0,2
132863,3,2,1
132865,8,7,1
132866,10,0,10
132867,2,1,1
132873,2,1,1
132874,2,1,1
132875,2,1,1
132876,2,1,1
132877,2,1,1
132878,2,1,1
132879,3,2,1
132880,5,5,0
132881,5,5,0
132882,33,30,3
132883,20,8,12
132884,50,37,13
132885,50,37,13
132886,50,37,13
132887,50,37,13
132888,50,37,13
132889,50,37,13
132890,50,37,13
132891,50,37,13
132892,50,37,13
132893,50,37,13
132894,50,37,13
132895,50,37,13
132896,2,2,0
132897,2,2,0
132898,9,8,1
132900,8,3,5
132901,3,2,1
132902,2,1,1
132903,13,10,3
132904,2,1,1
132905,6,6,0
132908,6,6,0
132909,86,66,20
132910,79,75,4
132911,86,66,20
132912,2,2,0
132913,2,2,0
132914,12,10,2
132915,12,10,2
132917,2,2,0
132918,10,4,6
132920,10,4,6
132921,25,18,7
132930,25,18,7
132931,79,75,4
132932,79,75,4
132933,79,75,4
132934,79,75,4
132935,79,75,4
132936,45,34,11
132957,45,34,11
132958,9,9,0
132967,12,6,6
132970,12,6,6
132975,63,48,15
132976,86,68,18
132977,86,68,18
132978,86,68,18
132979,86,68,18
132980,53,39,14
132981,130,90,40
132982,130,90,40
132983,130,90,40
132984,188,144,44
132985,29,27,2
132986,48,42,6
132987,48,42,6
132988,48,42,6
132989,29,27,2
132990,27,26,1
132991,20,19,1
132992,20,19,1
132993,20,19,1
132994,20,19,1
132995,130,90,40
132996,130,90,40
132997,188,144,44
132998,13,8,5
132999,51,39,12
133000,63,48,15
133001,28,20,8
133002,188,144,44
133003,188,144,44
133004,188,144,44
133005,52,43,9
133006,76,67,9
133007,76,67,9
133008,76,67,9
133009,76,67,9
133010,58,52,6
133011,179,147,32
133012,179,147,32
133013,203,179,24
133014,16,15,1
133015,37,35,2
133016,16,15,1
133017,8,8,0
133018,203,179,24
133019,37,23,14
133020,12,11,1
133021,12,11,1
133022,12,11,1
133023,12,11,1
133024,12,11,1
133025,13,11,2
133026,13,11,2
133027,3,0,3
133028,3,0,3
133029,13,11,2
133030,13,13,0
133033,13,13,0
133034,18,18,0
133038,2,0,2
133039,12,11,1
133040,4,0,4
133041,18,18,0
133042,18,18,0
133043,59,55,4
133044,30,22,8
133045,203,179,24
133046,203,179,24
133047,143,116,27
133048,143,116,27
133049,191,123,68
133050,191,123,68
133055,105,82,23
133056,31,23,8
133078,3,3,0
133079,1,1,0
133080,65,52,13
133224,65,52,13
133297,2,2,0
133298,2,2,0
133300,1,1,0
133301,1,1,0
133304,15,13,2
133305,15,13,2
133306,15,13,2
133308,15,13,2
133324,191,123,68
133325,30,26,4
133326,41,30,11
133327,41,30,11
133328,41,30,11
133344,36,30,6
133345,5,3,2
133346,87,60,27
133347,7,7,0
133348,20,9,11
133349,5,4,1
133350,5,4,1
133351,30,23,7
133352,31,31,0
133353,31,31,0
133354,31,31,0
133355,6,4,2
133369,2,0,2
133371,15,10,5
133372,15,10,5
133373,87,60,27
133374,87,60,27
133375,87,60,27
133376,87,60,27
133377,87,60,27
133378,23,20,3
133379,5,5,0
133380,5,5,0
133381,252,162,90
133382,6,5,1
133383,6,5,1
133384,143,116,27
133391,143,116,27
133393,7,7,0
133394,8,5,3
133395,32,32,0
133396,32,32,0
133397,14,8,6
133398,32,32,0
133399,36,22,14
133400,179,135,44
133401,9,6,3
133402,58,46,12
133404,58,46,12
133405,9,8,1
133406,9,8,1
133407,6,4,2
133408,169,130,39
133409,18,16,2
133410,58,40,18
133411,205,166,39
133412,286,131,155
133413,5,2,3
133414,9,4,5
133421,35,30,5
133422,35,30,5
133423,116,62,54
133424,8,3,5
133425,8,3,5
133517,142,141,1
133518,142,141,1
133519,142,141,1
133525,23,15,8
133528,92,42,50
133529,92,42,50
133530,92,42,50
133531,92,42,50
133532,92,42,50
133535,46,9,37
133536,46,9,37
133537,46,9,37
133547,46,9,37
133548,46,9,37
133549,46,9,37
133550,46,9,37
133555,1,1,0
133556,1,1,0
133557,1,1,0
133558,1,1,0
133559,1,1,0
133560,1,1,0
133583,2,2,0
133586,7,6,1
133590,7,6,1
133592,33,10,23
133594,33,10,23
133595,29,8,21
133596,12,6,6
133597,15,7,8
133598,15,7,8
133599,15,7,8
133600,29,8,21
133601,13,9,4
133602,3,1,2
133603,14,7,7
133604,14,7,7
133605,46,9,37
133606,46,9,37
133607,46,9,37
133610,19,10,9
133611,19,10,9
133612,19,10,9
133613,15,10,5
133614,31,7,24
133615,31,7,24
133616,31,7,24
133617,14,9,5
133618,21,20,1
133619,9,2,7
133620,12,7,5
133621,12,7,5
133622,46,9,37
133626,4,4,0
133627,4,4,0
133649,3,2,1
133650,142,141,1
133651,22,12,10
133652,46,9,37
133655,7,2,5
133656,7,2,5
133660,3,0,3
133661,3,0,3
133662,20,15,5
133667,2,0,2
133670,2,0,2
133681,5,4,1
133682,157,74,83
133684,20,13,7
133685,28,14,14
133686,14,7,7
133688,4,2,2
133689,4,2,2
133690,28,14,14
133691,15,8,7
133692,7,5,2
133693,7,5,2
133696,15,8,7
133697,19,9,10
133698,15,8,7
133699,15,7,8
133700,3,0,3
133701,3,0,3
133702,15,7,8
133703,15,7,8
133704,1,0,1
133705,14,9,5
133706,23,10,13
133707,23,10,13
133708,23,10,13
133709,26,11,15
133711,23,10,13
133712,23,10,13
133714,26,11,15
133717,13,8,5
133718,26,11,15
133719,28,28,0
133720,38,14,24
133721,38,14,24
133738,8,4,4
133739,8,6,2
133740,100,48,52
133741,6,5,1
133742,1,0,1
133745,112,54,58
133746,32,24,8
133747,8,0,8
133748,2,0,2
133749,2,0,2
133750,8,0,8
133752,2,0,2
133753,2,0,2
133754,2,0,2
133755,2,0,2
133756,34,24,10
133757,34,24,10
133758,34,24,10
133759,34,24,10
133760,33,21,12
133761,33,21,12
133762,3,0,3
133763,97,48,49
133764,97,48,49
133765,63,35,28
133766,9,8,1
133767,10,8,2
133768,10,8,2
133769,10,8,2
133770,3,3,0
133771,6,6,0
133772,6,6,0
133773,97,48,49
133774,63,35,28
133776,12,9,3
133777,10,7,3
133778,12,5,7
133779,12,5,7
133781,12,7,5
133782,12,5,7
133783,5,0,5
133784,5,0,5
133786,12,7,5
133787,12,7,5
133788,12,7,5
133789,12,7,5
133790,9,6,3
133791,10,10,0
133792,10,10,0
133793,26,22,4
133796,2,0,2
133806,5,4,1
133807,5,4,1
133808,6,6,0
133809,6,6,0
133811,7,6,1
133812,7,6,1
133813,8,7,1
133818,10,0,10
133819,6,5,1
133821,6,5,1
133822,6,5,1
133823,6,5,1
133824,6,5,1
133825,32,24,8
133826,9,4,5
133827,63,35,28
133828,63,35,28
133829,63,35,28
133830,63,35,28
133831,63,35,28
133832,63,35,28
133833,63,35,28
133834,63,35,28
133835,116,62,54
133836,11,4,7
133837,11,4,7
133839,11,4,7
133840,20,17,3
133843,18,14,4
133844,18,14,4
133845,18,14,4
133846,18,14,4
133847,20,17,3
133853,19,1,18
133854,19,1,18
133855,18,14,4
133867,19,1,18
133868,18,14,4
133869,11,1,10
133870,2,1,1
133871,21,17,4
133872,20,17,3
133873,8,4,4
133874,18,14,4
133875,18,14,4
133876,18,14,4
133877,18,14,4
133878,18,14,4
133879,18,14,4
133880,18,14,4
133881,18,14,4
133882,1,1,0
133883,1,1,0
133884,1,1,0
133885,1,1,0
133887,14,12,2
133888,14,12,2
133889,2,0,2
133890,2,0,2
133891,4,0,4
133892,4,0,4
133901,139,112,27
133902,139,112,27
133903,174,125,49
133904,174,125,49
133906,8,6,2
133907,7,4,3
133908,7,4,3
133913,21,15,6
133914,11,6,5
133915,11,6,5
133916,21,15,6
133939,7,3,4
133940,2,0,2
133941,2,0,2
133943,7,3,4
133944,83,70,13
133945,83,70,13
133946,2,2,0
133947,91,77,14
133948,5,5,0
133949,5,5,0
133950,2,2,0
133951,91,77,14
133952,83,70,13
133953,83,70,13
133954,17,12,5
133955,17,12,5
133956,19,18,1
133957,19,18,1
133958,10,8,2
133959,10,7,3
133960,10,7,3
133961,10,7,3
133962,11,7,4
133963,11,7,4
133964,3,0,3
133965,3,0,3
133966,11,7,4
133968,11,1,10
133970,11,1,10
133971,13,11,2
133972,10,8,2
133973,3,0,3
133974,13,11,2
133975,1,0,1
134018,3,2,1
134019,15,8,7
134020,3,3,0
134026,3,3,0
134027,6,1,5
134028,15,8,7
134029,7,3,4
134030,7,3,4
134031,7,3,4
134032,7,4,3
134033,7,4,3
134036,15,3,12
134037,7,5,2
134038,15,8,7
134040,27,17,10
134041,38,32,6
134042,21,15,6
134043,49,40,9
134044,49,40,9
134045,49,40,9
134048,1,1,0
134050,49,40,9
134051,40,34,6
134052,49,40,9
134053,49,40,9
134054,8,0,8
134055,8,0,8
134057,12,7,5
134058,33,21,12
134059,17,7,10
134060,17,7,10
134061,33,21,12
134062,87,77,10
134063,87,77,10
134064,137,126,11
134065,32,6,26
134066,8,7,1
134067,6,5,1
134068,6,5,1
134069,6,5,1
134070,6,5,1
134071,8,7,1
134072,34,16,18
134073,10,8,2
134074,10,8,2
134075,10,8,2
134076,32,6,26
134077,25,17,8
134078,25,17,8
134079,25,17,8
134080,25,17,8
134081,25,17,8
134082,25,17,8
134083,25,17,8
134084,25,17,8
134085,25,17,8
134086,25,17,8
134087,25,17,8
134088,25,17,8
134089,104,89,15
134090,8,3,5
134091,104,89,15
134092,22,19,3
134093,32,6,26
134094,2,1,1
134095,2,1,1
134096,2,1,1
134097,2,1,1
134098,22,18,4
134099,4,3,1
134100,6,4,2
134101,20,16,4
134102,23,17,6
134103,137,126,11
134104,158,94,64
134105,55,41,14
134106,55,41,14
134107,55,41,14
134108,55,41,14
134109,204,147,57
134110,12,5,7
134112,12,5,7
134115,2,0,2
134116,2,0,2
134117,151,104,47
134121,88,68,20
134122,88,68,20
134123,88,68,20
134124,74,60,14
134133,14,8,6
134136,151,104,47
134137,1,1,0
134140,88,68,20
134142,6,4,2
134143,88,68,20
134144,27,21,6
134150,27,21,6
134151,138,91,47
134153,12,8,4
134154,12,8,4
134155,13,8,5
134157,16,2,14
134158,16,2,14
134159,16,2,14
134160,11,4,7
134162,16,2,14
134164,11,4,7
134165,11,4,7
134166,11,4,7
134167,11,4,7
134168,11,4,7
134169,54,30,24
134170,12,8,4
134171,13,10,3
134172,13,10,3
134173,20,11,9
134175,23,20,3
134176,56,46,10
134177,17,17,0
134178,17,17,0
134181,29,29,0
134182,29,29,0
134183,29,29,0
134184,29,29,0
134185,29,29,0
134186,29,29,0
134187,56,46,10
134188,138,91,47
134189,138,91,47
134190,6,6,0
134191,6,6,0
134192,8,6,2
134193,56,46,10
134205,151,104,47
134206,13,8,5
134207,17,6,11
134208,17,6,11
134209,13,7,6
134210,32,20,12
134211,32,20,12
134213,32,20,12
134214,16,7,9
134216,32,20,12
134217,32,20,12
134219,3,1,2
134220,3,1,2
134221,1,0,1
134222,1,0,1
134223,16,7,9
134224,18,10,8
134225,4,2,2
134226,16,7,9
134227,56,48,8
134228,56,48,8
134229,56,48,8
134230,15,6,9
134231,56,48,8
134232,30,27,3
134233,30,27,3
134238,56,48,8
134239,38,30,8
134241,38,30,8
134242,39,36,3
134243,7,2,5
134244,7,2,5
134245,3,1,2
134246,5,4,1
134247,6,1,5
134248,7,4,3
134249,3,2,1
134250,3,2,1
134251,3,2,1
134252,38,30,8
134253,39,36,3
134254,82,63,19
134256,7,5,2
134257,7,5,2
134258,7,5,2
134259,7,5,2
134264,1,1,0
134265,7,4,3
134266,7,4,3
134267,7,4,3
134268,7,4,3
134269,2,0,2
134270,2,0,2
134272,2,0,2
134273,5,2,3
134274,5,2,3
134276,5,5,0
134277,5,5,0
134278,42,33,9
134279,46,37,9
134280,46,37,9
134281,82,63,19
134282,82,63,19
134283,33,23,10
134284,33,23,10
134285,82,63,19
134286,97,84,13
134287,6,4,2
134288,6,4,2
134289,82,63,19
134290,82,63,19
134291,10,10,0
134292,10,10,0
134293,29,19,10
134294,29,19,10
134295,14,13,1
134296,12,9,3
134297,97,84,13
134298,97,84,13
134299,97,84,13
134300,97,84,13
134301,97,84,13
134302,82,63,19
134303,49,33,16
134304,69,53,16
134305,69,53,16
134306,15,4,11
134307,69,53,16
134308,69,53,16
134309,57,44,13
134310,13,4,9
134311,13,4,9
134312,4,0,4
134313,4,0,4
134314,4,0,4
134317,13,4,9
134318,13,4,9
134319,41,34,7
134320,104,63,41
134321,104,63,41
134322,113,76,37
134323,16,13,3
134324,26,19,7
134325,26,19,7
134326,26,19,7
134327,16,13,3
134328,9,9,0
134329,9,9,0
134330,18,15,3
134331,104,63,41
134332,113,76,37
134333,35,19,16
134334,9,7,2
134335,50,41,9
134336,49,33,16
134337,113,76,37
134338,113,76,37
134339,113,76,37
134340,113,76,37
134341,79,71,8
134342,79,71,8
134343,15,13,2
134344,15,13,2
134364,79,71,8
134365,40,34,6
134366,40,34,6
134367,40,34,6
134368,40,34,6
134369,21,15,6
134370,93,75,18
134371,93,75,18
134372,50,48,2
134373,1,1,0
134376,5,4,1
134377,21,18,3
134378,50,48,2
134379,156,132,24
134380,35,28,7
134381,36,31,5
134382,36,31,5
134383,2,0,2
134384,1,0,1
134386,3,2,1
134387,3,2,1
134388,15,13,2
134389,15,13,2
134390,7,7,0
134391,7,7,0
134392,25,22,3
134394,3,1,2
134395,3,1,2
134396,3,1,2
134397,3,1,2
134398,24,24,0
134399,24,24,0
134400,24,24,0
134401,8,4,4
134402,27,18,9
134403,27,18,9
134404,5,1,4
134405,5,1,4
134406,5,1,4
134407,5,1,4
134411,8,4,4
134413,8,4,4
134414,57,50,7
134415,57,50,7
134416,55,47,8
134417,8,8,0
134418,8,8,0
134419,8,8,0
134420,7,7,0
134421,14,14,0
134425,25,22,3
134426,55,47,8
134427,55,47,8
134428,55,47,8
134429,55,47,8
134430,55,47,8
134431,55,47,8
134432,55,47,8
134433,55,47,8
134437,12,7,5
134439,34,33,1
134441,174,125,49
134442,21,17,4
134443,36,31,5
134444,36,31,5
134445,11,8,3
134450,77,64,13
134456,82,67,15
134457,77,64,13
134458,10,9,1
134459,10,9,1
134460,10,6,4
134462,3,3,0
134463,3,3,0
134472,4,3,1
134473,3,1,2
134474,4,3,1
134475,21,19,2
134476,21,19,2
134477,1,1,0
134478,1,1,0
134480,14,11,3
134481,17,16,1
134482,17,16,1
134486,13,13,0
134495,17,15,2
134496,125,109,16
134497,41,40,1
134504,3,2,1
134505,3,2,1
134506,3,1,2
134514,15,15,0
134515,17,17,0
134516,17,17,0
134517,17,17,0
134518,17,17,0
134519,15,15,0
134520,20,20,0
134521,2,0,2
134522,15,14,1
134523,15,14,1
134524,5,5,0
134526,5,5,0
134527,125,109,16
134528,11,1,10
134529,11,1,10
134530,24,16,8
134531,27,16,11
134532,27,16,11
134533,27,16,11
134534,26,14,12
134535,57,30,27
134536,57,30,27
134537,57,30,27
134538,30,17,13
134541,30,17,13
134542,4,0,4
134543,30,17,13
134544,30,17,13
134545,30,17,13
134546,30,17,13
134547,30,17,13
134548,30,17,13
134549,30,17,13
134550,30,17,13
134551,6,3,3
134552,125,109,16
134553,125,109,16
134555,125,109,16
134556,125,109,16
134557,7,7,0
134558,7,7,0
134559,7,7,0
134560,7,7,0
134564,1,1,0
134565,1,1,0
134566,20,11,9
134567,24,14,10
134568,24,14,10
134569,24,14,10
134570,24,14,10
134571,26,16,10
134572,53,31,22
134573,53,31,22
134574,53,31,22
134575,47,38,9
134576,10,8,2
134577,9,6,3
134578,9,6,3
134579,9,6,3
134580,10,8,2
134581,8,7,1
134582,8,7,1
134583,8,7,1
134584,53,31,22
134585,53,31,22
134586,15,14,1
134587,15,14,1
134588,1,1,0
134589,1,1,0
134590,33,21,12
134591,3,1,2
134592,32,20,12
134593,2,0,2
134594,20,11,9
134595,11,2,9
134596,47,38,9
134597,47,38,9
134598,47,38,9
134599,47,38,9
134600,47,38,9
134601,47,38,9
134602,47,38,9
134603,47,38,9
134604,32,27,5
134605,32,27,5
134606,6,2,4
134607,6,2,4
134608,6,2,4
134609,6,2,4
134610,6,2,4
134611,6,2,4
134612,6,2,4
134613,6,2,4
134614,104,89,15
134615,104,89,15
134616,104,89,15
134617,14,11,3
134618,11,4,7
134619,6,5,1
134620,6,5,1
134621,2,0,2
134622,9,9,0
134623,47,38,9
134624,47,38,9
134625,47,38,9
134626,47,38,9
134627,47,38,9
134628,47,38,9
134629,47,38,9
134630,47,38,9
134632,2,2,0
134633,17,13,4
134634,2,2,0
134655,17,13,4
134656,34,34,0
134657,34,34,0
134658,34,34,0
134660,34,34,0
134662,3,0,3
134663,41,38,3
134664,41,38,3
134667,41,38,3
134668,28,24,4
134669,28,24,4
134670,155,121,34
134671,8,2,6
134672,8,2,6
134673,58,51,7
134674,58,51,7
134675,58,51,7
134676,7,3,4
134677,7,3,4
134678,6,2,4
134679,9,5,4
134680,7,3,4
134681,7,3,4
134685,9,5,4
134686,49,42,7
134687,67,39,28
134688,67,39,28
134689,67,39,28
134692,18,17,1
134693,18,17,1
134694,3,2,1
134695,3,2,1
134696,80,70,10
134697,15,14,1
134698,8,7,1
134699,12,8,4
134700,46,41,5
134701,8,5,3
134702,46,41,5
134703,36,30,6
134704,18,17,1
134705,33,29,4
134706,33,29,4
134707,33,29,4
134708,33,29,4
134709,18,17,1
134710,52,37,15
134713,27,24,3
134714,1,0,1
134715,22,20,2
134716,22,20,2
134717,155,121,34
134718,56,48,8
134719,56,48,8
134720,56,48,8
134721,56,48,8
134722,56,48,8
134723,56,48,8
134724,56,48,8
134725,56,48,8
134726,56,48,8
134727,56,48,8
134728,56,48,8
134729,56,48,8
134730,1,0,1
134731,1,0,1
134734,1,0,1
134736,46,41,5
134738,6,3,3
134739,6,3,3
134740,7,4,3
134741,6,6,0
134742,6,6,0
134743,49,48,1
134744,49,29,20
134745,28,25,3
134746,34,30,4
134747,34,30,4
134748,34,30,4
134749,34,30,4
134750,4,1,3
134751,4,1,3
134752,28,23,5
134753,49,29,20
134754,21,18,3
134755,60,56,4
134756,14,14,0
134757,21,18,3
134758,21,18,3
134759,21,18,3
134760,3,0,3
134761,3,0,3
134762,3,0,3
134763,9,9,0
134764,12,12,0
134765,12,12,0
134766,49,29,20
134767,8,8,0
134768,8,8,0
134769,8,8,0
134770,8,8,0
134771,60,56,4
134772,28,25,3
134773,10,4,6
134774,12,8,4
134775,60,56,4
134776,60,56,4
134777,60,56,4
134778,60,56,4
134779,14,13,1
134784,18,18,0
134785,18,18,0
134786,5,4,1
134787,6,3,3
134789,29,28,1
134790,155,121,34
134791,49,33,16
134792,15,4,11
134793,49,33,16
134794,104,63,41
134795,104,63,41
134796,113,76,37
134797,104,63,41
134798,13,12,1
134799,13,12,1
134800,33,25,8
134801,12,11,1
134806,14,1,13
134807,4,3,1
134808,4,3,1
134809,11,10,1
134810,11,10,1
134811,4,3,1
134812,4,3,1
134813,4,3,1
134814,4,3,1
134815,4,3,1
134816,4,3,1
134817,4,3,1
134818,70,62,8
134819,10,8,2
134820,10,8,2
134821,10,8,2
134822,3,0,3
134823,3,0,3
134824,7,7,0
134825,7,7,0
134826,73,48,25
134829,73,48,25
134840,4,2,2
134841,4,2,2
134842,4,2,2
134843,4,2,2
134844,75,44,31
134845,75,44,31
134846,155,121,34
134847,113,76,37
134848,113,76,37
134849,113,76,37
134850,113,76,37
134851,6,5,1
134852,40,34,6
134853,40,34,6
134854,40,34,6
134855,40,34,6
134856,40,34,6
134857,40,34,6
134858,40,34,6
134859,40,34,6
134860,40,34,6
134861,40,34,6
134862,40,34,6
134863,158,94,64
134864,158,94,64
134878,6,4,2
134879,52,37,15
134880,52,37,15
134881,7,4,3
134882,7,4,3
134883,7,2,5
134888,5,5,0
134889,5,5,0
134890,15,12,3
134891,15,12,3
134894,15,12,3
134895,15,12,3
134896,9,5,4
134897,9,5,4
134898,15,12,3
134899,15,12,3
134900,13,4,9
134901,17,8,9
134902,15,12,3
134903,15,12,3
134904,5,4,1
134905,5,4,1
134906,5,3,2
134907,2,0,2
134908,5,3,2
134909,17,4,13
134910,15,12,3
134911,1,1,0
134913,1,1,0
134920,5,5,0
134921,5,5,0
134924,52,32,20
134926,21,18,3
134927,21,18,3
134928,52,32,20
134938,40,28,12
134939,40,28,12
134942,42,29,13
134943,42,29,13
134944,21,18,3
134945,21,18,3
134946,8,6,2
134947,8,8,0
134966,7,4,3
134967,7,4,3
134968,2,0,2
134982,65,39,26
134983,23,18,5
134984,23,18,5
134985,23,18,5
134986,23,18,5
134987,12,8,4
134988,23,18,5
134989,23,18,5
134990,12,3,9
134991,23,18,5
134992,23,18,5
134995,15,14,1
134996,15,14,1
134997,15,14,1
134998,25,4,21
134999,4,3,1
135001,4,3,1
135002,4,3,1
135003,4,3,1
135004,4,3,1
135005,4,3,1
135006,4,3,1
135007,4,3,1
135008,4,3,1
135009,23,18,5
135010,58,42,16
135011,89,58,31
135012,89,58,31
135013,89,58,31
135014,89,58,31
135015,58,42,16
135016,58,42,16
135017,58,42,16
135018,158,94,64
135019,1,1,0
135020,1,1,0
135021,158,94,64
135022,94,60,34
135023,42,34,8
135024,42,34,8
135025,42,34,8
135026,42,34,8
135027,19,9,10
135028,9,8,1
135029,9,8,1
135030,9,8,1
135031,9,8,1
135032,17,15,2
135033,17,15,2
135036,12,9,3
135037,18,14,4
135038,1,0,1
135039,20,16,4
135040,20,16,4
135041,18,15,3
135042,20,3,17
135043,20,3,17
135044,14,11,3
135045,20,3,17
135046,14,11,3
135047,17,14,3
135048,2,0,2
135049,14,11,3
135050,14,11,3
135051,14,11,3
135052,14,11,3
135053,14,11,3
135054,14,11,3
135055,14,11,3
135056,14,11,3
135057,12,9,3
135058,29,29,0
135059,29,29,0
135061,158,94,64
135062,158,94,64
135063,41,30,11
135064,46,33,13
135065,46,33,13
135069,46,33,13
135070,46,33,13
135071,41,35,6
135072,41,35,6
135073,41,35,6
135074,41,35,6
135075,41,35,6
135079,94,42,52
135080,94,42,52
135081,39,32,7
135082,5,4,1
135083,5,4,1
135084,94,42,52
135085,74,56,18
135086,11,10,1
135087,13,11,2
135088,13,11,2
135089,13,11,2
135090,11,10,1
135091,11,10,1
135092,1,0,1
135093,6,6,0
135094,6,6,0
135095,94,42,52
135096,94,42,52
135097,46,33,13
135098,46,33,13
135099,8,7,1
135100,8,7,1
135101,8,8,0
135102,8,8,0
135103,74,56,18
135106,22,8,14
135111,8,2,6
135112,8,2,6
135113,8,2,6
135114,39,32,7
135115,43,30,13
135116,39,32,7
135117,36,27,9
135119,2,0,2
135120,41,30,11
135121,16,9,7
135122,74,56,18
135123,74,56,18
135124,74,56,18
135125,74,56,18
135126,74,56,18
135127,74,56,18
135128,74,56,18
135129,74,56,18
135130,158,94,64
135131,158,94,64
135141,56,36,20
135142,5,2,3
135143,56,36,20
135162,158,94,64
135163,158,94,64
135164,7,1,6
135171,7,1,6
135182,48,36,12
135184,4,3,1
135185,82,61,21
135186,82,61,21
135198,82,61,21
135200,6,6,0
135201,6,6,0
135205,52,40,12
135206,52,40,12
135215,8,5,3
135216,8,5,3
135217,15,13,2
135218,23,22,1
135219,23,22,1
135220,23,22,1
135221,23,22,1
135222,28,25,3
135223,28,25,3
135224,28,25,3
135225,16,13,3
135226,29,25,4
135227,44,44,0
135228,1,1,0
135229,1,1,0
135230,29,25,4
135231,94,80,14
135234,20,20,0
135235,20,20,0
135236,20,20,0
135237,20,20,0
135238,94,80,14
135239,21,18,3
135240,25,21,4
135241,25,21,4
135242,28,23,5
135243,28,23,5
135244,3,0,3
135245,3,0,3
135246,28,23,5
135251,29,9,20
135252,29,9,20
135253,20,17,3
135254,5,5,0
135255,6,6,0
135256,6,6,0
135257,5,5,0
135258,5,5,0
135260,29,9,20
135261,20,17,3
135262,20,17,3
135263,20,17,3
135264,20,17,3
135265,20,17,3
135266,20,17,3
135267,20,17,3
135268,20,17,3
135269,20,17,3
135270,20,17,3
135271,33,25,8
135273,9,7,2
135274,9,7,2
135281,5,0,5
135282,5,0,5
135283,5,0,5
135284,2,0,2
135286,5,0,5
135287,4,4,0
135288,19,14,5
135289,20,13,7
135290,20,13,7
135291,20,13,7
135292,14,9,5
135293,14,9,5
135294,3,0,3
135295,3,0,3
135296,14,9,5
135309,30,12,18
135310,30,12,18
135311,27,17,10
135312,2,0,2
135314,27,17,10
135324,27,17,10
135325,27,17,10
135326,27,17,10
135327,3,1,2
135328,5,1,4
135329,5,1,4
135330,11,11,0
135331,11,11,0
135332,104,79,25
135353,104,79,25
135354,4,4,0
135362,25,15,10
135363,4,2,2
135364,4,2,2
135366,4,2,2
135367,4,2,2
135368,10,6,4
135369,10,6,4
135376,25,15,10
135377,25,15,10
135378,25,15,10
135379,25,15,10
135403,41,31,10
135404,13,11,2
135405,47,38,9
135406,47,38,9
135407,47,38,9
135408,47,38,9
135409,3,1,2
135410,10,5,5
135411,10,5,5
135412,5,2,3
135413,10,5,5
135416,5,2,3
135417,5,2,3
135418,5,2,3
135419,40,28,12
135420,41,31,10
135421,90,58,32
135422,90,58,32
135423,90,58,32
135430,90,58,32
135431,79,59,20
135432,9,9,0
135433,13,13,0
135434,13,13,0
135435,13,13,0
135436,9,9,0
135437,1,0,1
135438,11,10,1
135439,90,58,32
135440,90,58,32
135441,90,58,32
135442,17,15,2
135443,17,15,2
135444,79,59,20
135446,24,14,10
135447,36,29,7
135449,4,4,0
135450,17,13,4
135451,79,59,20
135452,79,59,20
135455,79,59,20
135456,79,59,20
135457,79,59,20
135458,79,59,20
135459,12,0,12
135460,12,0,12
135474,12,0,12
135477,79,59,20
135478,79,59,20
135479,209,149,60
135480,13,5,8
135481,3,1,2
135482,2,0,2
135483,2,0,2
135484,3,1,2
135485,13,5,8
135486,13,5,8
135489,13,5,8
135490,13,5,8
135491,2,2,0
135492,2,2,0
135493,2,1,1
135494,2,1,1
135495,2,1,1
135496,2,1,1
135497,2,1,1
135498,2,1,1
135499,9,1,8
135500,8,7,1
135501,9,8,1
135502,9,8,1
135503,9,8,1
135504,9,8,1
135505,8,7,1
135506,15,5,10
135507,10,9,1
135508,9,8,1
135509,9,8,1
135510,2,1,1
135511,2,1,1
135512,8,6,2
135513,8,6,2
135514,8,6,2
135520,9,3,6
135522,9,3,6
135523,8,5,3
135524,2,1,1
135525,2,1,1
135526,9,6,3
135527,18,10,8
135528,6,1,5
135529,6,1,5
135532,28,27,1
135533,28,27,1
135534,4,2,2
135535,9,9,0
135536,9,9,0
135537,9,9,0
135538,9,9,0
135539,9,9,0
135540,9,9,0
135541,9,9,0
135544,9,9,0
135545,9,9,0
135546,35,26,9
135547,35,26,9
135548,35,26,9
135555,40,31,9
135556,40,31,9
135557,4,2,2
135558,4,2,2
135559,4,2,2
135560,4,2,2
135561,209,149,60
135568,26,19,7
135569,26,19,7
135572,70,60,10
135573,70,60,10
135575,70,60,10
135576,70,60,10
135577,10,5,5
135578,10,5,5
135579,12,6,6
135580,5,2,3
135581,5,2,3
135582,10,1,9
135583,10,1,9
135584,5,2,3
135585,5,2,3
135586,10,1,9
135587,12,6,6
135588,12,6,6
135589,10,5,5
135590,12,6,6
135591,12,6,6
135592,70,61,9
135593,5,3,2
135594,5,5,0
135597,5,5,0
135598,70,61,9
135599,1,1,0
135600,1,1,0
135603,4,4,0
135609,10,10,0
135610,10,10,0
135611,13,13,0
135612,13,13,0
135617,118,98,20
135618,11,5,6
135619,11,5,6
135620,3,3,0
135622,3,3,0
135623,11,5,6
135624,11,5,6
135625,118,98,20
135628,4,4,0
135631,118,98,20
135641,10,10,0
135648,10,10,0
135650,118,98,20
135653,118,98,20
135655,7,6,1
135661,118,98,20
135662,137,126,11
135663,25,22,3
135671,7,6,1
135678,93,80,13
135679,102,88,14
135680,93,80,13
135681,4,3,1
135682,4,3,1
135683,8,4,4
135684,102,88,14
135685,137,126,11
135705,1,1,0
135706,1,1,0
135712,33,23,10
135713,137,126,11
135714,137,126,11
135715,137,126,11
135716,36,25,11
135717,36,25,11
135718,137,126,11
135720,9,9,0
135721,9,9,0
135723,8,8,0
135725,8,8,0
135726,8,8,0
135727,19,11,8
135728,24,22,2
135738,31,20,11
135739,31,20,11
135740,31,20,11
135741,30,20,10
135745,19,11,8
135746,19,11,8
135748,7,3,4
135749,7,3,4
135750,19,11,8
135751,19,11,8
135752,30,20,10
135753,6,3,3
135754,6,3,3
135755,20,7,13
135756,20,7,13
135757,5,2,3
135758,20,7,13
135759,30,20,10
135760,30,20,10
135761,5,2,3
135762,5,2,3
135763,35,19,16
135764,6,2,4
135765,6,2,4
135766,6,2,4
135767,6,4,2
135768,6,4,2
135769,19,11,8
135770,19,11,8
135771,31,20,11
135772,31,20,11
135774,31,20,11
135775,31,20,11
135776,12,3,9
135777,12,3,9
135778,12,3,9
135779,12,3,9
135780,5,1,4
135781,5,1,4
135782,4,0,4
135783,35,19,16
135787,19,18,1
135796,19,18,1
135797,19,18,1
135798,19,11,8
135801,35,19,16
135802,35,19,16
135803,35,19,16
135804,35,19,16
135805,8,8,0
135806,8,8,0
135807,8,8,0
135808,8,8,0
135811,9,8,1
135812,9,8,1
135816,70,53,17
135817,17,13,4
135818,17,13,4
135821,96,70,26
135822,96,70,26
135823,96,70,26
135824,96,70,26
135825,12,10,2
135826,12,10,2
135827,12,10,2
135828,41,33,8
135829,32,26,6
135830,136,100,36
135831,136,100,36
135832,3,3,0
135833,3,3,0
135834,136,100,36
135835,100,79,21
135836,11,10,1
135837,19,19,0
135838,19,19,0
135839,19,19,0
135840,11,10,1
135841,7,7,0
135842,12,12,0
135843,136,100,36
135844,136,100,36
135845,13,11,2
135860,100,79,21
135877,40,31,9
135878,11,11,0
135879,11,11,0
135881,11,11,0
135888,11,11,0
135889,13,12,1
135890,1,0,1
135895,64,50,14
135913,4,4,0
135914,70,53,17
135915,13,9,4
135916,100,79,21
135917,100,79,21
135918,100,79,21
135919,100,79,21
135920,100,79,21
135921,100,79,21
135922,209,149,60
135923,209,149,60
135924,104,79,25
135927,42,35,7
135928,42,35,7
135929,12,5,7
135930,12,5,7
135932,58,51,7
135933,58,51,7
135934,58,51,7
135935,58,51,7
135936,52,48,4
135937,42,35,7
135938,42,35,7
135939,2,2,0
135940,2,2,0
135943,14,9,5
135944,14,9,5
135950,113,76,37
135951,113,76,37
135952,66,53,13
135953,13,11,2
135954,14,10,4
135955,14,10,4
135956,14,10,4
135957,14,10,4
135958,14,12,2
135959,113,76,37
135960,12,12,0
135961,12,12,0
135962,66,53,13
135968,33,19,14
135970,9,5,4
135988,9,5,4
135989,9,5,4
135991,18,12,6
135992,16,10,6
135993,16,10,6
135994,16,10,6
135995,16,10,6
135997,18,13,5
135999,16,2,14
136000,16,2,14
136002,16,2,14
136003,14,8,6
136011,16,2,14
136012,16,2,14
136013,1,1,0
136014,1,1,0
136017,14,8,6
136018,7,1,6
136019,2,1,1
136020,19,13,6
136021,2,0,2
136022,18,12,6
136023,6,2,4
136024,14,8,6
136025,14,8,6
136026,14,8,6
136027,14,8,6
136028,6,6,0
136029,6,6,0
136030,39,33,6
136031,39,33,6
136032,39,33,6
136033,7,6,1
136034,7,6,1
136035,4,2,2
136036,39,31,8
136037,54,41,13
136038,54,41,13
136039,33,26,7
136040,104,79,25
136041,104,79,25
136042,104,79,25
136043,84,67,17
136044,20,19,1
136045,3,3,0
136046,84,67,17
136047,14,9,5
136048,84,67,17
136049,84,67,17
136050,84,67,17
136051,84,67,17
136052,84,67,17
136053,84,67,17
136054,84,67,17
136055,84,67,17
136056,2,1,1
136075,66,53,13
136076,66,53,13
136077,66,53,13
136078,66,53,13
136079,66,53,13
136080,66,53,13
136081,66,53,13
136082,66,53,13
136083,66,53,13
136084,66,53,13
136085,66,53,13
136086,66,53,13
136087,209,149,60
136088,209,149,60
136089,7,7,0
136090,7,7,0
136091,7,7,0
136101,17,14,3
136102,130,107,23
136103,130,107,23
136105,7,6,1
136114,4,2,2
136115,4,2,2
136116,7,7,0
136118,15,9,6
136119,47,30,17
136120,47,30,17
136121,47,30,17
136122,47,30,17
136123,3,1,2
136124,3,1,2
136125,16,10,6
136136,2,2,0
136137,2,2,0
136145,46,34,12
136146,46,34,12
136147,46,34,12
136148,46,34,12
136149,46,34,12
136150,46,34,12
136151,46,34,12
136152,46,34,12
136153,209,149,60
136162,3,1,2
136163,3,1,2
136166,47,33,14
136167,47,33,14
136168,47,33,14
136173,28,17,11
136174,28,17,11
136175,28,17,11
136176,7,2,5
136177,7,2,5
136178,28,17,11
136179,28,17,11
136181,41,27,14
136182,41,27,14
136183,75,48,27
136184,75,48,27
136185,75,48,27
136186,75,48,27
136187,4,4,0
136188,75,48,27
136189,75,48,27
136190,75,48,27
136191,75,48,27
136192,9,6,3
136193,9,6,3
136194,81,63,18
136195,13,12,1
136196,13,12,1
136197,13,12,1
136210,9,8,1
136214,31,19,12
136215,7,7,0
136216,8,7,1
136217,8,7,1
136218,8,7,1
136219,9,9,0
136220,5,5,0
136221,5,5,0
136222,8,8,0
136223,4,1,3
136224,8,8,0
136225,17,10,7
136226,28,17,11
136227,28,17,11
136228,28,17,11
136229,28,17,11
136230,17,10,7
136231,53,25,28
136232,53,25,28
136233,53,25,28
136234,53,41,12
136238,14,9,5
136239,14,9,5
136240,7,7,0
136241,7,7,0
136242,42,29,13
136243,3,1,2
136244,3,0,3
136245,3,0,3
136248,11,9,2
136249,11,9,2
136251,11,9,2
136266,13,13,0
136288,94,80,14
136289,94,80,14
136290,12,12,0
136291,16,16,0
136292,16,16,0
136293,16,16,0
136294,18,18,0
136295,30,30,0
136296,30,30,0
136297,30,30,0
136298,26,26,0
136299,7,7,0
136300,9,9,0
136301,9,9,0
136302,1,0,1
136303,8,7,1
136304,30,30,0
136305,30,30,0
136306,3,2,1
136307,12,11,1
136308,26,26,0
136309,1,1,0
136310,106,78,28
136311,106,78,28
136312,106,78,28
136313,106,78,28
136314,106,78,28
136315,22,15,7
136316,7,5,2
136317,7,5,2
136318,33,20,13
136319,33,20,13
136320,33,20,13
136321,29,23,6
136322,41,12,29
136323,41,12,29
136324,41,12,29
136325,28,18,10
136328,41,12,29
136329,41,12,29
136330,6,3,3
136331,6,3,3
136332,28,18,10
136333,15,1,14
136334,15,1,14
136335,28,19,9
136336,6,5,1
136337,6,5,1
136338,22,15,7
136339,7,4,3
136340,28,18,10
136341,28,18,10
136342,28,18,10
136343,28,18,10
136344,28,18,10
136345,28,18,10
136346,28,18,10
136347,28,18,10
136348,55,37,18
136349,55,37,18
136350,10,3,7
136351,106,78,28
136369,106,78,28
136370,9,3,6
136371,9,3,6
136372,9,4,5
136373,9,4,5
136378,9,3,6
136380,9,4,5
136381,9,4,5
136383,2,0,2
136384,2,0,2
136385,2,0,2
136386,2,0,2
136387,8,4,4
136388,9,3,6
136389,106,78,28
136391,70,52,18
136393,49,37,12
136394,13,11,2
136395,13,11,2
136396,70,56,14
136397,70,56,14
136398,7,3,4
136399,3,0,3
136400,3,0,3
136401,7,3,4
136402,70,56,14
136403,70,56,14
136404,48,38,10
136405,48,38,10
136406,48,38,10
136407,18,10,8
136408,18,10,8
136409,18,10,8
136410,18,10,8
136411,48,38,10
136412,48,38,10
136413,3,2,1
136415,13,11,2
136441,70,52,18
136442,70,52,18
136443,70,52,18
136444,66,50,16
136445,16,14,2
136446,23,16,7
136447,23,16,7
136448,23,16,7
136449,23,16,7
136450,16,14,2
136451,15,13,2
136452,11,11,0
136453,1,0,1
136454,15,12,3
136455,15,12,3
136456,70,52,18
136457,70,52,18
136458,70,56,14
136459,8,8,0
136460,10,9,1
136461,10,9,1
136462,7,5,2
136463,7,5,2
136464,2,0,2
136465,2,0,2
136466,12,11,1
136467,12,11,1
136468,70,56,14
136469,26,15,11
136470,26,15,11
136471,7,5,2
136472,7,5,2
136473,7,5,2
136474,7,5,2
136475,3,2,1
136476,3,2,1
136477,3,2,1
136478,3,2,1
136479,66,50,16
136480,27,13,14
136481,2,2,0
136482,2,2,0
136483,7,6,1
136484,1,1,0
136485,1,1,0
136486,7,6,1
136487,7,6,1
136488,70,56,14
136492,42,37,5
136505,70,52,18
136506,19,5,14
136508,9,1,8
136509,1,0,1
136510,1,0,1
136513,19,5,14
136515,8,1,7
136516,19,5,14
136532,19,5,14
136538,3,3,0
136539,3,3,0
136551,8,8,0
136552,8,8,0
136553,6,4,2
136554,15,8,7
136555,49,37,12
136556,33,22,11
136557,66,50,16
136558,66,50,16
136559,66,50,16
136560,66,50,16
136561,66,50,16
136562,66,50,16
136563,66,50,16
136564,66,50,16
136566,66,50,16
136567,66,50,16
136568,21,11,10
136569,21,11,10
136570,21,11,10
136571,21,11,10
136572,16,9,7
136573,18,4,14
136574,7,5,2
136575,9,7,2
136576,9,7,2
136577,9,7,2
136578,7,5,2
136579,18,4,14
136580,9,7,2
136581,8,6,2
136582,21,11,10
136583,21,11,10
136584,8,6,2
136585,8,6,2
136586,8,6,2
136587,6,4,2
136588,6,4,2
136589,18,5,13
136592,18,5,13
136593,2,2,0
136594,8,6,2
136595,6,4,2
136596,3,3,0
136597,3,3,0
136598,21,11,10
136607,133,125,8
136608,6,6,0
136609,5,5,0
136611,5,5,0
136614,125,109,16
136615,2,2,0
136617,48,45,3
136618,65,57,8
136619,65,57,8
136620,65,57,8
136621,37,33,4
136622,37,33,4
136623,37,33,4
136624,37,33,4
136625,37,33,4
136626,77,67,10
136627,77,67,10
136628,77,67,10
136629,138,116,22
136630,16,16,0
136631,20,20,0
136632,20,20,0
136633,20,20,0
136634,16,16,0
136635,9,9,0
136636,14,14,0
136637,14,14,0
136638,77,67,10
136639,77,67,10
136640,138,116,22
136641,30,23,7
136644,6,5,1
136647,40,38,2
136648,22,17,5
136649,22,17,5
136650,24,12,12
136651,138,116,22
136652,138,116,22
136653,138,116,22
136654,138,116,22
136655,106,78,28
136656,59,50,9
136657,59,50,9
136658,59,50,9
136659,59,50,9
136660,37,32,5
136661,15,14,1
136662,21,20,1
136663,21,20,1
136664,21,20,1
136665,21,20,1
136666,15,14,1
136667,19,19,0
136668,5,5,0
136669,1,1,0
136670,13,13,0
136671,13,13,0
136672,154,137,17
136673,154,137,17
136674,78,65,13
136675,36,27,9
136676,70,55,15
136677,23,20,3
136678,3,0,3
136679,3,0,3
136680,52,52,0
136681,52,52,0
136682,52,52,0
136683,41,40,1
136684,102,100,2
136685,102,100,2
136686,13,11,2
136687,8,7,1
136688,5,5,0
136689,5,5,0
136690,5,5,0
136691,28,27,1
136692,38,34,4
136693,38,34,4
136694,38,34,4
136695,38,34,4
136696,38,34,4
136697,38,34,4
136698,24,14,10
136699,38,34,4
136700,38,34,4
136701,12,2,10
136702,12,2,10
136703,38,34,4
136704,15,5,10
136705,38,34,4
136706,27,25,2
136707,154,137,17
136708,2,2,0
136709,2,2,0
136718,1,1,0
136719,1,1,0
136729,18,14,4
136730,22,6,16
136731,78,65,13
136732,78,65,13
136733,78,65,13
136734,78,65,13
136735,78,65,13
136736,78,65,13
136737,78,65,13
136738,78,65,13
136741,11,2,9
136742,11,2,9
136743,13,8,5
136744,12,6,6
136745,12,6,6
136746,12,6,6
136747,13,8,5
136748,11,2,9
136749,14,8,6
136750,12,6,6
136760,11,2,9
136761,11,2,9
136763,1,1,0
136764,1,1,0
136765,1,1,0
136766,1,1,0
136771,12,6,6
136772,4,1,3
136773,2,1,1
136774,7,4,3
136775,12,6,6
136776,28,22,6
136777,28,22,6
136778,28,22,6
136779,10,4,6
136780,10,4,6
136781,24,13,11
136782,24,13,11
136783,24,13,11
136784,12,5,7
136785,12,5,7
136786,12,5,7
136787,12,5,7
136788,24,13,11
136789,24,13,11
136790,3,0,3
136791,3,0,3
136792,77,61,16
136793,77,61,16
136794,4,2,2
136796,4,2,2
136797,6,6,0
136798,77,61,16
136799,6,3,3
136800,4,2,2
136801,20,17,3
136802,15,12,3
136804,15,12,3
136805,6,4,2
136806,6,4,2
136808,6,4,2
136812,32,27,5
136813,51,43,8
136814,51,43,8
136815,37,29,8
136816,76,57,19
136817,76,57,19
136818,76,57,19
136819,74,61,13
136820,76,57,19
136821,76,57,19
136822,32,27,5
136823,6,4,2
136824,74,61,13
136825,74,61,13
136826,74,61,13
136827,74,61,13
136828,74,61,13
136829,74,61,13
136830,74,61,13
136831,74,61,13
136832,35,28,7
136833,88,60,28
136834,88,60,28
136836,88,60,28
136837,88,60,28
136838,4,4,0
136839,88,60,28
136840,88,60,28
136846,2,2,0
136847,22,17,5
136848,33,25,8
136849,33,25,8
136850,31,26,5
136851,22,12,10
136852,22,12,10
136854,22,12,10
136855,50,39,11
136856,22,12,10
136857,22,12,10
136858,4,1,3
136859,4,1,3
136860,14,8,6
136861,50,39,11
136862,50,39,11
136863,50,39,11
136864,50,39,11
136865,50,39,11
136879,4,4,0
136880,4,4,0
136881,167,151,16
136882,167,151,16
136883,167,151,16
136884,167,151,16
136885,167,151,16
136886,167,151,16
136887,167,151,16
136888,167,151,16
136889,167,151,16
136897,2,2,0
136898,2,2,0
136900,2,2,0
136901,2,2,0
136919,5,5,0
136920,5,5,0
136921,3,3,0
136922,3,3,0
136923,167,151,16
136924,167,151,16
136925,26,21,5
136926,26,21,5
136927,26,21,5
136928,26,21,5
136929,26,21,5
136930,26,21,5
136931,26,21,5
136932,17,5,12
136933,26,21,5
136934,26,21,5
136935,26,21,5
136936,15,3,12
136937,26,21,5
136938,53,53,0
136939,18,2,16
136940,26,21,5
136996,6,5,1
136997,1,1,0
136998,14,14,0
136999,14,14,0
137000,14,14,0
137003,11,11,0
137019,11,11,0
137022,8,8,0
137023,8,8,0
137024,8,8,0
137026,17,17,0
137027,4,4,0
137040,4,4,0
137045,5,5,0
137046,5,5,0
137047,5,5,0
137089,2,2,0
137090,2,2,0
137094,4,3,1
137095,4,3,1
137096,11,9,2
137100,8,5,3
137114,1,0,1
137115,1,0,1
137124,1,0,1
137138,10,10,0
137139,10,10,0
137144,12,6,6
137145,12,6,6
137146,1,1,0
137147,1,1,0
137170,5,4,1
137171,5,4,1
137172,1,0,1
137173,1,0,1
137174,4,0,4
137186,6,6,0
137187,6,6,0
137188,89,77,12
137189,89,77,12
137190,13,2,11
137191,13,2,11
137192,204,147,57
137193,41,39,2
137194,41,39,2
137195,22,20,2
137196,124,104,20
137197,5,4,1
137198,5,4,1
137199,124,104,20
137200,44,42,2
137201,4,2,2
137206,10,8,2
137207,10,8,2
137208,27,23,4
137209,204,147,57
137210,24,24,0
137211,24,24,0
137212,24,24,0
137213,24,24,0
137214,20,14,6
137215,20,14,6
137216,2,0,2
137217,2,0,2
137218,24,24,0
137219,24,24,0
137220,82,74,8
137221,137,126,11
137222,209,149,60
137223,57,30,27
137224,57,30,27
137225,57,30,27
137226,57,30,27
137231,18,12,6
137237,2,2,0
137238,2,2,0
137239,18,12,6
137244,30,28,2
137252,6,4,2
137253,31,25,6
137254,7,7,0
137255,8,1,7
137256,8,1,7
137261,30,28,2
137264,13,8,5
137269,13,8,5
137270,108,74,34
137272,108,74,34
137273,16,12,4
137275,4,3,1
137282,4,4,0
137283,2,2,0
137289,4,4,0
137290,27,18,9
137291,27,18,9
137298,17,16,1
137300,9,9,0
137319,8,8,0
137320,7,7,0
137321,7,7,0
137323,171,82,89
137327,17,4,13
137328,2,2,0
137337,2,0,2
137350,277,139,138
137351,277,139,138
137352,277,139,138
137353,277,139,138
137354,110,81,29
137355,51,45,6
137360,51,45,6
137362,48,45,3
137363,48,45,3
137364,48,45,3
137366,48,45,3
137370,24,22,2
137371,24,22,2
137372,14,12,2
137373,18,18,0
137374,2,0,2
137375,2,0,2
137376,2,0,2
137377,2,0,2
137379,2,0,2
137380,107,91,16
137381,107,91,16
137384,152,103,49
137386,90,62,28
137387,90,62,28
137390,14,5,9
137391,7,5,2
137392,65,38,27
137395,30,29,1
137398,1,0,1
137400,4,4,0
137402,2,2,0
137403,2,2,0
137405,50,40,10
137408,4,2,2
137415,23,16,7
137416,7,5,2
137417,5,4,1
137418,4,1,3
137419,7,5,2
137420,7,5,2
137421,14,8,6
137427,138,121,17
137430,2,2,0
137431,2,2,0
137432,138,121,17
137433,7,5,2
137434,7,5,2
137435,4,4,0
137436,31,31,0
137440,31,31,0
137441,31,31,0
137442,31,26,5
137443,10,10,0
137445,94,89,5
137448,22,22,0
137449,2,0,2
137452,13,9,4
137453,52,43,9
137454,55,48,7
137455,7,6,1
137456,7,6,1
137457,52,43,9
137458,11,9,2
137459,55,48,7
137461,55,48,7
137462,6,2,4
137463,2,0,2
137464,2,0,2
137472,16,11,5
137473,13,12,1
137474,61,56,5
137476,74,69,5
137477,74,69,5
137478,74,69,5
137481,36,31,5
137482,36,31,5
137483,27,24,3
137484,36,31,5
137488,9,2,7
137489,9,2,7
137490,15,10,5
137491,9,2,7
137492,15,10,5
137493,20,18,2
137511,20,18,2
137512,20,18,2
137529,12,9,3
137530,12,9,3
137533,4,2,2
137534,4,2,2
137541,34,29,5
137542,10,9,1
137543,11,10,1
137544,36,35,1
137545,36,35,1
137554,16,9,7
137555,16,9,7
137556,15,14,1
137557,15,14,1
137558,1,1,0
137561,2,2,0
137562,2,2,0
137563,2,2,0
137564,2,2,0
137566,2,2,0
137567,19,13,6
137568,19,13,6
137569,8,5,3
137570,32,30,2
137571,8,5,3
137572,17,15,2
137573,19,14,5
137574,7,5,2
137575,7,5,2
137576,19,14,5
137577,19,13,6
137578,29,17,12
137579,36,33,3
137581,29,17,12
137585,36,33,3
137586,5,3,2
137592,13,10,3
137593,13,10,3
137594,5,1,4
137595,13,10,3
137596,5,1,4
137597,13,10,3
137602,5,3,2
137603,1,1,0
137604,4,2,2
137605,5,5,0
137610,103,88,15
137611,6,6,0
137612,6,6,0
137613,16,15,1
137614,3,3,0
137615,3,3,0
137616,3,3,0
137617,3,3,0
137618,3,3,0
137619,2,0,2
137620,6,3,3
137621,6,3,3
137633,38,33,5
137635,11,6,5
137636,11,6,5
137637,11,6,5
137638,11,6,5
137639,9,2,7
137640,15,10,5
137641,9,2,7
137642,3,3,0
137646,8,8,0
137648,164,145,19
137649,164,145,19
137650,1,0,1
137651,1,0,1
137652,1,0,1
137653,1,0,1
137654,1,0,1
137655,61,56,5
137656,61,56,5
137657,12,12,0
137658,11,11,0
137659,11,11,0
137660,13,13,0
137661,4,4,0
137664,4,4,0
137665,4,4,0
137666,4,4,0
137667,4,4,0
137668,4,4,0
137669,4,4,0
137670,4,4,0
137671,4,4,0
137672,2,2,0
137673,2,2,0
137674,2,2,0
137675,2,2,0
137679,47,35,12
137680,47,35,12
137681,47,35,12
137682,47,35,12
137684,2,2,0
137687,3,3,0
137688,3,3,0
137689,3,3,0
137690,3,3,0
137691,9,5,4
137692,9,5,4
137693,4,2,2
137695,4,2,2
137700,2,0,2
137701,2,0,2
137702,285,138,147
137712,24,16,8
137714,2,2,0
137716,13,13,0
137737,5,4,1
137739,55,35,20
137740,55,35,20
137741,42,29,13
137742,42,29,13
137745,26,9,17
137746,26,9,17
137747,16,2,14
137748,16,2,14
137749,1,0,1
137750,1,0,1
137751,94,43,51
137752,3,1,2
137753,94,43,51
137754,2,2,0
137755,126,73,53
137756,126,73,53
137757,11,8,3
137758,96,77,19
137759,96,77,19
137760,96,77,19
137761,96,77,19
137762,151,88,63
137764,151,88,63
137765,152,88,64
137766,3,0,3
137767,3,0,3
137768,152,88,64
137769,26,18,8
137770,26,18,8
137771,50,26,24
137772,42,22,20
137773,8,8,0
137774,12,11,1
137775,12,11,1
137776,8,8,0
137777,11,7,4
137780,31,27,4
137781,1,1,0
137782,31,27,4
137783,42,22,20
137784,63,30,33
137785,4,3,1
137786,63,30,33
137787,12,12,0
137788,12,12,0
137789,99,66,33
137790,99,66,33
137791,216,150,66
137792,216,150,66
137794,216,150,66
137795,198,68,130
137796,198,68,130
137797,137,70,67
137798,85,57,28
137799,200,138,62
137800,7,1,6
137801,7,1,6
137802,7,1,6
137803,7,1,6
137804,7,1,6
137805,13,4,9
137806,2,1,1
137807,7,1,6
137808,7,1,6
137809,3,2,1
137810,3,2,1
137812,12,1,11
137813,4,3,1
137814,7,1,6
137816,6,2,4
137817,4,1,3
137818,4,1,3
137819,29,8,21
137820,29,8,21
137821,19,12,7
137822,19,12,7
137823,19,12,7
137824,6,4,2
137825,36,17,19
137826,35,9,26
137827,13,7,6
137828,11,8,3
137829,35,9,26
137830,3,1,2
137831,3,1,2
137832,3,1,2
137833,3,1,2
137834,3,1,2
137836,20,16,4
137837,22,15,7
137838,22,15,7
137839,22,15,7
137840,22,15,7
137841,21,16,5
137842,25,5,20
137843,25,5,20
137844,25,5,20
137845,31,15,16
137846,25,5,20
137847,3,1,2
137848,19,15,4
137849,19,15,4
137850,20,16,4
137851,5,1,4
137852,31,15,16
137853,31,15,16
137854,31,15,16
137855,31,15,16
137856,31,15,16
137857,31,15,16
137858,5,5,0
137859,6,6,0
137860,6,6,0
137861,5,0,5
137862,5,5,0
137863,5,5,0
137864,5,5,0
137865,5,5,0
137866,5,5,0
137867,6,5,1
137868,6,5,1
137869,6,5,1
137900,3,2,1
137901,7,0,7
137902,2,1,1
137903,2,1,1
137904,1,0,1
137905,1,0,1
137906,9,8,1
137907,11,0,11
137908,2,1,1
137909,2,1,1
137910,2,1,1
137911,2,1,1
137912,2,1,1
137913,2,1,1
137914,2,1,1
137915,2,1,1
137916,15,11,4
137917,20,10,10
137918,20,10,10
137919,14,10,4
137920,22,4,18
137921,2,2,0
137922,2,2,0
137923,22,4,18
137924,30,19,11
137926,12,10,2
137927,4,1,3
137928,30,19,11
137929,30,19,11
137930,30,19,11
137931,30,19,11
137949,13,13,0
137950,13,13,0
137951,13,13,0
137952,7,5,2
137953,9,7,2
137954,12,8,4
137955,9,7,2
137956,7,4,3
137957,33,17,16
137958,1,0,1
137959,33,17,16
137960,33,17,16
137961,12,9,3
137962,15,9,6
137963,15,9,6
137964,15,10,5
137965,15,0,15
137966,2,1,1
137967,2,1,1
137968,15,0,15
137969,17,8,9
137970,5,4,1
137971,3,1,2
137972,3,1,2
137973,3,1,2
137974,3,1,2
137975,12,9,3
137976,2,0,2
137977,17,8,9
137978,17,8,9
137979,17,8,9
137980,17,8,9
137982,8,6,2
137983,9,4,5
137984,9,4,5
137985,9,4,5
137986,9,6,3
137987,15,6,9
137988,1,0,1
137989,15,6,9
137990,10,8,2
137991,3,0,3
137992,10,8,2
137993,8,5,3
137994,7,0,7
137995,7,0,7
137996,6,3,3
137999,6,3,3
138000,8,6,2
138001,8,5,3
138002,6,3,3
138003,6,3,3
138004,2,0,2
138005,11,10,1
138006,4,4,0
138009,4,4,0
138010,4,4,0
138011,4,4,0
138012,4,4,0
138013,4,4,0
138014,4,4,0
138015,4,4,0
138016,4,4,0
138018,7,5,2
138019,7,5,2
138025,29,20,9
138026,29,20,9
138027,23,17,6
138028,32,12,20
138029,32,12,20
138030,32,12,20
138031,36,23,13
138032,36,23,13
138033,2,1,1
138034,2,1,1
138035,36,23,13
138036,32,12,20
138037,32,12,20
138038,3,3,0
138039,1,0,1
138040,1,0,1
138041,21,14,7
138042,3,3,0
138043,3,3,0
138044,5,3,2
138045,36,23,13
138046,36,23,13
138047,36,23,13
138048,36,23,13
138049,36,23,13
138050,36,23,13
138051,36,23,13
138052,36,23,13
138053,18,12,6
138054,42,26,16
138055,63,40,23
138056,42,26,16
138077,50,23,27
138078,24,19,5
138079,25,19,6
138080,25,19,6
138081,25,19,6
138082,25,19,6
138083,23,20,3
138084,35,8,27
138085,16,16,0
138086,15,15,0
138087,15,15,0
138088,16,16,0
138089,5,5,0
138090,5,5,0
138091,5,5,0
138092,5,5,0
138093,5,5,0
138094,5,5,0
138095,5,5,0
138096,5,5,0
138097,5,5,0
138098,5,5,0
138099,5,5,0
138100,1,1,0
138101,1,1,0
138102,35,8,27
138103,28,21,7
138104,6,6,0
138105,7,7,0
138106,7,7,0
138107,6,6,0
138108,16,16,0
138109,7,5,2
138110,35,8,27
138111,1,1,0
138112,28,21,7
138113,1,0,1
138114,25,19,6
138115,50,23,27
138116,3,0,3
138117,24,19,5
138118,7,1,6
138121,7,1,6
138123,9,3,6
138124,28,21,7
138125,28,21,7
138126,28,21,7
138127,28,21,7
138128,28,21,7
138129,28,21,7
138130,28,21,7
138131,28,21,7
138132,28,21,7
138133,28,21,7
138142,4,0,4
138143,13,9,4
138144,1,0,1
138145,1,0,1
138146,10,7,3
138147,10,7,3
138148,10,7,3
138149,11,9,2
138150,12,0,12
138151,12,0,12
138152,8,6,2
138153,11,9,2
138154,4,0,4
138155,3,0,3
138156,8,6,2
138157,8,6,2
138158,8,6,2
138159,6,6,0
138160,3,3,0
138161,3,3,0
138164,8,7,1
138165,10,0,10
138166,2,1,1
138169,2,1,1
138170,2,1,1
138171,2,1,1
138172,2,1,1
138173,2,1,1
138174,2,1,1
138175,18,0,18
138176,18,0,18
138177,21,12,9
138179,19,9,10
138180,19,9,10
138181,19,9,10
138182,19,9,10
138183,20,12,8
138184,18,0,18
138185,21,14,7
138186,27,11,16
138187,9,7,2
138188,9,5,4
138189,9,5,4
138190,9,5,4
138191,9,5,4
138192,9,7,2
138193,10,8,2
138194,3,1,2
138195,3,1,2
138196,10,7,3
138197,10,7,3
138198,18,0,18
138199,18,0,18
138200,3,1,2
138201,3,1,2
138202,27,11,16
138203,2,0,2
138204,8,1,7
138205,3,1,2
138209,7,2,5
138210,27,11,16
138211,27,11,16
138212,27,11,16
138213,27,11,16
138214,4,2,2
138215,4,2,2
138220,25,21,4
138221,25,18,7
138222,25,18,7
138223,25,18,7
138224,25,18,7
138225,24,21,3
138228,39,6,33
138231,39,6,33
138232,22,8,14
138233,8,7,1
138234,9,5,4
138235,9,5,4
138236,9,5,4
138237,9,5,4
138238,8,7,1
138239,9,8,1
138240,2,1,1
138241,3,1,2
138242,10,7,3
138243,10,7,3
138244,39,6,33
138245,22,8,14
138246,19,5,14
138247,2,1,1
138248,28,21,7
138249,2,0,2
138250,25,21,4
138251,4,0,4
138252,22,8,14
138253,22,8,14
138254,22,8,14
138255,22,8,14
138256,22,8,14
138257,22,8,14
138258,22,8,14
138259,22,8,14
138260,22,8,14
138261,22,8,14
138262,22,8,14
138263,22,8,14
138264,5,5,0
138265,5,5,0
138266,5,5,0
138267,23,14,9
138268,8,2,6
138269,8,2,6
138270,8,2,6
138271,20,1,19
138272,4,0,4
138273,8,2,6
138274,8,2,6
138275,20,1,19
138276,20,1,19
138277,16,9,7
138278,16,9,7
138279,16,12,4
138280,16,12,4
138283,15,15,0
138285,15,15,0
138286,15,15,0
138287,15,15,0
138288,15,15,0
138289,15,15,0
138290,15,15,0
138291,16,11,5
138292,20,11,9
138293,20,11,9
138294,20,11,9
138295,20,11,9
138296,18,0,18
138297,2,0,2
138298,2,0,2
138299,18,0,18
138300,39,21,18
138301,39,21,18
138302,15,11,4
138305,39,21,18
138306,39,21,18
138307,39,21,18
138308,39,21,18
138311,14,8,6
138312,14,8,6
138313,5,5,0
138314,5,5,0
138328,113,67,46
138329,3,2,1
138330,3,2,1
138343,2,2,0
138344,2,2,0
138345,13,7,6
138346,13,6,7
138347,13,6,7
138348,13,6,7
138349,15,9,6
138350,14,4,10
138351,14,4,10
138352,14,4,10
138353,17,5,12
138354,14,4,10
138355,14,4,10
138357,17,5,12
138358,17,5,12
138361,22,13,9
138367,14,6,8
138368,1,0,1
138369,24,14,10
138372,17,9,8
138373,17,9,8
138374,22,13,9
138376,6,4,2
138377,6,4,2
138378,4,2,2
138379,24,14,10
138380,5,2,3
138381,5,2,3
138382,11,10,1
138383,11,10,1
138384,11,10,1
138385,11,10,1
138386,16,14,2
138387,12,9,3
138389,12,9,3
138390,12,11,1
138391,8,7,1
138392,5,5,0
138393,5,5,0
138394,5,5,0
138395,5,5,0
138396,8,7,1
138397,14,9,5
138398,8,8,0
138399,8,8,0
138400,11,5,6
138401,7,5,2
138402,3,3,0
138403,13,13,0
138404,6,3,3
138405,24,14,10
138406,5,1,4
138407,12,11,1
138408,12,11,1
138409,12,11,1
138410,12,11,1
138411,44,31,13
138412,44,31,13
138413,44,31,13
138414,44,31,13
138415,3,0,3
138416,3,0,3
138418,4,1,3
138419,44,31,13
138443,26,1,25
138444,26,1,25
138445,19,9,10
138446,3,0,3
138447,3,0,3
138450,17,7,10
138451,17,7,10
138452,17,7,10
138453,17,7,10
138454,18,8,10
138455,18,8,10
138456,3,0,3
138457,3,0,3
138458,18,8,10
138484,26,1,25
138485,26,1,25
138487,26,1,25
138488,1,1,0
138493,26,1,25
138494,26,1,25
138495,1,1,0
138496,1,1,0
138499,28,19,9
138500,1,0,1
138501,20,10,10
138502,26,1,25
138503,19,9,10
138504,6,2,4
138505,1,1,0
138506,1,1,0
138507,1,1,0
138508,1,1,0
138509,1,1,0
138510,1,1,0
138511,1,1,0
138512,1,1,0
138515,7,1,6
138516,24,20,4
138517,2,0,2
138518,22,18,4
138519,22,18,4
138520,22,18,4
138521,22,18,4
138522,24,19,5
138523,24,19,5
138524,3,0,3
138525,3,0,3
138526,24,19,5
138527,24,0,24
138530,24,0,24
138531,14,10,4
138540,24,0,24
138541,2,2,0
138542,14,10,4
138543,12,0,12
138544,24,21,3
138545,7,1,6
138546,24,20,4
138547,5,1,4
138548,14,10,4
138549,14,10,4
138550,14,10,4
138551,14,10,4
138552,14,10,4
138553,14,10,4
138554,14,10,4
138555,14,10,4
138556,14,10,4
138557,14,10,4
138562,15,10,5
138563,14,8,6
138564,14,8,6
138565,14,8,6
138566,15,10,5
138567,15,0,15
138568,15,0,15
138569,15,0,15
138570,10,5,5
138574,15,0,15
138575,15,0,15
138576,10,5,5
138578,3,0,3
138579,10,5,5
138580,10,5,5
138581,10,5,5
138582,10,5,5
138584,7,0,7
138585,7,0,7
138586,12,8,4
138587,9,8,1
138588,6,2,4
138589,6,2,4
138590,6,2,4
138591,6,2,4
138592,6,2,4
138593,6,2,4
138594,6,2,4
138595,6,2,4
138596,11,9,2
138597,16,4,12
138598,17,6,11
138599,17,6,11
138600,17,6,11
138603,12,8,4
138604,10,6,4
138605,10,6,4
138606,10,6,4
138607,12,8,4
138608,16,5,11
138609,16,5,11
138610,16,5,11
138611,12,5,7
138612,16,5,11
138613,4,0,4
138614,4,0,4
138615,4,0,4
138616,12,5,7
138617,12,5,7
138618,12,5,7
138619,17,15,2
138620,16,13,3
138621,16,13,3
138622,16,13,3
138623,20,14,6
138624,20,14,6
138625,3,0,3
138626,3,0,3
138627,20,14,6
138628,28,8,20
138631,28,8,20
138632,12,10,2
138634,12,10,2
138635,3,0,3
138636,12,10,2
138637,12,10,2
138638,12,10,2
138639,12,10,2
138640,12,10,2
138641,12,10,2
138642,12,10,2
138643,1,0,1
138644,27,16,11
138645,27,16,11
138646,6,3,3
138647,6,3,3
138648,3,3,0
138649,3,3,0
138650,3,0,3
138659,3,0,3
138706,10,10,0
138707,14,13,1
138708,14,13,1
138709,14,13,1
138710,16,14,2
138711,16,14,2
138712,16,14,2
138713,29,20,9
138721,16,14,2
138722,16,14,2
138723,29,20,9
138724,16,6,10
138725,9,9,0
138726,29,20,9
138727,29,20,9
138728,19,6,13
138729,19,6,13
138730,39,28,11
138731,19,6,13
138732,21,18,3
138733,1,0,1
138734,19,17,2
138735,19,17,2
138736,19,17,2
138737,20,18,2
138738,23,4,19
138740,23,4,19
138741,21,18,3
138750,21,18,3
138751,15,1,14
138752,1,1,0
138755,21,18,3
138756,21,18,3
138757,21,18,3
138758,21,18,3
138759,21,18,3
138760,21,18,3
138761,21,18,3
138762,21,18,3
138763,21,18,3
138764,21,18,3
138765,21,18,3
138766,21,18,3
138767,39,28,11
138768,39,28,11
138769,39,28,11
138770,21,15,6
138771,21,5,16
138772,34,23,11
138774,34,23,11
138775,34,23,11
138776,34,23,11
138777,34,23,11
138778,34,23,11
138779,34,23,11
138780,34,23,11
138781,34,23,11
138783,10,10,0
138784,12,8,4
138785,12,8,4
138786,12,8,4
138787,12,8,4
138788,5,0,5
138789,5,0,5
138790,5,0,5
138791,5,0,5
138792,12,8,4
138793,9,9,0
138794,13,7,6
138795,13,7,6
138796,13,7,6
138797,11,11,0
138798,11,11,0
138799,11,11,0
138802,22,13,9
138804,23,15,8
138805,32,19,13
138806,32,19,13
138807,25,16,9
138808,34,11,23
138809,4,2,2
138810,4,2,2
138811,34,11,23
138812,49,26,23
138813,10,5,5
138814,15,6,9
138815,15,6,9
138816,7,5,2
138817,23,15,8
138818,15,2,13
138819,49,26,23
138820,49,26,23
138821,49,26,23
138822,49,26,23
138823,49,26,23
138824,49,26,23
138825,49,26,23
138826,49,26,23
138827,17,14,3
138828,20,15,5
138829,20,15,5
138830,16,13,3
138831,24,3,21
138832,23,16,7
138833,5,3,2
138834,7,3,4
138835,23,16,7
138836,23,16,7
138837,23,16,7
138838,23,16,7
138839,23,16,7
138840,23,16,7
138841,23,16,7
138842,23,16,7
138843,25,16,9
138844,26,15,11
138845,26,15,11
138846,26,15,11
138847,26,15,11
138848,23,15,8
138849,23,15,8
138850,29,10,19
138851,29,10,19
138852,29,10,19
138853,45,24,21
138854,11,8,3
138855,12,8,4
138856,12,8,4
138857,12,8,4
138858,12,8,4
138859,11,8,3
138860,9,8,1
138861,1,0,1
138862,9,8,1
138863,9,8,1
138864,29,10,19
138865,29,10,19
138866,3,3,0
138867,3,3,0
138868,2,0,2
138869,45,24,21
138870,11,5,6
138873,3,1,2
138874,20,14,6
138875,2,0,2
138876,25,16,9
138877,8,4,4
138878,45,24,21
138879,45,24,21
138880,45,24,21
138881,45,24,21
138900,24,19,5
138901,24,19,5
138902,22,18,4
138903,2,0,2
138904,20,16,4
138905,20,16,4
138906,20,16,4
138907,20,16,4
138908,22,17,5
138909,22,17,5
138910,3,0,3
138911,3,0,3
138912,22,17,5
138913,21,0,21
138918,21,0,21
138919,14,10,4
138929,21,0,21
138930,2,2,0
138931,14,10,4
138932,11,1,10
138933,2,1,1
138934,23,19,4
138935,2,2,0
138936,22,18,4
138937,6,2,4
138938,14,10,4
138939,14,10,4
138940,14,10,4
138941,14,10,4
138942,14,10,4
138943,14,10,4
138944,14,10,4
138945,14,10,4
138946,1,1,0
138947,1,1,0
138948,1,1,0
138949,17,14,3
138950,26,18,8
138951,26,18,8
138952,26,18,8
138953,26,18,8
138954,14,12,2
138955,58,22,36
138956,58,22,36
138957,41,20,21
138958,15,10,5
138959,23,13,10
138960,58,22,36
138961,24,19,5
138962,24,19,5
138963,17,14,3
138964,15,10,5
138965,23,13,10
138966,23,13,10
138967,23,13,10
138968,23,13,10
138969,15,10,5
138970,33,9,24
138971,18,15,3
138972,7,1,6
138973,15,12,3
138974,15,12,3
138975,58,22,36
138976,58,22,36
138977,58,22,36
138978,58,22,36
138979,26,6,20
138980,26,6,20
138981,4,0,4
138982,4,0,4
138983,26,6,20
138984,26,6,20
138987,58,22,36
138988,58,22,36
138989,58,22,36
138992,25,17,8
138993,4,2,2
138995,3,2,1
138996,3,2,1
138997,4,2,2
138998,12,9,3
138999,3,0,3
139000,3,0,3
139001,12,9,3
139002,25,17,8
139003,25,17,8
139004,15,11,4
139005,2,0,2
139006,30,5,25
139007,30,5,25
139008,30,5,25
139009,1,1,0
139010,20,15,5
139011,10,2,8
139012,5,1,4
139013,7,3,4
139014,17,8,9
139015,8,5,3
139016,17,8,9
139017,17,13,4
139018,5,2,3
139019,17,8,9
139020,17,14,3
139021,8,2,6
139022,41,20,21
139023,41,20,21
139024,41,20,21
139025,23,18,5
139026,2,0,2
139027,11,4,7
139028,3,3,0
139029,17,11,6
139030,16,9,7
139031,16,9,7
139032,16,9,7
139033,16,9,7
139034,20,12,8
139035,24,3,21
139036,3,0,3
139037,3,0,3
139038,24,3,21
139039,26,8,18
139040,8,5,3
139041,8,3,5
139042,8,3,5
139043,8,3,5
139044,8,3,5
139045,8,5,3
139046,1,0,1
139047,10,6,4
139048,1,0,1
139049,17,13,4
139050,17,11,6
139051,6,0,6
139052,26,8,18
139053,26,8,18
139054,26,8,18
139055,26,8,18
139056,23,18,5
139057,11,4,7
139058,11,4,7
139059,52,27,25
139060,52,27,25
139061,4,0,4
139063,2,0,2
139064,2,0,2
139065,2,0,2
139066,2,0,2
139067,3,2,1
139068,7,1,6
139069,7,1,6
139070,59,37,22
139071,1,1,0
139072,17,14,3
139073,17,14,3
139074,3,1,2
139075,3,1,2
139076,2,0,2
139077,2,0,2
139078,2,2,0
139079,2,2,0
139080,34,31,3
139081,34,31,3
139082,34,31,3
139083,34,31,3
139084,34,31,3
139085,34,31,3
139086,34,31,3
139087,34,31,3
139088,34,31,3
139089,17,12,5
139090,14,9,5
139091,14,9,5
139092,14,9,5
139093,14,9,5
139094,16,10,6
139095,16,10,6
139096,3,0,3
139097,3,0,3
139098,16,10,6
139099,16,0,16
139100,16,0,16
139101,16,0,16
139102,23,18,5
139105,16,0,16
139106,1,1,0
139107,1,1,0
139108,1,0,1
139109,1,0,1
139110,1,0,1
139111,19,12,7
139112,23,18,5
139113,5,1,4
139116,1,0,1
139117,9,5,4
139118,23,18,5
139119,23,18,5
139122,21,8,13
139123,21,8,13
139124,59,37,22
139130,18,18,0
139131,18,18,0
139132,5,1,4
139133,5,1,4
139134,7,0,7
139135,5,3,2
139136,5,3,2
139137,23,17,6
139138,23,17,6
139139,23,17,6
139140,23,17,6
139141,23,17,6
139142,23,17,6
139143,23,17,6
139144,23,17,6
139145,23,17,6
139146,23,17,6
139147,23,17,6
139148,23,17,6
139149,8,0,8
139150,14,0,14
139151,14,0,14
139152,14,0,14
139153,14,0,14
139156,11,11,0
139157,11,10,1
139158,11,10,1
139159,11,9,2
139160,11,9,2
139161,3,0,3
139162,3,0,3
139163,11,9,2
139169,7,7,0
139172,14,14,0
139173,2,0,2
139174,7,7,0
139175,7,7,0
139176,7,7,0
139177,7,7,0
139178,15,8,7
139181,33,15,18
139182,25,20,5
139183,38,16,22
139184,45,34,11
139185,9,7,2
139186,13,12,1
139189,10,9,1
139190,10,9,1
139191,6,5,1
139192,9,7,2
139193,14,11,3
139201,9,7,2
139204,33,15,18
139205,45,34,11
139206,45,34,11
139207,45,34,11
139208,45,34,11
139229,1,1,0
139230,2,0,2
139231,1,1,0
139239,9,8,1
139240,9,8,1
139241,13,2,11
139242,4,3,1
139244,4,3,1
139245,10,8,2
139246,4,3,1
139247,4,3,1
139248,4,3,1
139249,4,3,1
139252,47,31,16
139253,7,7,0
139254,7,7,0
139255,3,3,0
139256,11,11,0
139257,18,17,1
139258,18,17,1
139259,9,9,0
139260,19,7,12
139261,26,22,4
139262,2,2,0
139263,26,22,4
139264,26,22,4
139265,26,22,4
139266,40,15,25
139267,40,15,25
139268,24,14,10
139270,30,18,12
139271,30,18,12
139272,30,18,12
139273,24,12,12
139274,40,15,25
139275,40,15,25
139277,40,15,25
139278,36,23,13
139279,8,6,2
139280,12,9,3
139281,12,9,3
139282,12,9,3
139283,8,6,2
139284,7,6,1
139285,40,15,25
139286,10,8,2
139287,10,7,3
139288,10,7,3
139289,11,8,3
139295,12,0,12
139296,12,0,12
139297,14,6,8
139298,1,1,0
139299,14,6,8
139300,4,2,2
139301,14,6,8
139302,14,6,8
139303,14,6,8
139304,1,1,0
139306,6,5,1
139307,6,5,1
139308,24,14,10
139309,36,23,13
139310,36,23,13
139311,36,23,13
139312,26,20,6
139313,32,23,9
139314,32,23,9
139315,32,23,9
139316,32,23,9
139317,32,22,10
139318,40,16,24
139319,40,16,24
139320,40,16,24
139323,40,16,24
139324,31,20,11
139325,6,3,3
139326,6,3,3
139327,6,3,3
139329,40,16,24
139330,31,20,11
139331,25,18,7
139332,26,20,6
139333,6,1,5
139334,31,20,11
139335,31,20,11
139336,31,20,11
139337,31,20,11
139338,31,20,11
139339,31,20,11
139340,31,20,11
139341,31,20,11
139342,26,19,7
139343,26,19,7
139344,13,11,2
139345,19,16,3
139346,19,16,3
139347,15,12,3
139348,1,0,1
139349,19,7,12
139350,26,22,4
139351,3,3,0
139352,17,15,2
139353,13,11,2
139354,4,2,2
139355,17,15,2
139356,17,15,2
139357,17,15,2
139358,17,15,2
139359,3,3,0
139360,1,1,0
139361,1,1,0
139366,6,0,6
139367,6,0,6
139378,20,2,18
139379,13,10,3
139380,21,10,11
139381,21,10,11
139382,21,10,11
139383,14,10,4
139386,20,2,18
139388,30,13,17
139394,1,1,0
139395,1,1,0
139397,30,13,17
139398,7,3,4
139399,30,13,17
139400,30,13,17
139401,30,13,17
139402,30,13,17
139410,3,1,2
139415,19,13,6
139416,5,1,4
139417,5,1,4
139418,19,13,6
139419,14,9,5
139420,24,10,14
139421,24,10,14
139422,21,9,12
139423,27,5,22
139425,27,5,22
139426,38,11,27
139427,11,4,7
139428,38,11,27
139429,11,9,2
139431,5,1,4
139432,38,11,27
139433,2,2,0
139434,2,1,1
139435,2,1,1
139441,11,7,4
139456,13,9,4
139457,3,2,1
139458,10,9,1
139459,10,9,1
139460,10,9,1
139461,11,11,0
139462,11,8,3
139464,3,0,3
139465,11,8,3
139466,11,8,3
139467,11,8,3
139468,11,8,3
139476,12,7,5
139478,12,7,5
139490,2,0,2
139492,36,32,4
139493,36,32,4
139494,36,32,4
139495,36,32,4
139510,13,11,2
139513,15,12,3
139514,15,12,3
139515,14,12,2
139516,13,11,2
139517,15,3,12
139518,15,3,12
139519,16,14,2
139522,5,5,0
139523,5,5,0
139524,16,14,2
139525,8,6,2
139526,8,6,2
139527,13,11,2
139528,4,2,2
139529,16,14,2
139530,16,14,2
139531,16,14,2
139532,16,14,2
139557,9,8,1
139558,9,8,1
139559,18,10,8
139560,7,6,1
139563,7,6,1
139564,10,7,3
139565,7,6,1
139566,7,6,1
139567,69,65,4
139568,31,6,25
139569,2,0,2
139570,2,0,2
139571,31,6,25
139572,18,6,12
139573,5,3,2
139574,6,2,4
139575,6,2,4
139576,1,0,1
139577,7,3,4
139578,1,0,1
139579,5,0,5
139580,18,6,12
139581,18,6,12
139582,18,6,12
139583,18,6,12
139584,18,6,12
139585,18,6,12
139586,18,6,12
139587,18,6,12
139588,69,65,4
139589,19,14,5
139590,18,11,7
139591,18,11,7
139592,18,11,7
139593,18,11,7
139594,18,14,4
139616,6,6,0
139617,6,6,0
139618,6,6,0
139619,6,6,0
139621,6,2,4
139622,6,2,4
139624,8,6,2
139625,8,6,2
139629,1,0,1
139630,1,0,1
139632,1,0,1
139633,5,1,4
139634,1,1,0
139732,24,19,5
139733,3,0,3
139734,3,0,3
139735,24,19,5
139736,24,19,5
139737,24,19,5
139738,24,19,5
139739,22,19,3
139740,36,20,16
139741,4,2,2
139742,4,2,2
139743,1,0,1
139744,36,20,16
139745,4,1,3
139746,4,1,3
139747,22,20,2
139748,22,20,2
139749,5,3,2
139750,24,19,5
139751,9,4,5
139752,36,20,16
139753,36,20,16
139754,36,20,16
139755,36,20,16
139756,36,20,16
139757,36,20,16
139758,36,20,16
139759,36,20,16
139760,11,7,4
139761,11,7,4
139763,71,49,22
139767,25,8,17
139768,8,3,5
139769,17,14,3
139770,17,13,4
139771,17,13,4
139772,17,14,3
139781,15,0,15
139782,15,0,15
139783,9,5,4
139793,15,0,15
139794,9,5,4
139795,10,0,10
139796,17,14,3
139797,3,0,3
139798,9,5,4
139799,9,5,4
139800,9,5,4
139801,9,5,4
139802,9,5,4
139803,9,5,4
139804,9,5,4
139805,9,5,4
139807,8,3,5
139808,8,3,5
139809,8,3,5
139810,8,3,5
139811,8,3,5
139812,8,3,5
139813,8,3,5
139814,8,3,5
139815,10,10,0
139816,25,13,12
139817,33,15,18
139818,25,20,5
139819,9,3,6
139820,71,49,22
139823,15,10,5
139824,15,10,5
139825,15,10,5
139826,12,7,5
139827,32,15,17
139828,32,15,17
139829,36,32,4
139830,71,49,22
139831,25,17,8
139832,25,17,8
139841,6,0,6
139842,6,0,6
139883,4,2,2
139884,7,4,3
139885,3,1,2
139886,3,1,2
139887,7,4,3
139888,72,58,14
139889,72,58,14
139890,72,58,14
139891,7,6,1
139892,7,6,1
139894,11,2,9
139895,3,2,1
139898,3,2,1
139899,3,2,1
139900,3,2,1
139901,3,2,1
139907,13,10,3
139908,11,8,3
139909,11,8,3
139910,11,8,3
139911,11,8,3
139912,14,11,3
139913,25,3,22
139914,25,3,22
139915,10,7,3
139916,25,3,22
139917,10,7,3
139918,13,10,3
139919,10,7,3
139920,10,7,3
139921,10,7,3
139922,72,58,14
139923,72,58,14
139924,72,58,14
139925,72,58,14
139926,72,58,14
139927,72,58,14
139930,72,58,14
139931,36,32,4
139932,2,0,2
139934,8,2,6
139935,8,2,6
139936,13,6,7
139937,13,6,7
139938,13,6,7
139939,10,8,2
139940,12,8,4
139941,12,8,4
139942,12,8,4
139943,12,8,4
139944,10,8,2
139945,1,1,0
139946,10,8,2
139947,10,8,2
139948,13,6,7
139949,13,6,7
139952,8,4,4
139953,8,4,4
139954,13,5,8
139955,13,5,8
139956,8,4,4
139957,8,4,4
139958,8,4,4
139959,8,4,4
139960,13,5,8
139961,13,5,8
139968,9,9,0
139973,9,9,0
139975,8,6,2
139976,7,4,3
139977,2,0,2
139978,7,4,3
139985,8,6,2
139994,10,8,2
139995,1,0,1
139996,13,4,9
139997,13,4,9
139998,13,4,9
139999,13,4,9
140000,13,4,9
140001,13,4,9
140002,13,4,9
140003,13,4,9
140004,26,9,17
140005,22,14,8
140006,26,19,7
140007,26,19,7
140008,19,16,3
140009,26,9,17
140010,26,9,17
140011,45,29,16
140012,45,29,16
140013,45,29,16
140014,45,29,16
140015,45,29,16
140016,45,29,16
140017,45,29,16
140018,45,29,16
140019,45,29,16
140020,10,8,2
140021,10,8,2
140022,16,11,5
140040,15,4,11
140041,15,4,11
140042,14,12,2
140045,14,12,2
140046,14,12,2
140047,14,12,2
140048,14,12,2
140049,9,3,6
140050,8,6,2
140051,8,6,2
140052,7,6,1
140054,12,10,2
140063,55,46,9
140067,23,6,17
140068,20,17,3
140069,24,20,4
140070,24,20,4
140071,24,20,4
140072,24,20,4
140073,23,17,6
140074,23,17,6
140075,4,1,3
140076,4,1,3
140077,23,6,17
140078,23,17,6
140079,5,2,3
140080,22,18,4
140081,30,27,3
140087,23,6,17
140088,20,17,3
140089,3,2,1
140090,5,1,4
140091,30,27,3
140092,30,27,3
140093,30,27,3
140094,30,27,3
140095,30,27,3
140096,30,27,3
140097,9,9,0
140098,1,0,1
140102,2,2,0
140120,69,56,13
140121,69,56,13
140122,16,8,8
140123,16,8,8
140124,9,6,3
140125,20,6,14
140126,20,6,14
140132,16,8,8
140133,10,5,5
140134,6,3,3
140135,12,4,8
140136,22,6,16
140138,6,2,4
140139,6,2,4
140140,30,25,5
140141,30,25,5
140142,30,25,5
140143,30,25,5
140144,10,4,6
140145,10,4,6
140148,1,0,1
140149,1,0,1
140150,8,6,2
140151,10,5,5
140152,10,5,5
140153,11,0,11
140156,11,0,11
140157,4,4,0
140159,7,4,3
140160,2,0,2
140161,7,4,3
140162,7,4,3
140163,7,4,3
140164,20,16,4
140165,18,14,4
140166,18,14,4
140167,18,14,4
140168,18,14,4
140169,26,18,8
140170,26,18,8
140171,5,1,4
140172,5,1,4
140173,26,18,8
140175,22,0,22
140176,22,0,22
140177,23,19,4
140178,4,0,4
140179,23,19,4
140180,23,19,4
140181,23,19,4
140182,23,19,4
140183,23,19,4
140184,23,19,4
140185,23,19,4
140186,23,19,4
140190,14,14,0
140191,14,14,0
140192,14,14,0
140193,14,14,0
140194,14,14,0
140195,14,14,0
140196,14,14,0
140197,14,14,0
140199,5,3,2
140200,5,3,2
140201,10,4,6
140202,6,4,2
140203,6,4,2
140205,10,4,6
140206,25,9,16
140207,6,1,5
140208,6,1,5
140209,25,9,16
140210,69,51,18
140211,24,8,16
140212,24,8,16
140213,6,4,2
140214,6,4,2
140215,6,4,2
140216,6,4,2
140217,13,6,7
140218,13,6,7
140219,13,6,7
140220,69,51,18
140221,6,3,3
140222,6,3,3
140226,5,5,0
140227,4,2,2
140230,5,5,0
140231,4,2,2
140232,4,2,2
140233,4,2,2
140238,5,3,2
140247,5,3,2
140251,9,6,3
140252,9,0,9
140253,9,0,9
140254,9,0,9
140255,9,0,9
140256,9,0,9
140257,15,13,2
140258,20,15,5
140259,20,15,5
140260,20,15,5
140261,21,16,5
140262,21,1,20
140264,21,1,20
140265,17,14,3
140266,2,0,2
140267,7,4,3
140268,17,14,3
140269,17,14,3
140270,17,14,3
140271,17,14,3
140272,17,14,3
140273,17,14,3
140274,17,14,3
140275,17,14,3
140287,12,8,4
140288,12,8,4
140289,12,8,4
140290,10,5,5
140291,10,5,5
140292,10,5,5
140293,10,5,5
140294,10,5,5
140295,15,15,0
140296,1,0,1
140297,3,0,3
140298,54,42,12
140299,54,42,12
140300,54,42,12
140301,54,42,12
140302,54,42,12
140303,54,42,12
140306,15,2,13
140307,11,9,2
140308,15,2,13
140314,37,11,26
140315,54,42,12
140316,54,42,12
140317,18,6,12
140318,54,42,12
140319,6,2,4
140320,3,2,1
140321,3,2,1
140322,3,2,1
140323,3,2,1
140324,3,2,1
140325,3,2,1
140326,3,2,1
140327,3,2,1
140328,7,0,7
140329,7,0,7
140330,3,3,0
140331,5,5,0
140332,5,5,0
140333,54,42,12
140358,23,18,5
140359,18,15,3
140360,18,15,3
140361,18,15,3
140362,18,15,3
140363,22,17,5
140364,22,17,5
140365,3,0,3
140366,3,0,3
140367,22,17,5
140368,19,0,19
140371,19,0,19
140372,17,11,6
140378,19,0,19
140379,17,11,6
140380,13,3,10
140381,2,1,1
140382,22,18,4
140383,1,0,1
140384,17,11,6
140385,17,11,6
140386,17,11,6
140387,17,11,6
140388,17,11,6
140389,17,11,6
140390,17,11,6
140391,17,11,6
140397,2,1,1
140398,2,1,1
140399,22,6,16
140400,22,6,16
140401,20,12,8
140405,20,12,8
140406,20,12,8
140407,20,12,8
140408,20,12,8
140409,20,12,8
140410,17,13,4
140411,19,14,5
140412,19,14,5
140413,19,14,5
140414,19,14,5
140415,17,14,3
140416,2,0,2
140417,2,0,2
140425,1,1,0
140426,1,1,0
140427,1,1,0
140454,91,71,20
140460,52,32,20
140461,52,32,20
140462,18,8,10
140464,18,8,10
140465,1,1,0
140466,1,1,0
140467,6,1,5
140468,6,1,5
140469,5,4,1
140470,2,1,1
140471,3,2,1
140472,10,5,5
140473,6,1,5
140474,4,2,2
140475,4,2,2
140476,4,2,2
140477,8,1,7
140479,8,1,7
140480,6,1,5
140481,10,6,4
140482,14,8,6
140483,14,8,6
140484,14,8,6
140485,14,7,7
140486,18,6,12
140487,2,1,1
140488,2,1,1
140489,18,6,12
140490,21,9,12
140491,5,1,4
140492,21,9,12
140493,42,24,18
140494,1,1,0
140495,1,1,0
140496,23,13,10
140497,23,13,10
140498,20,9,11
140499,20,4,16
140500,5,0,5
140501,14,10,4
140502,15,9,6
140503,42,24,18
140504,38,16,22
140505,38,16,22
140506,38,16,22
140533,21,16,5
140534,21,15,6
140535,21,15,6
140536,21,15,6
140537,20,14,6
140538,20,14,6
140539,20,14,6
140540,4,0,4
140541,20,14,6
140542,23,2,21
140543,23,2,21
140544,23,2,21
140545,16,11,5
140555,23,2,21
140556,23,2,21
140557,16,11,5
140558,16,11,5
140559,21,16,5
140560,21,16,5
140561,21,16,5
140562,3,0,3
140563,16,11,5
140564,16,11,5
140565,16,11,5
140566,16,11,5
140588,49,22,27
140589,49,22,27
140590,9,5,4
140591,9,5,4
140592,49,22,27
140595,20,15,5
140596,21,16,5
140597,21,16,5
140598,21,16,5
140599,1,1,0
140600,23,14,9
140601,23,14,9
140602,9,2,7
140603,9,2,7
140604,23,14,9
140605,33,12,21
140606,33,12,21
140607,6,6,0
140608,33,12,21
140609,31,21,10
140613,33,12,21
140614,33,12,21
140617,31,21,10
140618,31,21,10
140619,31,21,10
140620,31,21,10
140621,31,21,10
140622,31,21,10
140623,31,21,10
140624,20,13,7
140625,23,15,8
140626,23,15,8
140627,19,14,5
140628,5,1,4
140629,5,1,4
140630,20,5,15
140631,20,5,15
140634,20,5,15
140635,21,16,5
140637,20,5,15
140638,20,5,15
140639,3,1,2
140640,3,1,2
140641,21,16,5
140642,3,2,1
140643,3,2,1
140644,11,4,7
140645,21,16,5
140646,21,16,5
140647,21,16,5
140648,21,16,5
140649,21,16,5
140650,21,16,5
140651,21,16,5
140652,9,8,1
140653,9,8,1
140654,4,4,0
140657,51,31,20
140658,11,10,1
140659,16,14,2
140660,16,14,2
140661,14,13,1
140662,37,27,10
140663,37,27,10
140664,6,2,4
140665,2,2,0
140667,24,17,7
140668,24,17,7
140669,5,4,1
140670,24,17,7
140671,37,27,10
140672,37,27,10
140673,1,1,0
140674,9,0,9
140675,9,0,9
140676,9,0,9
140677,9,0,9
140678,9,0,9
140679,9,0,9
140681,9,0,9
140682,9,0,9
140683,2,1,1
140684,2,1,1
140697,1,1,0
140698,1,1,0
140701,9,7,2
140702,24,24,0
140703,24,24,0
140704,24,24,0
140705,2,0,2
140706,2,0,2
140719,59,31,28
140720,21,18,3
140721,18,11,7
140722,18,11,7
140723,18,11,7
140724,18,11,7
140725,21,17,4
140727,35,15,20
140728,35,15,20
140732,27,16,11
140735,35,15,20
140736,35,15,20
140737,11,1,10
140738,11,1,10
140749,27,16,11
140750,27,16,11
140751,10,0,10
140752,27,16,11
140753,27,16,11
140754,27,16,11
140755,27,16,11
140756,27,16,11
140773,59,31,28
140774,59,31,28
140775,27,17,10
140776,2,2,0
140777,2,2,0
140778,8,8,0
140779,59,31,28
140780,16,13,3
140781,16,13,3
140782,27,17,10
140793,21,17,4
140794,21,17,4
140795,15,12,3
140799,44,23,21
140800,44,23,21
140807,53,43,10
140808,5,2,3
140809,53,43,10
140817,53,43,10
140818,53,43,10
140819,53,43,10
140820,53,43,10
140821,15,11,4
140822,2,0,2
140823,2,0,2
140824,29,18,11
140826,29,18,11
140827,4,3,1
140828,4,3,1
140829,3,1,2
140830,3,1,2
140831,5,1,4
140832,5,1,4
140858,2,2,0
140861,19,17,2
140873,35,22,13
140874,35,22,13
140875,59,31,28
140891,27,16,11
140892,1,0,1
140894,27,16,11
140906,2,2,0
140907,2,2,0
140908,2,2,0
140915,8,0,8
140916,27,17,10
140917,27,17,10
140918,27,17,10
140919,27,17,10
140920,10,5,5
140921,10,5,5
140922,9,4,5
140923,9,4,5
140924,9,4,5
140925,9,4,5
140926,14,9,5
140927,14,9,5
140928,32,17,15
140929,32,17,15
140930,32,17,15
140931,32,17,15
140932,32,17,15
140933,16,11,5
140934,2,0,2
140935,2,0,2
140936,13,10,3
140937,13,10,3
140938,13,10,3
140939,15,12,3
140940,15,0,15
140942,15,0,15
140943,11,7,4
140947,15,0,15
140951,11,7,4
140952,1,0,1
140953,16,12,4
140956,16,11,5
140957,11,7,4
140958,11,7,4
140959,11,7,4
140960,11,7,4
140961,18,7,11
140962,18,7,11
140963,18,7,11
140964,11,0,11
140965,11,0,11
140966,16,10,6
140967,1,0,1
140968,14,8,6
140969,14,8,6
140970,14,8,6
140971,15,10,5
140972,11,0,11
140973,15,10,5
140974,13,6,7
140975,11,0,11
140976,11,0,11
140977,13,6,7
140978,5,0,5
140979,3,0,3
140980,13,6,7
140981,13,6,7
140982,13,6,7
140984,13,13,0
140985,13,13,0
140986,6,5,1
140987,6,5,1
140988,1,0,1
140989,16,7,9
140990,16,7,9
140991,18,5,13
140992,18,5,13
140993,31,11,20
140994,31,11,20
140995,31,11,20
141003,20,14,6
141005,20,14,6
141006,20,14,6
141007,2,0,2
141008,20,14,6
141009,20,14,6
141010,20,15,5
141011,19,2,17
141012,19,2,17
141013,19,2,17
141014,20,14,6
141025,19,2,17
141026,19,2,17
141027,1,1,0
141028,1,1,0
141029,20,14,6
141030,12,1,11
141031,2,1,1
141032,21,15,6
141041,4,0,4
141042,4,0,4
141058,20,14,6
141059,6,2,4
141060,20,14,6
141061,20,14,6
141062,20,14,6
141063,20,14,6
141064,20,14,6
141065,20,14,6
141066,19,12,7
141070,17,11,6
141071,1,0,1
141072,1,0,1
141073,17,11,6
141074,17,2,15
141075,17,2,15
141078,17,2,15
141079,8,3,5
141081,17,2,15
141082,17,2,15
141083,8,3,5
141084,2,0,2
141085,8,3,5
141086,8,3,5
141087,8,3,5
141088,8,3,5
141089,8,3,5
141090,8,3,5
141091,8,3,5
141092,8,3,5
141093,26,15,11
141096,14,7,7
141097,8,4,4
141098,17,8,9
141099,5,1,4
141100,17,8,9
141101,15,10,5
141102,15,10,5
141103,5,3,2
141104,5,3,2
141105,50,27,23
141106,50,27,23
141107,26,9,17
141108,26,9,17
141109,26,9,17
141110,26,9,17
141111,50,27,23
141112,27,21,6
141113,32,20,12
141114,32,20,12
141115,32,20,12
141116,32,20,12
141117,25,18,7
141118,25,18,7
141119,10,2,8
141120,10,2,8
141121,25,18,7
141122,31,5,26
141123,31,5,26
141124,43,20,23
141125,10,8,2
141126,11,7,4
141127,11,7,4
141128,11,7,4
141129,11,7,4
141130,10,8,2
141131,8,7,1
141132,12,9,3
141133,31,5,26
141134,7,3,4
141135,7,3,4
141136,43,20,23
141137,13,2,11
141138,3,2,1
141139,26,20,6
141140,3,1,2
141141,27,21,6
141142,8,3,5
141143,43,20,23
141144,43,20,23
141145,43,20,23
141146,43,20,23
141147,43,20,23
141148,43,20,23
141149,43,20,23
141150,43,20,23
141151,16,16,0
141152,22,18,4
141153,26,16,10
141154,26,16,10
141155,26,16,10
141156,26,16,10
141157,23,17,6
141158,23,17,6
141159,5,2,3
141160,5,2,3
141161,23,17,6
141162,27,4,23
141165,27,4,23
141166,20,10,10
141173,27,4,23
141174,8,3,5
141175,8,3,5
141176,20,10,10
141177,10,0,10
141178,23,19,4
141179,22,18,4
141180,6,2,4
141181,20,10,10
141182,20,10,10
141183,20,10,10
141184,20,10,10
141185,20,10,10
141186,20,10,10
141187,20,10,10
141188,20,10,10
141190,11,7,4
141191,12,7,5
141196,21,9,12
141197,21,9,12
141198,16,9,7
141199,21,9,12
141200,16,9,7
141201,16,9,7
141202,16,9,7
141203,16,9,7
141204,1,1,0
141205,75,62,13
141206,75,62,13
141210,5,3,2
141211,5,3,2
141215,27,5,22
141216,27,5,22
141217,27,5,22
141218,27,5,22
141219,27,5,22
141220,8,0,8
141221,27,5,22
141222,27,5,22
141227,7,7,0
141235,2,0,2
141236,17,9,8
141237,17,9,8
141240,9,7,2
141241,9,7,2
141247,18,18,0
141275,15,14,1
141276,15,14,1
141279,24,15,9
141280,1,0,1
141281,1,0,1
141282,22,16,6
141283,22,16,6
141284,22,17,5
141285,25,8,17
141286,25,8,17
141289,25,8,17
141290,18,11,7
141294,25,8,17
141295,25,8,17
141296,18,11,7
141297,11,1,10
141298,11,1,10
141299,1,0,1
141300,20,15,5
141301,3,0,3
141302,18,11,7
141303,18,11,7
141304,18,11,7
141305,18,11,7
141306,18,11,7
141307,18,11,7
141308,18,11,7
141309,18,11,7
141314,56,50,6
141338,1,0,1
141339,9,5,4
141350,9,7,2
141351,10,7,3
141352,14,1,13
141353,9,2,7
141354,9,2,7
141357,9,2,7
141358,9,2,7
141359,9,2,7
141360,9,2,7
141361,20,15,5
141362,27,20,7
141363,27,20,7
141364,21,17,4
141365,36,16,20
141366,36,16,20
141367,43,33,10
141368,2,2,0
141369,43,33,10
141370,43,33,10
141371,43,33,10
141372,43,33,10
141373,43,33,10
141374,43,33,10
141375,43,33,10
141376,43,33,10
141379,4,4,0
141380,4,4,0
141381,18,16,2
141382,14,11,3
141383,14,11,3
141384,3,0,3
141385,14,11,3
141386,28,11,17
141388,28,11,17
141389,12,10,2
141391,12,10,2
141392,12,10,2
141393,12,10,2
141394,12,10,2
141395,12,10,2
141396,12,10,2
141397,12,10,2
141398,12,10,2
141399,17,7,10
141400,13,11,2
141401,16,14,2
141402,16,14,2
141403,12,10,2
141404,17,7,10
141405,23,20,3
141406,13,11,2
141407,23,20,3
141408,23,20,3
141409,23,20,3
141410,23,20,3
141411,3,3,0
141412,3,3,0
141413,29,19,10
141414,29,19,10
141415,29,19,10
141416,29,19,10
141417,29,19,10
141418,29,19,10
141419,29,19,10
141420,29,19,10
141421,29,19,10
141424,11,7,4
141425,1,1,0
141426,1,1,0
141427,7,5,2
141429,7,5,2
141430,6,2,4
141431,2,1,1
141432,6,4,2
141433,2,1,1
141434,2,1,1
141448,6,3,3
141449,6,3,3
141450,4,0,4
141451,4,0,4
141452,4,0,4
141454,6,3,3
141455,6,3,3
141463,4,0,4
141464,4,0,4
141470,29,5,24
141471,29,5,24
141472,12,0,12
141473,12,0,12
141474,12,0,12
141475,12,0,12
141476,12,0,12
141477,12,0,12
141478,12,0,12
141479,25,3,22
141480,11,7,4
141481,11,7,4
141482,11,7,4
141483,11,7,4
141484,11,7,4
141485,25,3,22
141486,11,8,3
141487,3,1,2
141488,12,7,5
141489,12,7,5
141490,12,0,12
141491,12,0,12
141492,12,0,12
141493,13,7,6
141494,13,7,6
141495,13,7,6
141496,9,5,4
141497,23,2,21
141500,23,2,21
141501,23,2,21
141502,10,6,4
141503,2,1,1
141504,12,7,5
141505,12,0,12
141506,12,0,12
141507,29,15,14
141508,29,15,14
141509,17,12,5
141510,21,14,7
141511,21,14,7
141512,16,11,5
141513,29,15,14
141514,29,15,14
141515,29,15,14
141516,3,1,2
141517,3,1,2
141518,17,12,5
141519,17,12,5
141520,17,12,5
141521,17,12,5
141522,17,12,5
141523,17,12,5
141524,17,12,5
141525,60,44,16
141526,60,44,16
141527,60,44,16
141528,60,44,16
141529,62,36,26
141530,62,36,26
141531,60,44,16
141532,60,44,16
141533,60,44,16
141534,60,44,16
141535,60,44,16
141536,64,24,40
141537,33,18,15
141538,2,0,2
141539,2,0,2
141541,34,19,15
141542,34,19,15
141543,34,19,15
141544,34,19,15
141545,28,17,11
141546,64,24,40
141547,64,24,40
141548,64,24,40
141551,64,24,40
141552,48,24,24
141553,6,6,0
141554,7,6,1
141555,7,6,1
141556,7,6,1
141557,6,6,0
141558,7,6,1
141559,64,24,40
141560,64,24,40
141561,48,24,24
141562,5,0,5
141563,26,13,13
141566,2,0,2
141567,4,0,4
141568,4,0,4
141569,4,0,4
141570,26,13,13
141571,26,13,13
141572,64,24,40
141573,33,18,15
141574,9,2,7
141575,48,24,24
141576,48,24,24
141577,48,24,24
141578,48,24,24
141579,14,12,2
141585,18,10,8
141587,24,20,4
141588,24,20,4
141589,14,9,5
141590,14,9,5
141591,18,5,13
141592,18,5,13
141593,2,2,0
141594,18,5,13
141595,10,5,5
141596,1,1,0
141597,18,5,13
141598,18,5,13
141599,10,5,5
141600,10,5,5
141602,64,42,22
141603,64,42,22
141604,64,42,22
141605,64,42,22
141606,3,3,0
141607,29,19,10
141608,29,19,10
141609,56,36,20
141612,8,8,0
141613,8,8,0
141616,56,36,20
141619,51,42,9
141620,51,42,9
141621,1,0,1
141622,12,11,1
141623,12,11,1
141624,10,9,1
141625,14,1,13
141626,31,23,8
141627,31,23,8
141628,31,23,8
141629,31,23,8
141630,31,23,8
141631,31,23,8
141632,21,11,10
141633,21,11,10
141634,21,11,10
141635,16,10,6
141636,33,5,28
141637,33,5,28
141638,33,5,28
141639,15,12,3
141640,15,10,5
141641,5,1,4
141642,16,10,6
141643,16,10,6
141645,15,10,5
141646,16,10,6
141647,13,10,3
141648,17,13,4
141649,17,13,4
141650,17,13,4
141651,17,13,4
141652,13,10,3
141653,14,2,12
141654,11,10,1
141655,14,11,3
141656,14,11,3
141657,62,36,26
141658,62,36,26
141659,62,36,26
141660,29,8,21
141661,29,8,21
141662,29,8,21
141663,29,8,21
141664,62,36,26
141665,62,36,26
141666,64,42,22
141667,4,4,0
141668,37,25,12
141669,37,25,12
141670,37,25,12
141671,29,25,4
141672,7,5,2
141673,7,5,2
141674,46,17,29
141675,46,17,29
141676,28,23,5
141677,8,5,3
141678,11,5,6
141679,34,24,10
141680,34,24,10
141681,2,0,2
141682,29,20,9
141683,16,13,3
141684,27,16,11
141685,27,16,11
141686,27,16,11
141687,27,16,11
141688,40,21,19
141689,13,10,3
141690,2,2,0
141691,20,13,7
141692,20,13,7
141693,64,42,22
141694,49,31,18
141695,49,31,18
141696,49,31,18
141697,49,31,18
141698,49,31,18
141699,49,31,18
141700,49,31,18
141701,49,31,18
141702,7,4,3
141703,34,24,10
141745,11,11,0
141746,11,11,0
141747,26,20,6
141749,43,20,23
141750,43,20,23
141758,19,13,6
141759,19,13,6
141761,19,13,6
141762,19,13,6
141765,34,31,3
141769,1,1,0
141773,43,32,11
141774,43,32,11
141775,43,32,11
141776,43,32,11
141777,6,0,6
141778,35,17,18
141779,35,17,18
141780,35,17,18
141781,35,17,18
141804,2,0,2
141806,2,0,2
141814,8,8,0
141815,8,8,0
141816,19,13,6
141817,19,13,6
141819,6,6,0
141820,2,1,1
141822,2,1,1
141828,2,1,1
141829,2,1,1
141830,2,1,1
141831,2,1,1
141832,21,15,6
141834,3,0,3
141835,22,13,9
141836,22,13,9
141837,22,13,9
141838,22,13,9
141839,21,14,7
141840,40,18,22
141843,40,18,22
141844,31,17,14
141845,8,4,4
141846,31,17,14
141847,6,1,5
141848,31,17,14
141849,31,17,14
141850,31,17,14
141851,31,17,14
141853,20,19,1
141854,20,19,1
141855,8,8,0
141856,8,8,0
141857,28,28,0
141858,8,8,0
141859,8,8,0
141860,28,28,0
141861,28,28,0
141862,28,28,0
141863,28,28,0
141864,28,28,0
141865,28,28,0
141866,28,28,0
141867,17,10,7
141868,18,9,9
141869,18,9,9
141870,21,0,21
141871,21,0,21
141872,21,0,21
141873,21,0,21
141874,21,0,21
141875,20,6,14
141876,20,6,14
141877,20,6,14
141878,20,6,14
141879,20,6,14
141880,20,6,14
141881,20,6,14
141882,20,6,14
141883,24,22,2
141884,24,22,2
141885,22,19,3
141886,29,21,8
141887,29,21,8
141888,29,21,8
141889,29,21,8
141890,1,0,1
141891,26,18,8
141892,26,18,8
141893,6,0,6
141894,6,0,6
141895,26,18,8
141896,19,11,8
141899,19,11,8
141900,35,20,15
141901,9,8,1
141902,7,6,1
141903,7,6,1
141904,7,6,1
141905,7,6,1
141906,9,8,1
141907,8,8,0
141909,7,7,0
141910,7,7,0
141911,19,11,8
141912,35,20,15
141913,13,1,12
141914,3,2,1
141915,21,20,1
141916,4,1,3
141917,22,19,3
141918,8,1,7
141919,35,20,15
141920,35,20,15
141921,35,20,15
141922,35,20,15
141923,35,20,15
141924,35,20,15
141925,35,20,15
141926,35,20,15
141927,22,18,4
141928,26,18,8
141929,26,18,8
141930,26,18,8
141931,26,18,8
141932,24,17,7
141933,24,17,7
141934,3,0,3
141935,3,0,3
141936,24,17,7
141937,2,0,2
141938,27,5,22
141940,3,0,3
141941,3,0,3
141942,27,5,22
141943,22,18,4
141953,27,5,22
141954,3,1,2
141956,22,18,4
141957,11,1,10
141958,2,1,1
141961,23,19,4
141962,22,18,4
141963,5,1,4
141964,22,18,4
141965,22,18,4
141966,22,18,4
141967,22,18,4
141968,22,18,4
141969,22,18,4
141970,22,18,4
141971,22,18,4
141972,6,6,0
142006,6,2,4
142007,6,2,4
142009,8,4,4
142010,8,4,4
142011,8,4,4
142012,8,4,4
142013,6,2,4
142014,6,2,4
142057,6,5,1
142058,6,5,1
142059,10,5,5
142060,10,5,5
142061,10,5,5
142062,10,7,3
142063,15,5,10
142064,15,5,10
142065,9,5,4
142066,3,1,2
142067,13,6,7
142068,9,5,4
142069,2,1,1
142070,7,2,5
142071,4,0,4
142072,4,1,3
142073,4,1,3
142074,21,5,16
142075,21,5,16
142076,9,0,9
142077,9,0,9
142078,9,0,9
142079,9,0,9
142080,21,5,16
142081,13,6,7
142082,20,11,9
142083,16,8,8
142084,20,9,11
142085,20,9,11
142086,20,9,11
142087,24,15,9
142088,5,3,2
142089,9,5,4
142090,20,9,11
142091,20,9,11
142092,12,6,6
142093,12,6,6
142094,37,28,9
142095,37,28,9
142096,15,11,4
142097,4,2,2
142098,20,15,5
142099,20,15,5
142100,14,3,11
142101,14,3,11
142102,37,28,9
142104,6,4,2
142105,37,28,9
142106,37,28,9
142107,37,28,9
142108,1,1,0
142109,1,1,0
142110,10,7,3
142111,13,4,9
142112,13,4,9
142113,18,15,3
142118,1,0,1
142119,18,15,3
142120,18,15,3
142121,18,15,3
142122,11,11,0
142123,16,14,2
142124,11,11,0
142125,17,16,1
142126,17,16,1
142127,17,16,1
142128,17,16,1
142129,17,16,1
142130,17,16,1
142131,17,16,1
142132,17,16,1
142135,6,1,5
142136,2,0,2
142138,2,0,2
142140,6,1,5
142141,10,6,4
142142,10,6,4
142153,10,7,3
142154,10,7,3
142155,20,20,0
142156,18,17,1
142157,18,17,1
142158,18,17,1
142159,18,17,1
142160,20,16,4
142161,20,16,4
142162,20,16,4
142163,5,0,5
142164,5,0,5
142165,5,0,5
142166,5,0,5
142167,20,16,4
142168,20,16,4
142169,9,7,2
142170,9,7,2
142171,11,11,0
142180,9,7,2
142181,11,11,0
142182,21,21,0
142183,4,0,4
142184,11,11,0
142185,11,11,0
142186,11,11,0
142187,11,11,0
142188,11,11,0
142189,11,11,0
142190,11,11,0
142191,11,11,0
142194,5,2,3
142195,2,0,2
142196,5,2,3
142198,2,0,2
142199,2,0,2
142206,145,100,45
142207,145,100,45
142208,145,100,45
142209,145,100,45
142210,6,5,1
142211,12,12,0
142212,5,5,0
142213,5,5,0
142214,20,20,0
142215,19,18,1
142216,19,18,1
142217,19,18,1
142218,19,18,1
142219,19,19,0
142222,4,3,1
142223,4,3,1
142224,13,13,0
142225,7,7,0
142226,4,4,0
142227,4,4,0
142228,4,4,0
142229,4,4,0
142230,9,8,1
142231,2,0,2
142232,8,7,1
142233,8,7,1
142234,16,13,3
142235,18,18,0
142236,5,1,4
142237,13,13,0
142238,13,13,0
142239,13,13,0
142240,13,13,0
142241,13,13,0
142242,13,13,0
142243,13,13,0
142244,13,13,0
142245,13,13,0
142246,13,13,0
142247,13,13,0
142248,20,17,3
142249,21,17,4
142250,21,17,4
142251,21,17,4
142252,22,19,3
142253,21,4,17
142254,21,4,17
142255,24,21,3
142263,21,4,17
142264,24,21,3
142265,3,0,3
142266,24,21,3
142267,24,21,3
142268,24,21,3
142269,24,21,3
142270,24,21,3
142271,24,21,3
142272,24,21,3
142273,24,21,3
142274,24,21,3
142275,24,21,3
142276,11,11,0
142278,17,15,2
142279,17,15,2
142280,17,15,2
142281,12,12,0
142285,12,4,8
142286,12,4,8
142287,36,32,4
142288,3,2,1
142289,5,4,1
142290,12,4,8
142291,12,8,4
142292,5,1,4
142293,11,11,0
142294,5,2,3
142295,36,32,4
142296,36,32,4
142297,36,32,4
142298,36,32,4
142369,18,14,4
142370,18,14,4
142371,14,12,2
142372,17,3,14
142374,17,3,14
142375,22,19,3
142383,22,19,3
142384,22,19,3
142385,22,19,3
142386,22,19,3
142387,22,19,3
142388,22,19,3
142389,22,19,3
142390,22,19,3
142391,26,6,20
142392,19,10,9
142393,22,8,14
142394,22,8,14
142395,22,8,14
142396,22,8,14
142397,16,9,7
142398,16,9,7
142399,26,6,20
142400,26,6,20
142401,32,16,16
142402,10,6,4
142403,12,5,7
142404,12,5,7
142405,12,5,7
142406,10,6,4
142407,8,6,2
142408,10,6,4
142409,26,6,20
142410,5,2,3
142411,37,27,10
142412,2,0,2
142413,20,9,11
142414,19,10,9
142415,8,2,6
142416,32,16,16
142417,32,16,16
142418,32,16,16
142419,32,16,16
142420,32,16,16
142421,32,16,16
142422,32,16,16
142423,32,16,16
142424,26,6,20
142426,28,22,6
142427,32,22,10
142428,34,24,10
142429,34,24,10
142430,3,0,3
142431,3,0,3
142432,10,4,6
142433,10,4,6
142434,34,24,10
142435,24,20,4
142436,34,6,28
142437,34,6,28
142438,58,34,24
142439,15,8,7
142440,58,34,24
142441,23,20,3
142442,17,13,4
142443,20,13,7
142444,20,13,7
142445,18,14,4
142447,37,16,21
142449,37,16,21
142450,20,5,15
142451,2,1,1
142452,2,1,1
142453,2,2,0
142454,37,16,21
142457,20,5,15
142459,17,13,4
142460,20,5,15
142461,20,5,15
142462,20,5,15
142463,20,5,15
142464,20,5,15
142465,20,5,15
142466,20,5,15
142467,20,5,15
142468,28,22,6
142478,58,34,24
142479,58,34,24
142480,58,34,24
142481,58,34,24
142482,58,34,24
142483,58,34,24
142484,58,34,24
142485,58,34,24
142487,22,6,16
142488,22,6,16
142489,5,5,0
142490,3,3,0
142491,3,3,0
142492,3,3,0
142493,5,5,0
142494,3,0,3
142495,3,0,3
142496,3,1,2
142497,6,6,0
142499,18,13,5
142500,25,17,8
142501,29,9,20
142502,3,3,0
142503,1,1,0
142504,4,2,2
142505,4,2,2
142506,29,9,20
142507,19,11,8
142508,4,2,2
142509,4,2,2
142510,19,11,8
142511,39,24,15
142512,39,24,15
142513,39,24,15
142514,39,24,15
142515,39,24,15
142516,39,24,15
142517,39,24,15
142518,38,20,18
142519,38,20,18
142520,9,0,9
142521,11,10,1
142523,11,10,1
142524,11,10,1
142525,11,10,1
142526,11,10,1
142527,7,6,1
142528,7,6,1
142529,9,6,3
142530,9,6,3
142536,24,20,4
142539,32,28,4
142540,32,28,4
142541,32,28,4
142542,32,28,4
142543,26,23,3
142544,38,18,20
142545,2,1,1
142546,38,18,20
142547,59,54,5
142548,14,14,0
142549,18,18,0
142550,18,18,0
142551,18,18,0
142552,18,18,0
142553,14,14,0
142554,12,11,1
142555,3,2,1
142556,12,12,0
142557,12,12,0
142558,38,18,20
142559,59,54,5
142560,12,5,7
142561,5,4,1
142562,23,19,4
142563,3,1,2
142564,24,20,4
142565,10,6,4
142566,59,54,5
142567,59,54,5
142568,59,54,5
142569,59,54,5
142570,59,54,5
142578,20,20,0
142579,20,19,1
142580,20,19,1
142581,20,19,1
142582,19,19,0
142583,14,3,11
142584,14,3,11
142585,12,12,0
142586,2,2,0
142587,2,2,0
142588,3,3,0
142589,16,14,2
142590,18,18,0
142597,4,1,3
142598,12,12,0
142599,12,12,0
142600,12,12,0
142601,12,12,0
142602,12,12,0
142603,12,12,0
142604,12,12,0
142605,12,12,0
142606,12,12,0
142607,12,12,0
142608,12,12,0
142609,12,12,0
142610,17,16,1
142611,16,14,2
142612,16,14,2
142613,16,14,2
142614,16,14,2
142615,16,16,0
142616,8,7,1
142617,8,7,1
142618,20,14,6
142626,8,7,1
142627,20,14,6
142628,7,1,6
142629,2,1,1
142630,15,14,1
142631,2,0,2
142632,17,16,1
142633,4,0,4
142634,20,14,6
142635,20,14,6
142636,20,14,6
142637,20,14,6
142638,2,1,1
142640,2,1,1
142641,2,1,1
142643,2,1,1
142644,17,17,0
142645,17,17,0
142646,11,11,0
142647,11,11,0
142648,68,50,18
142649,68,50,18
142650,68,50,18
142651,177,82,95
142652,177,82,95
142653,63,27,36
142654,63,27,36
142655,63,27,36
142657,63,27,36
142658,105,36,69
142659,105,36,69
142660,19,15,4
142661,40,21,19
142662,3,1,2
142663,40,21,19
142664,234,131,103
142665,88,61,27
142666,124,79,45
142667,124,79,45
142668,124,79,45
142669,124,79,45
142670,88,61,27
142671,126,54,72
142672,126,54,72
142673,167,81,86
142674,10,8,2
142675,17,13,4
142676,17,13,4
142677,17,13,4
142678,10,8,2
142679,8,7,1
142680,1,1,0
142681,126,54,72
142682,167,81,86
142683,37,15,22
142684,77,49,28
142685,88,61,27
142686,75,46,29
142687,167,81,86
142688,167,81,86
142689,167,81,86
142690,167,81,86
142691,167,81,86
142692,167,81,86
142693,167,81,86
142694,167,81,86